"country","wave","visit","surveyt","surveyprd","zone","state","lga","ea","rururb","hhid","hhsize","nfdwater","nfdelec","nfdgas","nfdfwood","nfdchar","nfdkero","nfdliqd","nfdutil","nfdcloth","nfdfmtn","nfdrepar","nfddome","nfdpetro","nfddiesl","nfdfares","nfdtrans","nfdcomm","nfdrecre","nfdtbac","nfdrnthh","nfdinsur","fdsorby","fdmilby","fdmaizby","fdriceby","fdyamby","fdcasby","fdcereby","fdbrdby","fdtubby","fdpoulby","fdmeatby","fdfishby","fddairby","fdfatsby","fdfrutby","fdvegby","fdbeanby","fdswtby","fdbevby","fdalcby","fdrestby","fdothby","fdsorpr","fdmilpr","fdmaizpr","fdricepr","fdyampr","fdcaspr","fdcerepr","fdbrdpr","fdtubpr","fdpoulpr","fdmeatpr","fdfishpr","fddairpr","fdfatspr","fdfrutpr","fdvegpr","fdbeanpr","fdswtpr","fdbevpr","fdalcpr","fdothpr","edtexp","nfdfoth","totcons","hhweight"
"NGA",3,1,"LSMS-ISA2015",2015,4,1,115,670,1,10001,5,3163.33349609375,0,0,0,0,4136.666796875,0,2920,3680,14294.7626953125,0,0,7786.66640625,0,12514.2859375,29200,5840,12000,0,48000,0,0,0,1042.85712890625,9385.7140625,5214.285546875,3650,0,3962.85720214844,3649.99990234375,27114.284375,8864.2859375,7300,3650,6152.85703125,4171.428515625,9177.1427734375,3128.571484375,521.428564453125,10532.8573974609,0,29617.142578125,6048.57141113281,0,0,0,0,0,0,0,0,0,0,0,0,0,0,0,0,0,0,0,0,0,0,851.666687011719,287571.65625,10576.583984375
"NGA",3,1,"LSMS-ISA2015",2015,4,1,115,670,1,10002,6,0,0,8516.66666666667,0,0,4055.5556640625,0,2433.33325195313,26900,23016.666015625,0,0,7097.22200520833,0,13035.71484375,0,12166.6669921875,53027.77734375,0,69963.1953125,0,0,0,1738.09521484375,7821.42838541667,0,0,0,12253.5712890625,1303.57145182292,3041.66666666667,23029.7615559896,29113.0947265625,6778.57145182292,7213.09521484375,11384.5236002604,12774.9999186198,4345.23795572917,434.523803710938,13122.6194661458,0,77779.7626953125,9298.80944824219,0,0,0,0,6146.56380208333,3299.9326171875,0,0,5214.28580729167,0,0,0,0,1738.09521484375,0,0,0,0,0,0,0,0,9733.3330078125,467778.3125,10576.583984375
"NGA",3,1,"LSMS-ISA2015",2015,4,1,115,670,1,10003,6,0,9000,0,0,0,6894.44466145833,0,2433.33325195313,3666.66666666667,10568.6513671875,0,0,8111.111328125,0,0,0,16222.2216796875,1666.66662597656,0,80483.9921875,0,0,0,1738.09521484375,7821.42838541667,0,3476.1904296875,0,5822.619140625,5214.28580729167,0,16946.4282226563,19553.572265625,3563.09521484375,4084.52376302083,10428.5714518229,16077.3810221354,3476.1904296875,869.047607421875,5561.90462239583,0,22247.6184895833,2520.23815917969,0,0,0,0,0,0,0,0,0,0,0,0,0,0,0,0,0,0,0,0,0,0,0,268448.28125,10576.583984375
"NGA",3,1,"LSMS-ISA2015",2015,4,1,115,670,1,10004,5,0,10800,0,0,0,9733.33359375,0,5840,4000,16522.380859375,0,0,12166.66640625,0,0,0,29200,12933.333984375,0,30011.953125,0,0,0,1042.85712890625,7508.57109375,0,4171.428515625,0,3650.00004882812,6257.14296875,18771.428125,32850.0013671875,21900,4067.14296875,4692.85703125,12514.2857421875,17728.5715332031,3650,1042.85712890625,6569.9998046875,0,19397.1423828125,3232.85717773438,0,0,0,0,0,0,0,0,0,0,0,0,0,0,0,0,0,0,0,0,0,0,0,300254.8125,10576.583984375
"NGA",3,1,"LSMS-ISA2015",2015,4,1,115,670,1,10005,7,0,9257.142578125,0,0,0,4692.85714285714,0,4171.4287109375,4000,8313.9453125,0,0,8690.47600446429,0,2234.69391741071,0,13904.7626953125,1285.71423339844,0,42857.14453125,0,0,0,0,4469.38783482143,0,2979.591796875,0,3426.53058733259,4469.38783482143,7076.53069196429,7448.97942243304,11173.4690290179,1638.77546037946,2420.91831752232,1489.7958984375,9460.20417131696,2607.14285714286,744.89794921875,3352.0409109933,0,8491.83677455357,1340.8163016183,0,0,0,0,0,0,0,0,0,0,0,0,0,0,0,0,0,0,0,0,0,0,43452.37890625,215450.84375,10576.583984375
"NGA",3,1,"LSMS-ISA2015",2015,4,1,115,0,1,10006,5,0,4800,0,0,0,4866.666796875,0,0,11400,8746.1904296875,0,0,12166.66640625,0,5214.285546875,0,19466.66796875,2000,0,36000,0,0,0,0,57357.14375,10428.57109375,12514.2859375,0,28678.57109375,9385.7140625,18771.428125,10428.57109375,31285.714453125,35457.142578125,28157.142578125,3128.57138671875,9698.57153320313,46928.571875,2607.1427734375,20022.8571289062,0,15642.85703125,3441.42863769531,0,0,0,0,8342.8578125,4318.309765625,0,0,0,0,0,0,0,0,0,0,0,0,0,0,0,0,36500,497755.875,10576.583984375
"NGA",3,1,"LSMS-ISA2015",2015,4,1,115,670,1,10008,7,0,6000,5214.28571428571,0,0,2085.71428571429,0,173.809524536133,9942.85714285714,14151.15625,0,0,8690.47600446429,0,13408.1629464286,0,8690.4755859375,8380.9521484375,0,53327.78515625,0,0,0,0,0,22346.9397321429,18622.4486607143,0,5959.18373325893,0,0,15270.4077845982,3724.48967633929,3724.48981584821,5214.28571428571,2979.591796875,9683.67347935268,3724.48967633929,1638.77553013393,10726.5306919643,0,42608.1626674107,4692.85724748884,0,0,0,5535.48046875,0,0,0,0,0,0,0,0,0,0,0,0,0,312.982317243304,0,0,0,0,0,286830.46875,10576.583984375
"NGA",3,1,"LSMS-ISA2015",2015,4,1,105,0,0,10009,6,648.888854980469,1300,0,0,0,4055.5556640625,0,0,50700,60249.60546875,0,0,20277.77734375,0,0,0,40555.5546875,208777.765625,0,12000,0,0,0,0,78214.2864583333,21726.1901041667,0,0,13035.7138671875,0,13035.71484375,43452.3802083333,43209.0466308594,30416.666015625,61702.3802083333,0,15121.4283040365,11297.6184895833,10602.3806966146,11123.8090820313,0,43452.3815104167,8951.19020589193,0,0,0,0,0,5038.0283203125,0,0,13060.3111979167,0,0,0,0,0,39140.0485026042,1794.22127278646,2735.57356770833,0,2433.33333333333,0,0,0,12775,880882.8125,10576.583984375
"NGA",3,1,"LSMS-ISA2015",2015,4,1,115,670,1,10010,4,0,10500,0,0,0,3041.66674804688,0,0,0,15169.642578125,0,0,24333.333984375,0,3258.92846679688,0,18250,19216.66796875,0,37514.94140625,0,0,0,0,7039.28564453125,6517.85693359375,4562.5,0,5214.28564453125,2607.14282226563,0,2607.14282226563,65178.5693359375,3650,5214.28564453125,0,17337.5003662109,3910.71435546875,651.785705566406,0,0,41714.2873535156,7169.64276123047,0,0,0,0,0,0,0,0,0,0,0,0,0,0,0,0,0,0,0,0,0,0,1216.66662597656,305876.8125,10576.583984375
"NGA",3,1,"LSMS-ISA2015",2015,4,1,104,1364,0,10011,6,1013.88891601563,2000,0,0,0,811.111083984375,0,0,3400,3638.96801757813,1216.66662597656,0,0,0,0,0,5677.77783203125,1333.33337402344,0,4384.767578125,0,0,0,0,22349.221815507,22349.221815507,4469.84436757331,0,7747.72984909379,7449.74016368804,0,14154.5060711571,0,2383.91700614447,6257.78191034632,1489.94806640767,6704.76629603957,3724.87008184402,446.984427780827,2830.90141218278,0,7002.755859375,2681.90661017001,0,0,0,0,0,0,0,0,0,0,0,0,0,0,0,0,0,0,0,0,0,0,3041.66674804688,138562.296875,11332.0537109375
"NGA",3,1,"LSMS-ISA2015",2015,4,1,104,1364,0,10012,7,695.238098144531,1714.28576660156,0,0,0,695.238071986607,0,0,228.571428571429,1745.17004394531,0,0,3476.19056919643,0,0,0,5561.9052734375,800,0,8007.9189453125,0,0,0,0,6704.08147321429,0,0,0,5288.77559988839,0,0,3352.04073660714,5959.18359375,2383.67354910714,2234.69384765625,0,2756.12248883929,1862.24483816964,223.469395228795,7151.02043805804,0,30093.8768136161,744.89794921875,0,0,0,0,0,12541.5636160714,0,0,1862.24483816964,0,0,0,0,1117.34695870536,3165.81640625,0,0,0,0,0,1002.68296595982,0,0,111368.2421875,11332.0537109375
"NGA",3,1,"LSMS-ISA2015",2015,4,1,104,1364,0,10013,8,1064.58337402344,6000,0,304.166656494141,0,3802.08325195313,0,0,1375,6230.0595703125,0,0,0,0,6517.85693359375,0,7604.1669921875,1500,0,24836.390625,0,0,0,0,5866.0712890625,0,0,0,3584.82135009766,3910.71435546875,0,9125,13687.5004882813,12775.0003662109,2933.03564453125,3910.71423339844,11601.7855834961,2281.25,651.785705566406,6061.60720825195,0,4171.42861938477,1173.21426391602,0,0,1948.31079101563,0,0,2474.94946289063,0,0,0,0,0,0,0,0,656.674011230469,0,0,0,0,0,0,0,0,146048.1875,11332.0537109375
"NGA",3,1,"LSMS-ISA2015",2015,4,1,104,1364,0,10014,2,9125,12000,0,0,0,15208.3330078125,0,0,1300,17595.23828125,0,0,0,0,13035.7138671875,0,16425,100000,0,74315.6875,0,0,0,2607.14282226563,7821.4287109375,0,5214.28564453125,0,5214.28576660156,5214.28564453125,0,23464.28515625,33892.8564453125,0,0,5214.28564453125,17467.8571777344,6517.85693359375,0,7039.28594970703,0,17989.2857666016,1303.57141113281,0,0,0,0,0,0,0,0,0,0,0,0,0,0,2607.14282226563,0,0,0,0,0,0,0,0,400572.84375,11332.0537109375
"NGA",3,1,"LSMS-ISA2015",2015,4,1,104,0,0,10015,2,4258.33349609375,3000,0,0,0,4258.33349609375,0,0,0,8777.380859375,0,0,0,0,7821.4287109375,0,9733.3330078125,40000,0,6000,0,0,0,0,0,0,5214.28564453125,0,521.428588867188,0,0,0,19553.5712890625,0,3258.92846679688,2607.14282226563,8864.28564453125,0,0,0,0,2607.14282226563,1303.57141113281,0,0,0,0,3687.93823242188,5397.88720703125,0,0,0,0,0,0,0,0,2476.78564453125,0,0,0,0,0,0,0,6083.33349609375,145425.109375,11332.0537109375
"NGA",3,1,"LSMS-ISA2015",2015,4,1,104,1364,0,10016,6,304.166656494141,5000,0,0,0,2027.77783203125,0,0,833.333333333333,7500.59521484375,0,0,8111.111328125,0,12166.6666666667,0,10138.888671875,533.333312988281,0,69932.2421875,0,0,0,0,5214.28580729167,3476.1904296875,5214.28580729167,0,4345.23803710938,2172.61897786458,0,25202.3809407552,8690.47591145833,2607.14290364583,3476.1904296875,1303.57141113281,8516.66670735677,1738.09521484375,434.523803710938,3476.19059244792,3476.1904296875,26853.5720214844,3910.71431477865,0,0,0,0,0,0,0,0,0,0,0,0,0,0,0,2691.244140625,0,0,0,0,0,0,811.111083984375,230158.796875,11332.0537109375
"NGA",3,1,"LSMS-ISA2015",2015,4,1,104,1364,0,10017,4,304.166656494141,12000,0,0,0,1825,0,0,0,4621.130859375,0,0,24333.333984375,0,5214.28564453125,0,25550,6300,0,104898.359375,0,0,0,0,9385.7138671875,6517.85693359375,7821.4287109375,0,6517.85705566406,2607.14282226563,0,11732.142578125,28678.5705566406,2607.14282226563,5866.0712890625,1303.57141113281,17728.5711669922,2607.14282226563,651.785705566406,3128.57153320313,0,10689.2858886719,8473.21429443359,0,0,0,0,0,0,0,0,0,0,0,0,0,0,5114.96606445313,5046.08251953125,0,0,0,0,0,0,1825,323348.375,11332.0537109375
"NGA",3,1,"LSMS-ISA2015",2015,4,1,104,1364,0,10018,5,1216.66674804688,7200,0,0,0,0,0,0,0,2420,0,0,0,0,0,0,1946.66662597656,1900,0,11211.0869140625,0,0,0,0,6444.47122891713,0,0,0,1074.078504331,0,0,10740.7848403789,10740.7848403789,1074.078504331,2685.19625892285,3222.23561445856,10203.7455824994,0,537.039252165501,537.039252165501,0,1074.078504331,3759.27476706316,0,0,0,0,0,8503.51906238799,0,0,1576.09336507454,0,0,0,0,0,3194.10502556085,4989.26737329103,0,0,0,0,0,0,851.666687011719,97101.8671875,11332.0537109375
"NGA",3,1,"LSMS-ISA2015",2015,4,1,104,1364,0,10019,8,760.416687011719,1500,0,0,0,988.541687011719,0,0,1087.5,4469.7919921875,0,0,0,0,0,0,2737.5,500,0,3288.57568359375,0,0,0,0,3910.71435546875,3584.82153320313,1955.35717773438,0,1433.92858886719,0,0,5540.17849731445,1303.57141113281,325.892852783203,2737.5,0,1955.35711669922,1955.35717773438,195.535720825195,130.357147216797,0,7756.25012207031,195.535720825195,0,0,0,0,0,0,0,0,0,0,0,0,0,0,0,0,0,0,0,0,0,0,3802.08325195313,52114.765625,11332.0537109375
"NGA",3,1,"LSMS-ISA2015",2015,4,1,106,880,0,10021,5,1946.66662597656,2400,0,0,0,0,0,0,1600,5441.4287109375,0,0,0,0,6257.14296875,1216.66669921875,7300,1000,0,7772.5244140625,0,0,0,0,3678.17421778176,0,0,0,12190.5199333029,0,0,9458.16205059566,3678.17421778176,2101.81381034464,0,0,0,2522.17669028148,0,0,0,5254.53442650432,0,0,0,0,0,5254.53442650432,7980.97122396331,0,0,5437.30079295658,0,0,0,0,1050.90690517232,1004.49180285785,0,0,0,0,0,0,0,4380,98926.1875,3525.52807617188
"NGA",3,1,"LSMS-ISA2015",2015,4,1,106,880,0,10022,6,405.555541992188,6000,0,0,0,405.555541992188,0,0,0,2240.07934570313,0,0,20277.77734375,0,0,2027.77783203125,14194.4443359375,1666.66662597656,0,9342.572265625,0,0,0,0,17341.1291956221,0,0,0,3853.58441186966,0,0,9633.96058148683,0,0,7707.16861413526,0,5587.69737557563,7225.47099466185,0,0,0,963.396076766907,3853.58441186966,0,0,5485.28175143613,0,14450.9419893237,14632.7640111363,0,0,2827.35788239404,9633.96058148683,0,0,2890.18832339184,3853.58430706763,10498.0783135128,7960.54858897549,0,0,0,0,0,0,0,184959.140625,3525.52807617188
"NGA",3,1,"LSMS-ISA2015",2015,4,1,106,880,0,10023,6,709.722229003906,600,0,0,0,304.166666666667,0,0,3450,1037.97619628906,0,0,1216.66666666667,0,2607.14290364583,0,2636.11108398438,1400,0,12951.9267578125,0,0,0,0,0,0,0,0,6691.66658528646,0,7821.42838541667,0,2607.14290364583,1390.47623697917,1738.09521484375,0,3128.57137044271,2172.61897786458,347.619059244792,1998.80944824219,0,38585.7151692708,2954.76196289063,0,0,0,5381.71744791667,0,0,0,0,1983.69547526042,0,0,0,0,1738.09521484375,1661.32926432292,1345.6220703125,2367.01123046875,0,0,0,434.523803710938,0,0,111262.609375,3525.52807617188
"NGA",3,1,"LSMS-ISA2015",2015,4,1,106,880,0,10024,2,1825,0,0,0,0,3041.66674804688,0,0,500,9153.5712890625,0,0,0,0,0,1216.66662597656,0,3000,0,19109.8515625,0,0,0,0,6831.30600898718,0,0,0,4098.78381423329,0,0,13662.6120179744,5465.04491161024,3552.27916305941,0,0,13116.1078719923,4372.03613136493,0,2186.01806568247,0,7377.81076532077,4098.78367525237,0,0,4667.44370134575,0,13662.6120179744,10375.8872336932,0,0,0,0,0,0,0,5465.04491161024,0,0,0,0,0,0,0,0,0,136778.53125,3525.52807617188
"NGA",3,1,"LSMS-ISA2015",2015,4,1,106,880,0,10025,5,486.666656494141,2400,0,0,0,2433.3333984375,0,0,2000,2261.42846679688,0,0,0,0,0,730,1946.66674804688,2000,0,4068.27807617188,0,0,0,1303.57138671875,5214.285546875,8342.85703125,0,0,3128.57138671875,0,0,9385.7140625,7300,1564.2857421875,3128.571484375,0,13035.7142578125,0,0,3128.571484375,0,9907.1427734375,3649.99995117188,0,0,1303.57138671875,0,0,4128.169140625,0,0,0,0,0,0,0,2085.7142578125,2289.9404296875,0,0,0,0,0,0,0,0,97223.0546875,3525.52807617188
"NGA",3,1,"LSMS-ISA2015",2015,4,1,106,880,0,10027,4,152.08332824707,3000,0,0,0,669.166687011719,0,0,500,1568.03564453125,0,0,1825,0,13035.7138671875,1520.83337402344,3041.66674804688,2500,0,6577.1513671875,0,0,0,0,5947.83068723967,0,0,0,1586.08827385642,0,0,0,8591.31102306165,0,0,0,3700.87260701581,0,264.348045642737,2907.82837926733,0,25377.4112830699,2246.95829677676,0,0,0,0,0,7401.74503092615,0,0,2715.31420262414,0,47582.6454979173,0,0,2643.48033289213,3463.34907749765,0,0,0,0,0,0,0,60.8333320617676,148879.65625,3525.52807617188
"NGA",3,1,"LSMS-ISA2015",2015,4,1,106,880,0,10028,1,608.333312988281,0,0,0,0,1825,0,0,0,608.333312988281,0,0,0,0,0,0,0,1600,0,11949.1943359375,0,0,0,0,0,7915.85446548222,0,0,0,5277.23614756106,0,0,0,0,0,0,2638.61819774997,0,0,0,0,0,0,0,0,0,0,0,0,0,0,0,0,0,21108.9445902442,0,21108.9445902442,21267.2588524008,2638.61832171942,0,0,0,0,3518.15743170737,0,3650,105714.5,3525.52807617188
"NGA",3,1,"LSMS-ISA2015",2015,4,1,106,880,0,10029,4,1216.66662597656,13035.7138671875,0,0,0,2433.33325195313,0,0,2200,531.25,0,0,3041.66674804688,0,0,0,11132.5,1000,0,4491.48583984375,0,0,0,0,124615.725043023,0,166154.299731843,0,83077.1499879919,0,0,0,114231.085488728,24923.1462683917,41538.5749329608,0,51923.2187882713,41538.5749329608,0,87231.0108488584,0,83077.1499879919,112154.15087935,0,0,133035.705270964,0,0,63225.4995267838,0,0,0,0,0,0,0,20769.2874664804,31924.1251602382,0,0,0,0,0,0,0,760.416687011719,1219261.75,3525.52807617188
"NGA",3,1,"LSMS-ISA2015",2015,4,1,106,880,0,10030,9,946.296325683594,11587.30078125,0,135.185180664063,0,675.925944010417,0,0,2222.22222222222,4877.5400390625,0,0,0,0,2896.82530381944,0,2703.70385742188,1333.33337402344,0,6737.4921875,0,0,0,0,5793.65060763889,0,0,0,289.682535807292,0,0,0,0,0,0,0,2896.82541232639,0,0,0,0,3302.380859375,289.682535807292,0,0,0,0,7242.06336805556,6599.86588541667,0,0,2644.92730034722,0,3520.75716145833,0,695.238118489583,1158.73014322917,785.5224609375,154.026326497396,0,0,0,0,0,0,1351.85192871094,70841.0234375,3525.52807617188
"NGA",3,1,"LSMS-ISA2015",2015,4,1,111,1146,1,10031,5,4866.6669921875,16800,0,0,0,6813.33359375,0,2920,1520,13550.953125,0,0,7300,0,5214.285546875,0,14600,1600,0,240000,0,0,0,0,6257.14296875,0,3650,0,3545.71435546875,6257.14296875,9385.7140625,11992.8568359375,14599.999609375,2502.8572265625,2555,8342.85703125,18875.7140625,3650,1042.85712890625,5110.00004882812,0,10845.714453125,1981.42856445313,0,0,0,0,0,0,0,0,0,0,0,0,0,0,0,0,0,0,0,0,0,0,24333.33203125,450113.5625,8385.7197265625
"NGA",3,1,"LSMS-ISA2015",2015,4,1,111,1146,1,10032,4,9125,16500,0,0,0,9125,0,9125,2850,20393.453125,0,0,0,0,6517.85693359375,0,18250,2500,0,30000,0,0,0,0,7821.4287109375,0,4562.5,0,11080.3569335938,5214.28564453125,11732.142578125,13035.7139892578,22160.7143554688,4171.42858886719,3193.75,13035.7143554688,16685.7143554688,3258.92846679688,1303.57141113281,5866.07159423828,0,15512.5,2216.07147216797,0,0,0,0,0,0,0,0,0,0,0,0,0,0,0,0,0,0,0,0,0,0,30416.666015625,295653.84375,8385.7197265625
"NGA",3,1,"LSMS-ISA2015",2015,4,1,111,1146,1,10033,2,9976.6669921875,0,0,0,0,9733.3330078125,0,14600,23800,19091.0703125,0,0,0,0,52142.85546875,0,18250,20000,0,30490.37109375,0,0,0,0,13607.5302316538,12246.7773172131,5443.01220138618,0,8164.51853699621,0,0,21772.0488055447,16329.0370739924,4354.4099638004,2177.2049819002,2721.50610069309,13879.6811710967,6531.6149457006,0,11974.6273912274,0,109404.543976257,7075.91581112918,0,0,0,0,0,0,0,0,0,0,0,0,0,0,0,0,0,0,0,0,0,0,15208.333984375,448975.0625,8385.7197265625
"NGA",3,1,"LSMS-ISA2015",2015,4,1,111,1146,1,10034,9,2027.77783203125,2666.66674804688,0,0,0,2027.77777777778,0,3244.4443359375,111.111111111111,13527.77734375,1351.85192871094,0,1351.85188802083,0,2896.82530381944,0,5407.40771484375,1333.33337402344,0,10738.0888671875,0,0,0,0,5113.46610084849,4511.88193442065,3609.50545269207,3007.92105920172,6015.84251827498,902.376363173017,0,11730.8922872214,3609.50534418512,3910.29731386779,4812.6738940547,1804.75267209256,6497.109753761,3609.50545269207,300.792111596735,721.90110239397,0,9805.82301975652,3068.07947544347,0,0,0,0,0,0,0,0,0,0,0,0,0,0,0,0,0,0,0,0,0,0,4055.5556640625,123772.8046875,8385.7197265625
"NGA",3,1,"LSMS-ISA2015",2015,4,1,111,1146,1,10035,6,648.888854980469,10000,8111.111328125,0,0,2737.5,0,202.777770996094,10766.6666666667,7795.39697265625,0,0,5677.77799479167,0,11732.1432291667,0,12166.6669921875,1866.66662597656,0,24000,0,0,0,0,5648.80924479167,5909.52408854167,7821.42838541667,0,6517.85725911458,3041.66666666667,0,16077.3805745443,11297.6188151042,3476.1904296875,17380.9529622396,3910.71427408854,8777.3808186849,2172.61897786458,1738.09521484375,25984.5237630208,0,37282.1427408854,3997.61897786458,0,0,0,0,0,0,0,0,0,0,0,0,0,0,0,0,0,182.573018391927,0,0,0,0,28333.333984375,285256.0625,8385.7197265625
"NGA",3,1,"LSMS-ISA2015",2015,4,1,111,1146,1,10036,7,0,8571.4287109375,0,0,0,5214.28571428571,0,2085.71435546875,12800,7077.92529296875,0,0,10428.5714285714,0,0,0,9733.333984375,2000,0,22285.71484375,0,0,0,0,0,9311.22433035714,7448.97935267857,0,6778.57170758929,2979.591796875,0,13408.1630859375,6331.63253348214,1191.83677455357,14153.0616629464,3352.04080636161,7970.40806361607,1489.7958984375,1638.77553013393,4767.34709821429,8938.77566964286,60932.6520647321,3575.51018415179,0,0,0,6919.35044642857,0,0,0,0,0,0,0,0,0,2234.69391741071,0,0,0,0,0,0,0,0,22942.857421875,266562.21875,8385.7197265625
"NGA",3,1,"LSMS-ISA2015",2015,4,1,111,1146,1,10037,2,6083.33349609375,4200,0,0,0,6083.33349609375,0,7300,3000,23178.572265625,0,0,0,0,7821.4287109375,0,18250,3500,0,30490.37109375,0,0,0,0,7994.81847935328,0,5329.87881915457,0,4796.89110370748,10659.7576383091,0,15989.6362262847,15989.6364704253,5596.37284566801,5862.86685921984,15989.6364704253,25849.9124342899,6662.34839863249,2664.93940957728,9593.7821463798,0,22385.4916268127,5063.38492767304,0,0,0,0,0,0,0,0,0,0,0,0,0,0,0,0,0,0,0,0,0,0,0,270336.375,8385.7197265625
"NGA",3,1,"LSMS-ISA2015",2015,4,1,111,1146,1,10038,9,270.370361328125,0,0,0,0,2703.70377604167,0,2027.77783203125,777.777777777778,1616.40209960938,0,0,6083.33333333333,0,2027.77777777778,0,3785.18530273438,1044.44445800781,0,13333.3330078125,0,0,0,0,4519.04774305556,8690.4765625,1738.09526909722,0,3997.61908637153,4634.92057291667,0,11007.9366319444,2027.77777777778,1158.73014322917,10138.8886176215,579.365071614583,11355.5555691189,2896.82530381944,579.365071614583,2085.71432834201,0,15469.0472547743,3823.80946180556,0,0,0,0,0,0,0,0,0,0,0,0,0,0,0,0,0,0,0,0,0,0,14735.185546875,133108.46875,8385.7197265625
"NGA",3,1,"LSMS-ISA2015",2015,4,4,410,0,0,10039,3,0,0,0,0,0,10138.888671875,0,0,0,4838.888671875,0,0,0,0,8690.47591145833,0,8111.111328125,6666.66650390625,0,376319,0,0,0,0,0,0,0,0,3639.56476472032,7279.12952944064,0,18197.8234849388,8189.02063595503,0,3639.56476472032,5459.34731641187,12738.4768458525,0,0,3639.56476472032,0,5459.34731641187,6551.21638381247,0,0,0,12779.0439397327,5148.35240462054,3290.23174119147,0,2753.61795126675,12051.7674113205,0,0,10918.6946328237,0,9224.5358446482,2129.74749959961,4731.4342521639,6782.20555636924,0,0,0,12576.5177855158,0,2838.88891601563,574783.125,8385.7197265625
"NGA",3,1,"LSMS-ISA2015",2015,4,1,111,1146,1,10040,1,0,42000,0,0,0,6083.33349609375,0,18250,2400,55188.57421875,0,0,77866.6640625,0,0,0,68133.3359375,67833.328125,0,120000,0,0,0,0,12514.2861328125,13035.7138671875,5214.28564453125,0,15642.8569335938,10428.5712890625,0,112107.139648438,104285.7109375,10428.5712890625,10428.5712890625,2607.14282226563,39107.1418457031,0,10428.5712890625,2607.14282226563,0,232035.70703125,18249.9997558594,0,0,0,0,0,0,0,0,0,0,0,0,0,0,0,0,0,1095.43811035156,0,0,0,0,127141.6640625,1185113.625,8385.7197265625
"NGA",3,1,"LSMS-ISA2015",2015,4,1,102,536,1,10041,6,405.555541992188,3600,0,0,0,3041.66666666667,0,405.555541992188,9266.66666666667,15034.9208984375,0,0,16222.22265625,0,17380.9518229167,0,4461.11083984375,29997.220703125,0,16107.1328125,0,0,0,0,52142.859375,2607.14290364583,5214.28580729167,0,8082.14290364583,3910.71419270833,0,14339.2862955729,12166.6666666667,3476.1904296875,6952.380859375,1738.09521484375,10689.2856445313,2172.61897786458,521.428588867188,13991.666788737,13904.76171875,76910.71484375,3215.47625732422,0,0,0,0,0,0,3910.71419270833,0,0,0,0,0,0,0,0,0,0,0,0,0,0,0,0,351869.4375,9065.6435546875
"NGA",3,1,"LSMS-ISA2015",2015,6,24,2418,0,1,10042,3,0,3200,0,0,0,2027.77783203125,0,811.111083984375,4000,5680.95263671875,0,0,10138.888671875,0,31285.7135416667,0,36500,0,0,12000,0,0,0,0,5214.28580729167,10428.5716145833,3476.1904296875,0,26071.4285481771,0,12166.6666666667,10428.5716145833,0,0,3476.1904296875,3476.1904296875,12166.6665039063,3302.380859375,0,0,0,109499.998535156,0,0,0,0,0,0,0,0,0,0,0,0,0,0,0,0,0,0,0,0,0,0,0,12166.6669921875,317518.25,9065.6435546875
"NGA",3,1,"LSMS-ISA2015",2015,4,1,102,536,1,10043,6,608.333312988281,4000,0,0,0,3041.66666666667,0,405.555541992188,7733.33333333333,7609.24609375,0,0,12166.6666666667,0,4866.66666666667,0,12572.22265625,11605.5546875,0,25009.9609375,0,0,0,0,5214.28580729167,7821.42838541667,12166.6666666667,0,10863.0952148438,0,0,0,8690.47623697917,1738.09521484375,13035.7139485677,1303.57145182292,9559.52376302083,3041.66666666667,1911.90478515625,7821.42858886719,0,52577.3805338542,4171.42869059245,0,0,0,0,0,0,0,0,0,0,0,0,0,0,0,0,0,0,0,0,0,0,811.111083984375,230347.015625,9065.6435546875
"NGA",3,1,"LSMS-ISA2015",2015,4,1,102,536,1,10044,7,260.714294433594,1028.57141113281,0,0,0,3476.19056919643,0,2607.14282226563,200,2323.29931640625,0,0,0,0,0,0,3476.19067382813,1142.85717773438,0,5142.85693359375,0,0,0,0,1787.75516183036,0,2234.69391741071,0,3724.48974609375,1489.7958984375,0,6704.08147321429,5214.28571428571,595.918387276786,4022.44900948661,4096.93875558036,3426.53058733259,3352.04073660714,372.448974609375,1489.7958984375,0,5959.18373325893,4022.44900948661,0,0,0,0,0,0,0,0,0,0,0,0,0,0,0,0,0,0,0,0,0,0,5214.28564453125,73364.9765625,9065.6435546875
"NGA",3,1,"LSMS-ISA2015",2015,4,1,102,536,1,10045,3,4866.66650390625,0,0,0,0,6894.44466145833,0,4866.66650390625,10533.3333333333,22100,2027.77783203125,0,6083.33333333333,0,31285.7135416667,0,11761.1123046875,2333.33325195313,0,56056.47265625,0,0,0,0,16119.3911098507,9402.97800772435,8059.69555492534,0,8865.66517468278,10746.260647613,0,51044.7397159304,9402.97800772435,4298.50438925352,21223.8649397403,7253.72616294762,16119.3907843299,8059.69555492534,0,22567.147693731,0,76567.1066530251,14776.108722071,0,0,0,0,0,0,0,0,0,0,0,0,0,0,0,0,0,0,0,0,0,0,7300,450616.125,9065.6435546875
"NGA",3,1,"LSMS-ISA2015",2015,4,1,102,536,1,10046,5,365,6360,0,0,0,3406.666796875,0,3650,1560,3641.28588867188,0,0,5840,0,12514.2859375,211700,6326.6669921875,1600,0,30011.953125,0,0,0,0,7508.57109375,5214.285546875,3128.571484375,0,4171.428515625,3128.571484375,0,10428.5711914063,17728.57109375,2502.85712890625,6257.14296875,1564.28569335938,13765.7142578125,2085.7142578125,521.428564453125,3441.42846679688,4171.428515625,23255.7134765625,3128.57138671875,0,0,0,0,0,0,0,0,0,0,0,0,0,0,0,0,0,0,0,0,0,0,851.666687011719,399830.34375,9065.6435546875
"NGA",3,1,"LSMS-ISA2015",2015,4,1,102,536,1,10047,7,2607.14282226563,0,0,0,0,2607.14285714286,0,2085.71435546875,2971.42857142857,11648.6396484375,0,0,0,0,4469.38783482143,0,2085.71435546875,1142.85717773438,0,10285.7138671875,0,0,0,744.89794921875,6704.08147321429,4841.83649553571,2234.69391741071,0,3352.04077148438,2979.591796875,0,6704.08147321429,6331.63253348214,3128.57142857143,4618.36732700893,2756.12241908482,4990.81633649554,2234.69391741071,0,7076.53076171875,0,32030.6124441964,3352.04082380022,0,0,0,0,0,0,0,268.163260323661,0,0,0,0,0,0,744.89794921875,0,0,0,0,0,0,0,0,134997.40625,9065.6435546875
"NGA",3,1,"LSMS-ISA2015",2015,4,1,102,536,1,10048,6,2433.33325195313,2000,0,0,0,2636.11116536458,0,2433.33325195313,3733.33333333333,9724.8017578125,0,0,0,0,6083.33333333333,0,4866.66650390625,5333.33349609375,0,6000,0,0,0,903.614643393446,8132.53169547231,4066.26584773616,3614.45857357378,0,7048.19434061426,3614.45857357378,0,7680.72476051926,4969.88074895872,4518.07313558702,4969.8804911296,1807.22928678689,7951.80892962911,2710.84401156055,451.807321696723,10030.1229011841,0,19879.522670314,3704.8200785657,0,0,0,0,0,0,0,0,0,0,0,0,0,0,0,0,0,0,0,0,0,0,9125,150423.484375,9065.6435546875
"NGA",3,1,"LSMS-ISA2015",2015,4,1,102,536,1,10049,1,9733.3330078125,6000,0,0,0,9733.3330078125,0,3041.66674804688,4000,33642.859375,0,0,0,0,7821.4287109375,0,24333.333984375,2200,0,30000,0,0,0,0,18771.427734375,0,10428.5712890625,0,9385.71447753906,0,0,26071.427734375,28678.5712890625,9907.14282226563,12253.5712890625,5214.28564453125,30242.8569335938,13035.7138671875,2607.14282226563,18771.4291992188,0,21900,9385.71411132813,0,0,0,0,0,0,0,0,0,0,0,0,0,0,0,0,0,0,0,0,0,0,24333.333984375,371492.875,9065.6435546875
"NGA",3,1,"LSMS-ISA2015",2015,4,1,102,536,1,10050,1,14600,5400,0,0,0,8516.6669921875,0,2433.33325195313,3400,49442.859375,0,0,0,0,62571.4296875,0,24333.333984375,3000,0,24000,0,0,0,0,15642.857421875,0,13035.7138671875,0,8864.28588867188,10428.5712890625,0,23464.28515625,57357.142578125,6778.5712890625,11732.142578125,5214.28564453125,32328.5710449219,7821.4287109375,2607.14282226563,19814.2863769531,0,54749.9995117188,8082.14270019531,0,0,0,0,0,0,0,0,0,0,0,0,0,0,0,0,0,0,0,0,0,0,24333.333984375,499952.4375,9065.6435546875
"NGA",3,1,"LSMS-ISA2015",2015,4,1,102,1690,1,10051,4,973.333312988281,6000,0,0,0,12166.6669921875,0,608.333312988281,2200,7236.78564453125,0,0,9125,0,7821.4287109375,0,8516.6669921875,2200,0,12000,0,0,0,0,8603.5712890625,3128.57153320313,4432.14306640625,0,5996.42852783203,2607.14282226563,0,6517.85693359375,4562.5,1564.28576660156,4562.5,1303.57141113281,8603.57122802734,3258.92846679688,782.142883300781,10558.9288330078,0,29330.3570556641,651.785705566406,0,0,0,0,0,0,0,0,0,0,0,0,0,0,0,0,0,0,0,0,0,0,9125,174437.5,5439.38623046875
"NGA",3,1,"LSMS-ISA2015",2015,4,1,102,1690,1,10052,6,648.888854980469,4000,0,0,0,6083.33333333333,0,405.555541992188,3200,9414.9208984375,0,0,8111.111328125,0,6604.76171875,0,8111.111328125,16788.888671875,0,6000,0,0,0,0,5214.28580729167,0,3650,0,2433.33333333333,1738.09521484375,0,4345.23795572917,4345.23811848958,2085.71435546875,5214.28564453125,3910.71423339844,3736.90478515625,0,869.047607421875,8342.857421875,4345.23795572917,57096.4280598958,3563.09509277344,0,0,0,0,0,0,0,0,0,0,0,0,0,0,0,0,0,0,0,0,0,0,7908.33349609375,188167.375,5439.38623046875
"NGA",3,1,"LSMS-ISA2015",2015,4,1,102,1690,1,10053,2,0,21000,0,0,0,10341.6669921875,0,7300,3300,19386.90625,0,0,0,0,11732.142578125,0,0,5000,0,48321.3984375,0,0,0,0,7821.4287109375,0,7821.4287109375,0,4432.14294433594,10428.5712890625,0,13035.7138671875,19553.5708007813,3389.28564453125,6387.5,5214.28564453125,24246.4283447266,6517.85693359375,0,10167.8574829102,0,24507.1430664063,4953.57141113281,0,0,0,0,0,0,0,0,0,0,0,0,0,0,0,0,0,0,0,0,0,0,0,274858.90625,5439.38623046875
"NGA",3,1,"LSMS-ISA2015",2015,4,1,102,1690,1,10054,5,4866.6669921875,10800,0,0,0,7300,0,2920,4520,14048.095703125,0,0,0,0,3128.571484375,0,19466.66796875,1600,0,36000,0,0,0,0,6257.14296875,0,4171.428515625,0,5422.85703125,6257.14296875,0,10949.9998046875,21900,2294.28564453125,4901.428515625,4171.428515625,13765.7143554688,3650,1042.85712890625,4588.57158203125,0,22734.2859375,1772.85717773438,0,0,0,0,0,0,0,0,0,0,0,0,0,0,0,0,0,0,0,0,0,0,36500,255030.015625,5439.38623046875
"NGA",3,1,"LSMS-ISA2015",2015,4,1,102,1690,1,10055,5,4380,6648,0,11193.33359375,0,2530.6666015625,0,3163.33349609375,1280,8001.90478515625,0,0,36500,0,52142.85625,0,14600,68500,0,12000,0,0,0,0,9385.7140625,7300,3128.571484375,0,2085.7142578125,5214.285546875,0,5214.285546875,11471.428515625,1042.85712890625,4588.571484375,9385.71416015625,16060.0000976563,5214.285546875,521.428564453125,1042.85712890625,0,25028.571484375,1042.85712890625,0,0,0,0,0,0,0,0,0,0,0,0,0,0,0,0,0,0,0,0,521.428564453125,0,15330,344518.6875,5439.38623046875
"NGA",3,1,"LSMS-ISA2015",2015,4,1,102,1690,1,10056,3,608.333312988281,9920,0,0,0,2433.33333333333,0,6083.33349609375,3066.66666666667,5269.92041015625,0,0,0,0,26071.4296875,0,4866.66650390625,2533.33325195313,0,13583.6103515625,0,0,0,1738.09521484375,8342.857421875,6952.380859375,5214.28580729167,0,6952.380859375,3476.1904296875,0,19119.0472005208,26071.4283854167,2433.33333333333,8516.66674804688,5214.28564453125,17380.9523111979,3476.1904296875,1738.09521484375,6778.57153320313,0,60659.5239257813,5214.28564453125,0,0,0,0,0,0,0,0,0,0,0,0,0,0,0,0,0,0,0,0,0,0,7502.77783203125,271217.96875,5439.38623046875
"NGA",3,1,"LSMS-ISA2015",2015,4,1,102,1690,1,10057,6,202.777770996094,5080,0,608.333333333333,0,811.111083984375,0,0,800,2134.126953125,0,0,0,0,16511.9049479167,0,5677.77783203125,916.666687011719,0,25009.9609375,0,0,0,0,9385.71419270833,0,1738.09521484375,0,2172.61897786458,5214.28580729167,0,6083.33333333333,4345.23803710938,1042.85717773438,2172.61905924479,869.047607421875,9559.52384440104,4345.23795572917,434.523803710938,1216.66666666667,0,23638.0948079427,4345.23807779948,0,0,0,0,0,0,0,0,0,0,0,0,0,0,0,0,0,0,0,0,0,0,1216.66674804688,135532.421875,5439.38623046875
"NGA",3,1,"LSMS-ISA2015",2015,4,1,102,1690,1,10058,3,2433.33325195313,0,0,0,0,4866.66666666667,0,9733.3330078125,1666.66666666667,12072.22265625,0,0,0,0,3476.1904296875,0,6894.44482421875,10000,0,32214.265625,0,0,0,1738.09521484375,0,4345.23795572917,0,8690.47591145833,4345.23803710938,5214.28580729167,0,15642.8567708333,11297.6188151042,7821.42838541667,7300,5214.28564453125,14252.3811848958,6257.142578125,0,9385.71419270833,0,19640.4759114583,6430.95251464844,0,0,0,10763.4348958333,0,1042.85717773438,0,312.857137044271,0,0,0,0,0,0,0,869.047607421875,0,0,0,0,0,0,10138.888671875,234060.390625,5439.38623046875
"NGA",3,1,"LSMS-ISA2015",2015,4,1,102,1690,1,10059,3,2027.77783203125,0,0,0,0,811.111083984375,0,9733.3330078125,5333.33333333333,15033.3330078125,0,0,0,0,10428.5716145833,0,8111.111328125,666.666687011719,0,13583.6103515625,0,0,0,869.047607421875,4171.4287109375,0,0,0,6257.14282226563,0,0,0,4345.23795572917,1390.47623697917,3476.1904296875,1738.09521484375,4345.23803710938,3128.5712890625,0,8169.0478922526,0,48492.8567708333,2259.52380371094,0,0,0,0,0,0,0,0,0,0,0,0,0,0,0,0,0,0,0,0,0,0,6083.33349609375,160455.046875,5439.38623046875
"NGA",3,1,"LSMS-ISA2015",2015,4,1,102,1690,1,10060,4,4562.5,4500,0,0,0,7604.16650390625,0,730,3850,11735.119140625,0,0,0,0,3910.71435546875,0,9733.333984375,1750,0,9000,0,0,0,0,7821.4287109375,0,5214.28564453125,0,2216.07147216797,2607.14282226563,0,13035.7139892578,10428.5715332031,2867.85705566406,6387.5,5214.28564453125,11210.7142944336,4562.5,1303.57141113281,5735.71447753906,0,10428.5711669922,4953.57141113281,0,0,0,0,0,0,0,0,0,0,0,0,0,0,0,0,0,0,0,0,0,0,9125,160488.3125,5439.38623046875
"NGA",3,1,"LSMS-ISA2015",2015,4,1,107,1044,0,10061,8,76.0416641235352,1500,0,0,0,760.416687011719,0,0,0,743.184509277344,0,0,4562.5,0,0,0,2129.16674804688,1350,0,4777.462890625,0,0,0,0,3128.57153320313,0,0,0,2085.71429443359,0,0,0,1303.57141113281,0,1303.57141113281,0,2216.07138061523,3258.92846679688,0,0,0,1433.92858886719,2281.24996948242,0,0,0,0,6517.85693359375,14849.6982421875,0,0,1912.84924316406,0,0,0,0,1552.55352783203,2821.30102539063,2523.04125976563,0,0,0,0,0,0,380.208343505859,63467.88671875,4759.462890625
"NGA",3,1,"LSMS-ISA2015",2015,4,1,107,1044,0,10062,3,202.777770996094,4000,0,0,0,1216.66666666667,0,0,0,4140.15869140625,0,0,8111.111328125,0,12166.6666666667,1622.22216796875,8111.111328125,400,0,5740.7734375,0,0,0,0,4171.4287109375,0,0,0,1216.66666666667,0,0,8690.47591145833,0,0,869.047607421875,0,4345.23811848958,0,173.809529622396,1042.85717773438,0,19119.0480143229,5735.71427408854,0,0,0,0,0,13199.73046875,0,0,0,0,0,0,0,3476.1904296875,13938.9029947917,0,0,0,0,0,0,0,0,121690.5859375,4759.462890625
"NGA",3,1,"LSMS-ISA2015",2015,4,1,107,1044,0,10063,4,1520.83337402344,3000,0,0,0,3041.66674804688,0,0,0,3943.45239257813,1520.83337402344,0,7604.16650390625,0,6517.85693359375,0,0,1250,0,6577.1513671875,0,0,0,0,11732.142578125,0,0,0,6648.21417236328,0,0,0,14339.2856445313,2607.14282226563,0,0,7560.71423339844,3910.71435546875,1303.57141113281,1564.28576660156,0,9776.78564453125,2607.14282226563,0,0,0,0,13035.7138671875,4048.4150390625,0,0,6517.85693359375,0,0,0,0,2607.14282226563,0,1661.00225830078,0,0,0,0,0,0,15208.3330078125,140104.40625,4759.462890625
"NGA",3,1,"LSMS-ISA2015",2015,4,1,107,1044,0,10064,6,709.722229003906,2000,0,0,0,0,0,0,700,644.642883300781,0,0,0,0,7821.42838541667,0,1216.66662597656,333.333343505859,0,9342.572265625,0,0,0,0,9596.41364424759,0,0,0,383.856572789383,0,0,6717.48976745092,4798.20698488421,0,4318.3861936286,0,2974.88835162618,2878.92425523027,0,2303.13942350811,0,2974.88831093608,479.820692334629,0,0,0,0,6787.3116842136,21794.0133949359,0,2536.79093192858,4380.97121638684,0,0,0,0,2303.13942350811,0,0,0,0,0,0,0,0,0,97996.6015625,4759.462890625
"NGA",3,1,"LSMS-ISA2015",2015,4,1,102,0,1,10065,5,2433.33349609375,1320,0,0,0,4866.666796875,0,0,2400,6059.52392578125,0,0,0,0,14600,0,14600,2480,0,12000,0,0,0,0,7508.57109375,0,4171.428515625,0,521.428564453125,0,0,1042.85712890625,15642.8578125,3962.85703125,4223.57138671875,6465.71435546875,11262.8572753906,3128.571484375,625.714306640625,2085.71435546875,0,5214.28564453125,4380.00012207031,0,0,260.714282226562,0,0,0,0,0,2085.7142578125,0,0,0,0,0,2101.3568359375,0,0,0,0,0,0,0,12166.666015625,147610.40625,4759.462890625
"NGA",3,1,"LSMS-ISA2015",2015,4,1,107,1044,0,10066,6,405.555541992188,2000,0,0,0,1013.88891601563,0,0,2400,7148.41259765625,0,0,0,0,0,608.333333333333,14194.4443359375,1000,0,9342.572265625,0,0,0,0,3041.66666666667,0,0,0,3041.66670735677,0,0,6083.33333333333,3910.71419270833,1042.85717773438,0,0,4258.33325195313,1738.09521484375,1042.85717773438,3389.28582763672,0,11645.23828125,1303.57141113281,0,0,1648.19384765625,0,0,3299.9326171875,0,0,3967.39095052083,0,0,0,0,1738.09521484375,14885.5436197917,0,0,0,0,0,0,0,0,104149.984375,4759.462890625
"NGA",3,1,"LSMS-ISA2015",2015,4,1,107,1044,0,10067,5,0,2400,0,0,0,1216.66669921875,0,0,1840,5851.4287109375,0,0,2433.3333984375,0,20857.1421875,730,9733.333984375,1000,0,11211.0869140625,0,0,0,0,6745.59098468823,0,0,0,4159.78109807239,0,0,8994.12107184506,1349.11822517373,3035.51597134579,0,0,8881.69460576968,1686.39774617206,1124.26513398063,4497.06073123503,0,8319.56204966041,1686.39769734393,0,0,2985.11792659224,0,25153.2912017003,4269.04020341299,0,0,7772.09261871707,0,0,0,0,2248.53026796127,12411.3512915534,2248.5300581407,0,0,0,0,0,0,0,164840.453125,4759.462890625
"NGA",3,1,"LSMS-ISA2015",2015,4,1,107,1044,0,10068,4,608.333312988281,3000,0,0,0,1520.83337402344,0,0,3600,7920.23828125,0,0,3041.66674804688,0,13035.7138671875,912.5,18250,1250,0,38674.4296875,0,0,0,0,7821.4287109375,0,0,0,4562.50006103516,5214.28564453125,0,10428.5712890625,11732.142578125,3650.00012207031,0,0,8733.92852783203,3258.92846679688,1564.28576660156,4041.0715637207,0,10298.2144775391,3258.92852783203,0,0,3461.20703125,0,0,4949.89892578125,0,0,0,0,0,0,0,2607.14282226563,0,0,0,0,0,0,0,0,0,177396.25,4759.462890625
"NGA",3,1,"LSMS-ISA2015",2015,4,1,107,1044,0,10069,12,304.166656494141,1000,0,0,0,101.388885498047,0,0,333.333333333333,820.65478515625,0,0,405.555541992188,0,5214.28580729167,0,1115.27783203125,1000,0,4671.2861328125,0,0,0,0,4562.5,6517.857421875,0,0,3867.26184082031,0,0,6952.380859375,1955.35709635417,869.047607421875,869.047607421875,0,1998.80954996745,1738.09521484375,217.261901855469,1651.1904296875,0,4519.04760742188,0,0,0,0,2421.7724609375,0,5268.75398763021,0,0,3476.1904296875,0,0,0,0,2259.52380371094,1582.908203125,0,0,0,0,0,2917.5171101888,0,0,68610.46875,4759.462890625
"NGA",3,1,"LSMS-ISA2015",2015,4,1,107,0,0,10070,5,2433.33349609375,1200,0,0,0,1460,0,0,5600,14812.8564453125,0,0,0,0,36500,0,24333.33203125,4000,0,11211.0869140625,0,0,0,0,43800,0,0,0,8342.85747070313,0,0,16685.7137695312,10428.57109375,3754.285546875,2607.1427734375,4171.428515625,14078.5712402344,6257.14296875,0,6465.71435546875,0,8864.28564453125,4484.28576660156,0,0,0,0,0,7919.83828125,0,0,10113.74765625,15642.8578125,0,33632.140625,0,2920,5522.019140625,1574.622265625,0,0,0,0,0,0,1216.66674804688,310032.53125,4759.462890625
"NGA",3,1,"LSMS-ISA2015",2015,4,1,117,560,0,10071,5,0,0,0,0,0,1703.3333984375,0,0,2100,9219.76171875,0,0,0,0,7300,0,2433.33349609375,0,0,7110.3623046875,0,0,0,0,4171.428515625,0,0,0,4797.14282226563,0,0,8342.85703125,4171.428515625,834.2857421875,2607.1427734375,0,2920,3128.571484375,0,938.571459960938,0,3545.7142578125,3858.57141113281,0,0,0,0,5214.285546875,6303.2189453125,0,0,1042.85712890625,0,0,0,0,2085.7142578125,990.7142578125,807.3732421875,0,0,0,0,0,0,1946.66662597656,87573.328125,5892.66796875
"NGA",3,1,"LSMS-ISA2015",2015,4,1,117,560,0,10072,9,0,0,0,0,0,946.296332465278,0,0,3377.77777777778,4917.46044921875,0,0,4731.48133680556,0,869.047634548611,0,8111.111328125,1333.33337402344,0,1817.39501953125,0,0,0,579.365071614583,3476.19053819444,0,0,0,2143.65082465278,0,0,5793.65066189236,5793.65082465278,1680.15869140625,2780.95236545139,2896.82535807292,6604.76188151042,2027.77777777778,579.365071614583,2549.20643446181,0,8342.85720486111,1911.90475802951,0,0,0,0,0,3299.93294270833,0,0,1549.17176649306,0,0,0,0,0,0,0,0,0,0,0,0,0,0,78113.328125,5892.66796875
"NGA",3,1,"LSMS-ISA2015",2015,4,1,117,560,0,10073,2,0,0,0,0,0,851.666687011719,0,0,4900,741.428588867188,0,0,0,0,6517.85693359375,0,7300,1800,0,6060.15283203125,0,0,0,0,9385.7138671875,4171.4287109375,0,0,6517.85705566406,0,0,0,8342.85717773438,2085.71435546875,3910.71435546875,0,7039.28570556641,3910.71435546875,521.428588867188,2346.42858886719,0,46928.5712890625,13557.142578125,0,0,0,0,0,15152.5478515625,0,0,6517.85693359375,0,0,0,0,0,6331.6328125,0,0,0,0,0,651.785705566406,0,0,165542.796875,5892.66796875
"NGA",3,1,"LSMS-ISA2015",2015,4,1,117,560,0,10074,5,0,0,0,0,0,1946.6666015625,0,0,2040,2479.90478515625,0,0,6326.666796875,0,0,0,2433.33349609375,1600,0,19868.25,0,0,0,0,0,2607.1427734375,0,0,2085.7142578125,0,0,0,6257.1427734375,1668.571484375,2294.2857421875,0,4797.14287109375,0,521.428564453125,1668.571484375,0,26279.999609375,521.428564453125,0,0,0,5166.448046875,0,10489.4890625,0,0,2788.5091796875,0,0,0,0,0,1688.435546875,0,0,0,0,0,0,0,0,105529.1328125,5892.66796875
"NGA",3,1,"LSMS-ISA2015",2015,4,1,117,560,0,10075,3,0,0,0,0,0,2636.11116536458,0,0,2866.66666666667,11177.77734375,0,0,2838.88899739583,0,8690.47591145833,0,5677.77783203125,2333.33325195313,0,8048.8515625,0,0,0,0,7300,7821.42838541667,0,0,3476.19051106771,3476.1904296875,0,0,16511.904296875,1390.47623697917,9211.90462239583,0,12688.095296224,4345.23795572917,0,3128.57153320313,0,7647.61897786458,7473.80944824219,0,0,0,0,0,3476.1904296875,0,0,1738.09521484375,0,0,0,0,0,0,0,0,0,0,0,0,0,6083.33349609375,140038.921875,5892.66796875
"NGA",3,1,"LSMS-ISA2015",2015,4,1,117,560,0,10076,1,608.333312988281,0,0,0,0,1825,0,0,0,2825,0,0,0,0,0,0,3650,1000,0,12053.771484375,0,0,0,0,0,29295.6053804764,5859.12116139507,0,43943.4101474041,0,0,0,23436.4846455803,0,5859.12116139507,0,15233.715178468,0,0,0,0,8788.68201712437,8788.68177298374,0,0,0,0,0,0,0,0,0,0,0,0,0,0,9486.19732503555,0,0,0,0,0,0,0,0,172653.125,5892.66796875
"NGA",3,1,"LSMS-ISA2015",2015,4,1,117,560,0,10077,1,1216.66662597656,31200,0,0,0,5475,0,0,0,10188.095703125,0,0,8516.6669921875,0,36500,0,12166.6669921875,3000,0,207330.46875,0,0,0,0,18771.427734375,7821.4287109375,5214.28564453125,0,14078.5712890625,0,0,46928.5703125,52142.85546875,0,11471.4287109375,0,29721.4282226563,5214.28564453125,0,12514.2854003906,0,143392.854980469,5214.28564453125,0,0,0,0,0,0,0,0,0,0,0,0,0,0,8442.177734375,0,0,0,0,0,0,0,0,676521.375,5892.66796875
"NGA",3,1,"LSMS-ISA2015",2015,4,1,117,560,0,10078,6,0,0,0,0,0,405.555541992188,0,0,0,723.015869140625,0,0,0,0,2607.14290364583,0,0,900,0,2992.36547851563,0,0,0,0,3128.5712890625,0,0,0,1825,0,0,5214.28580729167,1738.09521484375,0,2780.95239257813,0,4345.23813883464,2607.14290364583,0,1042.85717773438,0,4345.23795572917,2259.52376302083,0,0,0,0,0,7027.02425130208,0,0,2550.46565755208,0,0,0,0,0,12939.1875813802,0,0,0,0,0,217.261901855469,0,0,59648.92578125,5892.66796875
"NGA",3,1,"LSMS-ISA2015",2015,4,1,117,560,0,10079,2,0,0,0,0,0,4258.33349609375,0,0,0,14023.8095703125,0,0,12166.6669921875,0,6517.85693359375,0,36500,2000,0,12267.462890625,0,0,0,0,7821.4287109375,0,0,0,4692.85723876953,10428.5712890625,0,14339.2854003906,27375.0009765625,8603.57153320313,3389.28564453125,13035.7141113281,20596.4283447266,5214.28564453125,2607.14282226563,5996.42877197266,0,21900.0002441406,4692.85705566406,0,0,0,0,0,5160.21142578125,0,0,0,0,0,0,0,2607.14282226563,0,0,0,0,0,0,0,0,0,246194.375,5892.66796875
"NGA",3,1,"LSMS-ISA2015",2015,4,1,117,560,0,10080,2,0,0,0,0,0,1216.66662597656,0,0,3150,12078.5712890625,0,0,0,0,18250,0,4866.66650390625,3000,0,12073.27734375,0,0,0,0,9385.7138671875,9125,0,0,4432.14294433594,0,0,22160.71484375,5214.28564453125,2085.71435546875,11732.142578125,2607.14282226563,15121.4285888672,4692.85693359375,0,3389.28576660156,0,6778.57153320313,6517.85723876953,0,0,0,0,0,4171.4287109375,0,0,7963.12133789063,0,0,0,0,0,3677.93359375,2607.142578125,0,0,0,0,0,0,9125,185422.6875,5892.66796875
"NGA",3,1,"LSMS-ISA2015",2015,4,1,110,76,0,10081,1,0,31200,0,0,0,1825,0,0,0,700,0,0,0,0,0,0,0,2400,0,17222.3203125,0,0,0,0,10173.7358216791,0,0,0,3391.24555459823,0,0,0,13564.9822183929,1130.4151802955,5652.07564362518,0,10173.7362427369,0,1130.4151802955,565.207590147752,0,0,12717.1701844449,0,0,0,0,9993.94143292542,9043.32144236403,0,0,0,0,0,0,0,0,0,17503.2015832911,0,0,0,0,0,0,0,148386.75,8310.1728515625
"NGA",3,1,"LSMS-ISA2015",2015,4,1,110,76,0,10082,1,0,0,0,0,0,0,0,0,0,2138.09521484375,0,0,0,0,0,0,0,3000,0,9766.9638671875,0,0,0,0,17617.1609694188,15855.444405199,0,0,0,0,0,0,35234.3219388375,0,0,0,22021.4516475464,22021.4508223752,0,0,0,1761.71617482153,14093.7292765019,0,0,0,0,0,17617.1609694188,0,0,0,0,0,0,0,17617.1609694188,0,27278.184761162,0,0,0,0,0,0,0,206022.84375,8310.1728515625
"NGA",3,1,"LSMS-ISA2015",2015,4,1,110,0,1,10083,6,1216.66662597656,2200,0,0,0,3447.22233072917,0,608.333312988281,2933.33333333333,7555.15869140625,0,0,0,0,2607.14290364583,0,4866.66650390625,1333.33337402344,0,12000,0,0,0,0,5214.28580729167,0,3476.1904296875,0,3041.66670735677,0,0,5214.28556315104,7821.42838541667,1651.1904703776,1955.35709635417,5214.28564453125,8516.66658528646,2607.14290364583,869.047607421875,3476.19059244792,0,7126.1904703776,1998.80948893229,0,0,0,0,0,0,0,0,0,0,0,0,0,0,0,0,0,0,0,0,0,0,12166.6669921875,109117.265625,8310.1728515625
"NGA",3,1,"LSMS-ISA2015",2015,4,1,110,76,0,10084,4,0,3000,0,1825,0,243.33332824707,0,0,3450,727.857177734375,0,0,0,0,0,0,1825,1500,0,3000,0,0,0,1353.92725496736,8123.56379251624,4061.78189625812,13539.272305533,0,3520.21084035823,0,0,0,6905.02917945353,0,4061.78176490209,1760.10548585713,4197.17458991222,5415.70901986946,0,2437.06898198478,0,7852.77800185424,3790.99630727302,0,0,0,0,0,0,0,0,0,0,0,0,0,0,0,0,0,0,0,0,0,0,3041.66674804688,85632.2578125,8310.1728515625
"NGA",3,1,"LSMS-ISA2015",2015,4,1,110,76,0,10085,2,0,3000,0,0,0,912.5,0,0,0,1401.66662597656,0,0,0,0,15642.857421875,0,0,2100,0,3054.5478515625,0,0,0,0,10530.9041033497,0,0,0,5850.50256446945,0,0,0,10238.3793677467,0,9360.804054323,0,7313.12820359139,5265.45205167485,0,0,0,7313.12790240646,3510.30148985355,0,0,0,0,20689.5952963396,8190.70351701505,0,0,0,0,0,0,0,0,48913.5931213224,0,0,0,0,0,3635.66944816165,0,0,166923.75,8310.1728515625
"NGA",3,1,"LSMS-ISA2015",2015,4,1,110,76,0,10086,2,0,12000,0,0,0,3041.66674804688,0,0,2150,3490.47607421875,0,0,0,0,2607.14282226563,0,0,3000,0,13154.302734375,0,0,0,0,15642.857421875,0,0,0,4953.57153320313,0,0,11732.142578125,26071.4287109375,3910.71423339844,6126.78564453125,2607.14282226563,21639.2855224609,5214.28564453125,1303.57141113281,8342.857421875,0,13557.1428222656,4692.85705566406,0,0,0,0,0,9385.7138671875,0,0,6971.27294921875,0,0,0,0,0,0,5214.28515625,0,0,0,0,0,0,0,186809.5,8310.1728515625
"NGA",3,1,"LSMS-ISA2015",2015,4,1,110,76,0,10087,1,0,0,0,0,0,8516.6669921875,0,0,2800,10047.619140625,0,0,0,0,0,0,0,4000,0,20025.30078125,0,0,0,0,15642.857421875,0,0,0,18250,0,0,23464.28515625,33892.8564453125,4171.4287109375,12514.2861328125,0,32849.9997558594,10428.5712890625,2607.14282226563,5214.28588867188,0,5214.28564453125,8864.28576660156,0,0,0,0,0,10320.4228515625,0,0,6971.27294921875,0,0,0,0,0,5214.28564453125,5214.28515625,0,0,0,0,0,0,0,246224.125,8310.1728515625
"NGA",3,1,"LSMS-ISA2015",2015,4,1,110,76,0,10088,4,0,6000,0,0,0,1977.08337402344,0,0,0,8835.119140625,0,0,1520.83337402344,0,9125,0,4258.33349609375,1250,0,4454.8837890625,0,0,0,0,7821.4287109375,0,0,0,5866.0712890625,0,0,5866.0712890625,5866.0712890625,2607.14282226563,4301.78564453125,0,5735.71423339844,4692.85693359375,651.785705566406,2867.85711669922,0,10428.5712890625,2085.71435546875,0,0,0,0,6914.8837890625,0,0,469.285705566406,5214.28564453125,0,0,0,0,0,0,1009.21655273438,0,0,0,0,0,0,2129.16674804688,111949.15625,8310.1728515625
"NGA",3,1,"LSMS-ISA2015",2015,4,1,110,76,0,10089,1,0,0,0,0,0,7300,0,0,0,1416.66662597656,0,0,0,0,0,0,7300,0,0,14883.1865234375,0,0,0,0,15642.857421875,13035.7138671875,0,0,1042.85717773438,0,0,0,23464.28515625,2085.71435546875,10428.5712890625,0,13035.7141113281,0,0,2085.71435546875,0,7300,6257.14282226563,0,0,0,0,0,10428.5712890625,0,10428.5703125,0,0,0,0,0,0,0,8649.50390625,0,0,0,0,0,0,12166.6669921875,166951.75,8310.1728515625
"NGA",3,1,"LSMS-ISA2015",2015,4,1,105,638,0,10091,3,0,2000,0,0,0,0,0,0,333.333333333333,10072.2216796875,0,0,0,0,29547.6197916667,0,4055.55541992188,28000,0,70460.796875,0,0,0,0,0,34761.9036458333,0,0,6778.57169596354,0,0,0,12166.6666666667,0,0,0,4866.66666666667,7821.42838541667,0,0,0,12166.6663411458,869.047607421875,0,0,0,21526.8697916667,0,14844.8006184896,0,0,13035.71484375,0,0,0,1390.47623697917,6849.83317057292,6570.82779947917,0,0,0,2085.71435546875,0,0,0,0,290204.71875,5036.46875
"NGA",3,1,"LSMS-ISA2015",2015,4,1,105,638,0,10092,4,0,1500,0,0,0,1216.66662597656,0,0,500,5147.619140625,0,0,0,0,3258.92846679688,0,6083.33349609375,2500,0,26034.556640625,0,0,0,0,5214.28564453125,0,0,0,3258.92858886719,0,0,10428.5712890625,10428.5712890625,1042.85717773438,0,0,7039.28576660156,2607.14282226563,0,521.428588867188,0,1303.57141113281,3258.92864990234,0,0,2783.30126953125,0,0,4949.89892578125,0,0,6517.85693359375,0,0,0,0,1303.57141113281,0,0,0,0,0,0,0,0,0,106899.3046875,5036.46875
"NGA",3,1,"LSMS-ISA2015",2015,5,3,322,0,0,10093,8,0,750,0,0,0,1368.75,152.08332824707,0,1575,4244.9404296875,0,0,760.416687011719,0,6517.85693359375,0,3041.66674804688,15208.3330078125,0,10719.1337890625,0,0,0,0,3910.71435546875,0,0,0,0,0,0,0,9776.78540039063,0,6517.85693359375,0,4236.60705566406,1629.46423339844,0,0,0,0,2476.78570556641,0,0,0,0,0,614.289489746094,0,0,9776.7861328125,0,0,0,0,6778.57153320313,1545.59478759766,0,0,0,0,0,0,0,152.08332824707,91753.71875,5036.46875
"NGA",3,1,"LSMS-ISA2015",2015,4,1,105,638,0,10094,6,0,30416.666015625,0,0,0,0,0,0,1200,8703.9677734375,0,0,6083.33333333333,0,2607.14290364583,0,18250,2666.66674804688,0,3475.13647460938,0,0,0,0,3041.66666666667,3476.1904296875,0,0,3041.66670735677,0,0,8690.47591145833,6517.857421875,1042.85717773438,2694.04760742188,0,5127.380859375,3041.66666666667,0,4084.52364095052,0,5648.8095296224,1303.57141113281,0,0,0,0,0,3299.9326171875,0,0,2002.587890625,0,0,0,0,0,0,0,0,0,0,0,0,0,0,126416.1484375,5036.46875
"NGA",3,1,"LSMS-ISA2015",2015,4,1,105,638,0,10096,9,0,666.666687011719,0,270.370361328125,0,135.185180664063,0,0,0,415.343902587891,0,0,0,0,1158.73014322917,0,1351.85192871094,688.888916015625,0,12171.6904296875,0,0,0,0,5214.28559027778,0,9269.84114583333,0,289.682535807292,0,0,0,5214.28559027778,0,2607.14279513889,0,2143.65077039931,0,0,0,0,6025.39691840278,4229.36513943142,0,0,0,0,0,0,0,0,0,0,0,0,0,0,0,0,0,0,0,0,0,0,540.74072265625,52393.12109375,5036.46875
"NGA",3,1,"LSMS-ISA2015",2015,4,1,105,638,0,10097,6,0,2000,0,0,0,405.555541992188,0,0,0,1498.25390625,0,0,0,0,0,0,1115.27770996094,2133.33325195313,0,44330.6875,0,0,0,0,13070.382471666,3630.66190162962,0,0,1815.33095081481,0,0,7261.32380325923,9076.65458447015,0,8350.52238325484,0,10982.7521031623,1815.33095081481,453.832737703702,1543.03136352202,0,1089.19862410745,4992.16012329507,0,0,0,0,0,13786.286907165,0,0,2663.80070021462,0,0,0,0,0,5823.10635571438,0,0,0,0,0,0,0,709.722229003906,138547.21875,5036.46875
"NGA",3,1,"LSMS-ISA2015",2015,4,1,105,638,0,10098,2,0,3000,0,2433.33325195313,0,1825,0,0,4900,8396.6669921875,0,0,0,0,28678.572265625,0,2007.5,0,0,15320.1796875,0,0,0,0,4692.85693359375,0,5214.28564453125,0,3910.71435546875,7821.4287109375,0,20857.142578125,20857.142578125,3128.57153320313,5214.28564453125,0,0,4692.85693359375,0,0,0,6778.57141113281,1303.57141113281,0,0,0,0,0,0,0,0,0,0,0,0,0,0,0,0,0,0,0,0,0,0,1338.33337402344,152371.015625,5036.46875
"NGA",3,1,"LSMS-ISA2015",2015,4,1,105,638,0,10099,1,0,6000,0,0,0,0,0,0,0,0,0,0,0,0,0,0,0,600,0,52005.6171875,0,0,0,0,0,15686.180283773,0,0,5228.72659812954,0,0,26143.6325012633,7843.0901418865,0,0,0,4182.98135174582,9411.70758256128,0,0,0,0,1568.61805295683,0,0,0,12951.8912853962,0,8365.96294763226,0,0,0,0,0,0,0,5228.72659812954,10607.0785968968,0,0,0,0,0,0,0,0,165824.21875,5036.46875
"NGA",3,1,"LSMS-ISA2015",2015,4,1,105,638,0,10100,4,0,1500,0,0,0,456.25,0,0,0,400.357147216797,0,0,0,0,0,9125,25854.16796875,175,0,2835.23901367188,0,0,0,0,6317.59061551306,0,0,0,2105.86347599779,0,0,0,4606.5762125094,0,2632.32929958872,0,3158.79512170825,2105.86353703295,0,0,0,8555.07016042108,658.08232489718,0,0,0,0,0,5976.49924442768,0,0,3032.90103570359,0,0,0,0,0,2130.93348806617,0,0,0,0,0,0,0,0,81626.5234375,5036.46875
"NGA",3,1,"LSMS-ISA2015",2015,4,1,108,904,0,10102,2,0,0,0,0,0,3041.66674804688,0,0,2000,13207.1435546875,0,0,0,0,5214.28564453125,0,6083.33349609375,1500,0,6026.8857421875,0,0,0,0,7821.4287109375,0,0,0,5214.28576660156,10428.5712890625,0,13035.7138671875,15642.857421875,4432.14282226563,5735.71435546875,5214.28564453125,17989.2854003906,5214.28564453125,0,5996.42877197266,0,10950,3650,0,0,2226.640625,0,0,6477.46435546875,0,0,0,0,0,0,0,5214.28564453125,2607.14282226563,0,0,0,0,0,0,0,0,164923.859375,8310.1728515625
"NGA",3,1,"LSMS-ISA2015",2015,4,1,108,904,0,10103,8,0,3000,0,0,0,760.416687011719,0,0,3875,7969.64306640625,0,0,4562.5,0,2607.14282226563,0,12166.6669921875,1000,0,4857.82763671875,0,0,0,0,3910.71435546875,0,0,0,2607.14288330078,3258.92846679688,0,5866.0712890625,7821.4287109375,13100.8931884766,1433.92858886719,2607.14282226563,5996.42852783203,1955.35717773438,651.785705566406,3063.39289855957,0,12644.6428833008,1890.17855834961,0,0,1100.90869140625,0,0,4949.89892578125,0,0,0,0,0,0,0,1303.57141113281,1960.24542236328,0,0,0,0,0,0,0,0,116921.84375,8310.1728515625
"NGA",3,1,"LSMS-ISA2015",2015,4,1,108,904,0,10104,2,0,3000,0,0,0,304.166656494141,0,0,0,1870.71435546875,0,0,0,0,0,0,3650,1300,0,28027.716796875,0,0,0,0,0,9385.7138671875,0,0,2607.14282226563,0,0,20857.142578125,5214.28564453125,0,9125,0,2607.14282226563,0,0,0,0,10950.0002441406,1303.57141113281,0,0,0,16145.15234375,0,15837.4125976563,0,0,0,0,0,0,0,0,0,2018.43322753906,5680.8271484375,0,0,0,3509.39038085938,0,0,143393.796875,8310.1728515625
"NGA",3,1,"LSMS-ISA2015",2015,4,1,108,904,0,10105,4,912.5,3000,0,0,0,912.5,0,0,750,7322.619140625,0,0,0,0,3910.71435546875,0,5475,750,0,3443.06176757813,0,0,0,0,7821.4287109375,0,5214.28564453125,0,5866.07141113281,3910.71435546875,0,0,5866.0712890625,1042.85717773438,2867.85717773438,0,7169.64288330078,3910.71435546875,260.714294433594,0,0,3258.92858886719,2085.71426391602,0,0,0,0,0,0,0,0,0,0,0,0,0,2607.14282226563,0,0,0,0,0,0,0,0,912.5,79271.0390625,8310.1728515625
"NGA",3,1,"LSMS-ISA2015",2015,4,1,108,904,0,10106,6,1013.88891601563,3000,0,0,0,1216.66666666667,0,0,916.666666666667,6699.80126953125,0,0,0,0,3041.66666666667,0,10138.8896484375,500,0,4988.58154296875,0,0,0,0,12666.2067974943,15832.7588712923,3166.55169937358,0,3694.31031052307,4222.06879138876,0,8444.13758277751,2638.79296615377,844.413800610554,2111.03439569438,0,4749.82736184815,6333.10339874715,0,738.862049076233,0,8866.34475167521,0,0,0,0,0,0,0,0,0,0,0,0,0,0,0,0,0,0,0,0,0,0,0,3041.66674804688,108866.234375,8310.1728515625
"NGA",3,1,"LSMS-ISA2015",2015,4,1,108,904,0,10107,4,0,2400,12166.6669921875,0,0,3650,0,0,0,40732.3828125,0,0,9125,0,6517.85693359375,0,12166.666015625,5000,0,287575.46875,0,0,0,0,160339.28125,10428.5712890625,13035.7138671875,0,16164.2854003906,0,0,8473.2138671875,6517.85693359375,5214.28564453125,8864.28564453125,0,9516.07153320313,5214.28564453125,2607.14282226563,8342.85717773438,0,61007.1428222656,9776.78582763672,0,0,0,0,0,0,0,0,0,0,0,0,0,0,2476.78564453125,0,0,0,0,0,0,0,1216.66662597656,708529.25,8310.1728515625
"NGA",3,1,"LSMS-ISA2015",2015,4,1,108,904,0,10108,1,0,18000,0,0,0,1703.33337402344,0,0,0,1821.42858886719,0,0,0,0,15642.857421875,0,0,29600,0,26308.60546875,0,0,0,0,14492.3438084015,12076.9525408312,12076.9525408312,0,7246.17190420075,0,0,0,30192.3817536258,6038.47627041558,7246.17190420075,0,20530.8190861953,7246.17190420075,3019.23813520779,3019.23813520779,0,3019.23813520779,15096.1906326723,0,0,0,0,0,0,0,0,0,0,0,0,0,4468.47260503086,6110.36334459414,18699.7971045531,0,0,0,0,0,0,3650,267305.15625,8310.1728515625
"NGA",3,1,"LSMS-ISA2015",2015,4,1,108,904,0,10109,9,0,2666.66674804688,0,675.925944010417,0,1013.88888888889,0,0,577.777777777778,2191.24340820313,0,0,3717.59244791667,0,6952.38107638889,0,6488.888671875,588.888916015625,0,23486.931640625,0,0,0,0,7300,4345.23828125,0,0,7357.93663194444,2317.46028645833,0,10428.5711805556,6373.01584201389,1622.22222222222,4692.85698784722,2317.46028645833,7995.23806423611,2896.82530381944,579.365071614583,2491.26974826389,2317.46028645833,11645.2379557292,3186.50789388021,0,0,0,0,0,8799.8203125,0,0,0,0,0,0,0,0,0,0,0,0,0,0,0,0,811.111083984375,135837.78125,8310.1728515625
"NGA",3,1,"LSMS-ISA2015",2015,4,1,108,904,0,10110,5,0,0,0,0,0,778.666650390625,0,0,280,2127.619140625,0,0,0,0,0,0,6083.33349609375,520,0,8132.4091796875,0,0,0,0,7821.42890625,0,0,0,3545.71435546875,0,0,0,4171.428515625,1042.85712890625,3337.14287109375,0,5110.00004882812,2085.7142578125,417.14287109375,156.428576660156,0,11158.5711914063,3649.99995117188,0,0,0,0,3687.93828125,7919.83828125,0,0,0,0,0,0,0,0,4514.081640625,4036.866015625,0,0,0,0,0,0,243.33332824707,80820.515625,8310.1728515625
"NGA",3,1,"LSMS-ISA2015",2015,2,2,209,1040,0,20001,7,0,685.714294433594,0,0,0,1129.76192801339,0,0,771.428571428571,893.877502441406,0,0,869.047642299107,0,0,0,8690.4765625,0,0,14304.7275390625,0,0,0,0,0,0,0,0,0,0,0,7448.97935267857,7448.97935267857,0,2234.69391741071,0,12663.2654157366,0,2234.69391741071,0,0,0,1489.7958984375,8032.81975446429,0,3595.34095982143,7704.765625,0,0,0,0,0,20112.2455357143,0,0,0,0,0,0,7123.69921875,0,0,0,0,0,0,107434.3046875,4230.033203125
"NGA",3,1,"LSMS-ISA2015",2015,2,2,209,1040,0,20002,2,0,0,0,0,0,0,0,0,550,260.714294433594,0,0,0,0,0,0,18250,0,0,2919.61083984375,0,0,0,0,11796.775885503,0,1474.59698568787,0,2949.19397137575,0,0,4423.79109048143,5898.38794275149,0,10912.0180148434,0,5898.38794275149,2949.19397137575,4423.79109048143,0,0,0,2949.19397137575,10601.1584591157,0,14234.6450842754,0,0,0,0,0,0,26542.7453847662,0,0,0,0,0,0,0,0,0,0,0,0,0,127034.203125,4230.033203125
"NGA",3,1,"LSMS-ISA2015",2015,2,34,3401,0,0,20003,4,0,0,0,3041.66674804688,0,0,0,0,3700,680.357177734375,0,0,0,0,0,0,0,750,0,2562.98413085938,0,0,0,0,20857.142578125,3910.71435546875,0,0,1173.21429443359,0,0,2607.14282226563,2607.14282226563,1303.57141113281,9124.99987792969,0,4301.78576660156,10428.5712890625,3258.92846679688,1564.28576660156,0,5214.28564453125,1303.57141113281,0,0,3193.64392089844,0,0,3425.73828125,0,0,0,0,0,0,0,0,0,2430.61767578125,0,0,0,0,0,0,0,87440.3515625,4230.033203125
"NGA",3,1,"LSMS-ISA2015",2015,2,2,209,0,0,20004,12,0,0,0,0,0,0,0,0,41.6666666666667,289.682525634766,0,0,0,0,0,0,0,0,0,4096.62744140625,0,0,0,0,0,0,0,0,0,0,0,0,0,0,2042.26196289063,0,0,0,0,0,0,0,217.261901855469,3534.91015625,0,0,0,0,0,0,0,0,0,0,0,0,0,0,0,3270.830078125,0,0,0,0,0,0,13493.240234375,4230.033203125
"NGA",3,1,"LSMS-ISA2015",2015,2,2,209,1040,0,20005,7,0,0,0,0,0,0,0,0,1371.42857142857,125.91837310791,0,0,2085.71428571429,0,14897.9587053571,0,1390.47619628906,85.7142868041992,0,18327.458984375,0,0,0,0,1489.7958984375,2234.69391741071,0,0,148.979596819196,0,0,5959.18359375,0,0,968.367327008929,0,2607.14285714286,1266.32659040179,0,0,2979.591796875,3128.5713936942,0,0,0,3349.541015625,0,0,0,0,0,0,0,0,0,0,0,0,1255.05217633929,0,0,0,0,0,0,347.619049072266,64019.53125,4230.033203125
"NGA",3,1,"LSMS-ISA2015",2015,2,2,209,1040,0,20006,13,0,0,0,0,0,0,0,0,2969.23076923077,449.450561523438,4679.4873046875,0,0,0,0,0,1029.48718261719,0,0,3462.30346679688,0,2005.49444110577,0,1002.74722055288,3208.79116586538,2406.59344951923,2807.69230769231,0,1002.74723933293,0,0,4813.18689903846,2005.49444110577,0,2326.37357271635,0,802.197791466346,0,1403.84615384615,0,0,6016.48347355769,1082.96700345553,0,0,335.595064603365,0,0,0,0,0,0,0,0,0,5615.38461538462,0,0,1050.76085486779,479.479755108173,0,0,0,0,0,0,50955.796875,4230.033203125
"NGA",3,1,"LSMS-ISA2015",2015,2,2,209,1040,0,20007,8,0,0,0,0,0,0,0,0,0,0,0,0,0,0,0,0,3802.08325195313,0,0,6444.720703125,0,0,0,0,0,0,0,0,0,0,0,0,0,0,0,651.785705566406,391.071441650391,0,1303.57141113281,0,0,6517.85693359375,325.892852783203,1060.47302246094,1251.84252929688,0,2969.60986328125,0,0,0,0,0,0,0,0,0,0,0,0,1635.4150390625,0,0,0,0,0,0,26354.322265625,4230.033203125
"NGA",3,1,"LSMS-ISA2015",2015,2,2,209,1040,0,20008,6,0,0,0,0,0,0,0,0,900,86.9047622680664,0,0,0,0,0,0,0,0,0,9261.5703125,0,0,0,0,0,0,0,0,0,0,0,17494.1608868512,0,0,2186.7701108564,0,437.35403045276,3061.47825266394,0,0,0,8747.08060618603,262.412430478687,0,0,1504.9847355141,5977.9039016674,0,0,0,0,0,0,0,0,0,0,0,0,0,0,0,0,0,0,0,49920.6171875,4230.033203125
"NGA",3,1,"LSMS-ISA2015",2015,2,2,209,1040,0,20009,8,0,0,0,0,0,0,0,0,2262.5,415.922607421875,0,0,0,0,6517.85693359375,0,0,50,0,2839.13403320313,0,0,0,254.930684240851,6118.3360555695,2549.30681189094,849.76890297404,0,1189.67654043519,0,0,12746.5343874626,3399.07575679864,0,2974.19118137597,0,5948.38236275194,849.76890297404,849.76890297404,254.930684240851,0,934.745856194342,679.815146211286,4839.08963351007,0,1910.55420052311,0,0,0,0,0,0,0,0,0,0,0,0,1965.36374062966,0,0,0,0,0,0,0,60399.65625,4230.033203125
"NGA",3,1,"LSMS-ISA2015",2015,2,2,209,1040,0,20010,4,0,0,0,0,0,0,0,0,900,312.857147216797,0,0,3650,0,18250,0,9125,0,0,3888.591796875,0,0,0,6517.85693359375,2607.14282226563,0,0,0,0,0,0,0,7821.4287109375,0,1694.64282226563,0,4562.5,0,0,912.5,5866.0712890625,28678.5708007813,0,0,0,0,0,0,0,0,0,0,0,0,0,0,0,0,2115.81420898438,0,0,0,0,0,0,608.333312988281,97511.3125,4230.033203125
"NGA",3,1,"LSMS-ISA2015",2015,2,34,3416,0,0,20011,8,0,0,0,0,0,0,0,0,950,276.041656494141,0,0,0,0,1955.35717773438,0,0,400,0,953.826477050781,0,0,0,0,4888.39306640625,0,0,0,782.142883300781,0,0,0,0,0,1433.92858886719,0,651.785705566406,0,782.142883300781,651.785705566406,3258.92846679688,6517.85705566406,456.25,4507.22314453125,0,0,0,9146.8310546875,856.4345703125,3278.482421875,0,0,0,9902.1298828125,0,0,0,0,3904.62915039063,0,0,0,0,0,0,0,55554.16796875,11020.349609375
"NGA",3,1,"LSMS-ISA2015",2015,2,2,221,18,0,20012,8,0,0,0,0,0,0,0,0,925,0,0,0,0,0,0,0,9885.4169921875,0,0,6144.94091796875,0,0,0,0,0,0,0,0,787.824411375715,0,0,13130.4059907421,0,0,2823.03739662563,0,3545.20965101093,2297.82112210619,2626.0812472993,0,0,0,328.260155912413,2670.44094972322,1260.93598057137,564.790181192366,0,0,0,0,0,0,0,0,0,0,0,0,0,0,0,0,0,0,0,0,46990.1640625,11020.349609375
"NGA",3,1,"LSMS-ISA2015",2015,2,2,221,18,0,20013,9,0,0,0,811.111111111111,0,0,0,0,6644.44444444444,1254.92053222656,0,0,0,0,0,0,1797.96301269531,0,0,3615.9658203125,0,2317.46028645833,0,0,6083.33333333333,0,0,0,4866.66666666667,0,0,3476.19053819444,0,2780.95247395833,3592.06358506944,0,4345.23817274306,1158.73014322917,2027.77777777778,753.174587673611,0,2723.01584201389,289.682535807292,0,0,2796.37630208333,0,0,0,0,0,0,0,0,0,0,0,0,0,0,0,0,0,0,0,0,51335.06640625,11020.349609375
"NGA",3,1,"LSMS-ISA2015",2015,2,2,221,18,0,20014,12,0,0,0,0,0,0,0,0,4233.33333333333,43.4523811340332,0,0,0,0,1086.30948893229,0,1419.44445800781,0,0,8913.6435546875,0,0,0,0,0,0,651.785725911458,0,0,0,0,0,0,0,1086.3095296224,0,434.523803710938,564.880940755208,0,0,0,869.047607421875,86.9047648111979,9897.748046875,0,0,0,0,0,0,0,0,0,0,0,0,0,0,0,0,0,0,0,0,0,182.5,29469.8828125,11020.349609375
"NGA",3,1,"LSMS-ISA2015",2015,2,2,221,18,0,20015,8,0,0,0,4562.5,0,0,0,0,8175,65.1785736083984,0,0,2281.25,0,3258.92846679688,0,5322.91650390625,175,0,5626.2431640625,0,0,0,0,2867.85717773438,0,0,0,1824.99993896484,0,0,5214.28564453125,0,912.5,1564.28576660156,0,2150.89286804199,847.321411132813,651.785705566406,2541.96435546875,0,11015.178527832,130.357147216797,2120.94604492188,0,1465.42419433594,0,0,0,0,0,0,0,0,0,651.785705566406,0,0,0,0,0,0,0,0,0,0,63426.6015625,11020.349609375
"NGA",3,1,"LSMS-ISA2015",2015,2,2,221,18,0,20016,4,0,0,0,0,0,456.25,0,0,125,142.857147216797,0,0,0,0,0,0,10645.8330078125,0,0,12889.44140625,0,0,0,0,0,0,0,0,0,0,0,0,26968.7158574102,0,46386.1906037061,0,5393.74318368908,37756.2038233308,21574.9727347563,6472.49193087159,0,6472.49193087159,0,35103.0652465429,20718.8257218051,18560.48105233,0,0,0,0,0,0,0,0,0,0,0,0,0,0,0,0,0,0,0,0,249666.546875,11020.349609375
"NGA",3,1,"LSMS-ISA2015",2015,2,2,221,18,0,20017,10,0,0,0,0,0,0,0,0,1620,392.142883300781,0,0,0,0,2607.1427734375,0,3041.66674804688,60,0,2173.11865234375,0,0,0,2815.7142578125,4171.428515625,0,2346.428515625,0,938.571435546875,0,0,1564.2857421875,0,1042.85712890625,3441.42861328125,0,730,1303.57138671875,521.428564453125,0,0,5735.71416015625,260.714282226562,5248.108203125,0,0,0,0,0,0,0,0,0,0,0,0,0,0,669.156237792969,0,0,0,0,0,0,0,40683.48046875,11020.349609375
"NGA",3,1,"LSMS-ISA2015",2015,2,2,221,18,0,20018,8,760.416687011719,0,0,0,0,380.208343505859,0,0,1425,378.214294433594,0,0,0,0,0,0,912.5,0,0,5531.87353515625,0,11825.98908382,0,0,0,0,2111.78379984509,0,0,0,0,0,0,2815.71164544585,211.178383036267,0,2111.78373880993,0,2463.74772264547,0,0,1055.89189992254,703.927911361462,0,0,0,0,0,0,0,0,0,0,0,0,0,0,0,10949.9896614104,0,0,0,0,0,0,0,43638.21875,11020.349609375
"NGA",3,1,"LSMS-ISA2015",2015,2,2,221,18,0,20019,4,0,0,0,0,0,0,0,0,6100,130.357147216797,0,0,0,0,3910.71435546875,0,3041.66674804688,300,0,5678.26806640625,0,0,0,0,0,0,0,0,2346.42846679688,0,0,5214.28564453125,0,0,1564.28576660156,0,3910.71423339844,1564.28576660156,521.428588867188,4041.07153320313,0,9907.14306640625,0,4241.89208984375,0,0,0,0,0,0,0,0,0,0,0,0,0,0,0,0,0,0,0,0,0,608.333312988281,53080.875,11020.349609375
"NGA",3,1,"LSMS-ISA2015",2015,2,2,221,18,0,20020,11,0,0,0,3318.18181818182,0,0,0,0,4363.63636363636,1963.419921875,553.030334472656,0,4977.27272727273,0,7110.38991477273,553.030317826705,3981.81811523438,1469.69702148438,0,16009.8779296875,0,0,0,0,0,2370.12979403409,0,0,1185.06491921165,0,0,3792.20774147727,4740.25958806818,4361.03892933239,7584.41539417614,711.038973721591,2938.96107066761,1185.06489701705,2370.12979403409,948.051957563921,0,9717.53235973011,237.01298384233,1363.14506392045,0,2745.53302556818,1961.212890625,0,0,0,0,0,0,0,0,0,0,0,1096.33740234375,0,0,0,0,0,0,0,93607.484375,11020.349609375
"NGA",3,1,"LSMS-ISA2015",2015,2,2,201,60,0,20021,8,0,0,0,0,0,0,0,0,362.5,205.357147216797,0,0,0,0,0,0,0,0,0,1477.93530273438,0,0,0,0,0,0,2431.70741765318,0,0,0,0,0,1215.85370882659,0,1823.78065233212,0,1215.85370882659,0,0,0,0,0,1215.85370882659,12611.7931034416,0,16850.59057202,0,0,0,0,0,0,0,0,0,0,0,0,1437.14937569248,6386.99156587012,0,0,0,0,0,0,47235.36328125,3562.13330078125
"NGA",3,1,"LSMS-ISA2015",2015,2,2,201,60,0,20022,5,0,0,0,0,0,0,0,0,0,1044.14282226563,730,0,5475,0,0,0,14600,600,0,4290.2470703125,0,0,0,3155.43960601406,0,0,0,0,2734.71436851517,0,0,8414.50535562083,1051.8131694526,6310.87921202812,5364.24738898187,2103.62633890521,2629.5329732807,2419.17037812425,1051.8131694526,315.543965566325,5784.97248163851,11569.944963277,736.269228300342,1711.32855690246,0,1533.89429151673,2396.0902603392,22140.9189783025,1382.06338640993,0,0,0,0,0,19152.9487079073,1577.71980300703,0,0,0,0,0,0,0,0,0,97.3333282470703,130374.1640625,3562.13330078125
"NGA",3,1,"LSMS-ISA2015",2015,2,2,201,60,0,20023,9,0,0,0,0,0,0,0,0,844.444444444444,671.428588867188,0,0,0,0,0,0,10138.888671875,811.111083984375,0,4125.0126953125,0,0,0,0,0,0,0,0,0,0,0,0,0,0,2723.01595052083,0,405.555555555556,0,2317.46028645833,0,0,0,0,4165.16579861111,3405.37912326389,4445.10069444444,0,0,0,0,0,0,0,0,0,0,0,0,0,1370.60536024306,0,0,0,0,0,0,35423.16796875,3562.13330078125
"NGA",3,1,"LSMS-ISA2015",2015,2,2,201,60,0,20024,4,0,0,0,0,0,0,0,0,3150,1194.94055175781,0,0,0,0,3258.92846679688,0,2737.5,3250,0,3888.591796875,0,0,0,0,3258.92846679688,0,0,0,0,0,0,0,3258.92846679688,0,6908.92846679688,0,912.5,0,0,0,0,3910.71435546875,0,6362.837890625,0,2930.84838867188,0,0,0,0,0,0,0,0,0,0,0,0,2276.06848144531,1558.30920410156,0,0,0,0,0,0,48858.0234375,3562.13330078125
"NGA",3,1,"LSMS-ISA2015",2015,2,2,201,60,0,20025,13,0,0,0,0,0,0,0,0,4569.23076923077,40.1098899841309,0,0,0,0,1403.84615384615,0,3556.41015625,769.230773925781,0,2633.23315429688,0,6016.48377403846,0,0,1604.39558293269,0,0,0,0,0,0,4010.98888221154,0,0,3409.34059495192,0,2644.06411508413,0,0,0,0,5053.84615384615,80.2197829026442,0,0,5410.79747596154,0,0,0,0,0,0,0,0,0,0,0,0,2179.76496769832,958.959510216346,0,0,0,0,0,0,44340.92578125,3562.13330078125
"NGA",3,1,"LSMS-ISA2015",2015,2,2,201,60,0,20026,6,0,0,0,0,0,0,0,0,1500,107.222221374512,0,0,0,0,0,0,8111.111328125,0,0,9261.5703125,0,0,0,0,0,0,0,0,0,0,0,26522.6698128104,0,0,4155.21821482809,0,884.088945113026,0,1768.17789022605,0,0,1768.17789022605,442.044472556513,2876.87338845619,0,2281.68736931891,0,0,0,0,0,0,0,0,0,0,0,0,0,2091.49136896114,0,0,0,0,0,0,61770.3359375,3562.13330078125
"NGA",3,1,"LSMS-ISA2015",2015,2,2,201,60,0,20027,8,0,0,0,0,0,0,0,0,1650,1005.35717773438,0,0,0,0,0,0,9885.416015625,0,0,2910.33422851563,0,0,0,6517.85693359375,1759.82141113281,9776.7861328125,0,0,0,0,0,0,0,0,1955.35717773438,0,1303.57141113281,1759.82141113281,1955.35717773438,0,0,0,651.785705566406,0,0,0,0,0,0,0,0,0,0,0,21763.125,0,0,0,540.982116699219,0,0,0,0,0,0,0,63435.5703125,3562.13330078125
"NGA",3,1,"LSMS-ISA2015",2015,2,2,201,60,0,20028,10,243.33332824707,0,0,0,0,0,0,0,1940,550.809509277344,0,0,0,0,0,0,1825,200,0,1693.81018066406,0,0,0,0,0,0,1303.57138671875,0,2919.99992675781,0,0,2085.7142578125,0,3545.7142578125,1564.28569335938,1825,2815.71433105469,2607.1427734375,417.14287109375,1042.85712890625,4171.428515625,15121.4288574219,3389.28571777344,1696.7568359375,0,1172.33935546875,4751.37578125,0,1042.85712890625,0,0,0,0,0,13320.44140625,0,1251.42861328125,0,0,0,0,0,0,0,0,121.666664123535,72619.109375,3562.13330078125
"NGA",3,1,"LSMS-ISA2015",2015,2,2,201,60,0,20029,4,0,0,0,0,0,0,0,0,0,65.1785736083984,0,0,0,0,0,0,3041.66674804688,250,0,3081.12353515625,0,0,1629.46423339844,0,0,0,0,0,260.714294433594,0,0,0,3910.71435546875,0,1564.28570556641,651.785705566406,1173.21429443359,1955.35717773438,1303.57141113281,0,0,1564.28570556641,1303.57141113281,937.162231445313,0,2150.01800537109,0,0,0,0,0,0,0,0,0,0,0,0,970.061370849609,0,0,0,0,0,0,91.25,25903.421875,3562.13330078125
"NGA",3,1,"LSMS-ISA2015",2015,2,2,201,60,0,20030,7,0,0,0,0,0,0,0,0,5685.71428571429,57.1428565979004,0,0,2085.71428571429,0,4096.93889508929,0,4345.23779296875,0,0,5303.58740234375,0,0,0,0,0,1862.24483816964,0,0,0,0,0,0,5214.28571428571,0,2085.71428571429,0,4469.3876953125,0,0,0,0,1862.24483816964,0,2423.93833705357,0,3499.71010044643,0,0,0,0,0,0,0,0,0,0,0,0,2079.79255022321,0,0,0,0,0,0,347.619049072266,45419.26953125,3562.13330078125
"NGA",3,1,"LSMS-ISA2015",2015,2,2,216,200,0,20031,6,0,0,0,0,0,0,0,0,1443.33333333333,100,0,0,0,0,0,0,3447.22241210938,1000,0,1271.76867675781,0,0,0,13035.71484375,4432.14290364583,0,0,0,0,0,0,1738.09521484375,2607.14290364583,0,2172.61897786458,0,434.523803710938,2607.14290364583,0,0,0,0,0,0,0,0,0,0,3476.1904296875,0,0,0,0,0,0,0,0,0,1531.51538085938,0,0,0,0,0,0,0,39297.41015625,3586.87036132813
"NGA",3,1,"LSMS-ISA2015",2015,2,2,216,200,0,20032,8,0,0,0,0,0,0,0,0,2525,400.892852783203,0,0,0,0,0,0,5322.9169921875,0,0,953.826477050781,0,2162.39701597173,0,2162.39701597173,7207.98968209192,720.798984978857,0,0,0,0,0,0,0,0,4036.47437383499,1441.59796995771,2883.19593991543,864.958819736381,2018.2371869175,0,0,0,864.958819736381,0,0,0,0,0,0,0,0,0,0,0,6272.89942147894,0,0,0,1343.98985677906,0,0,0,0,0,0,0,41182.53515625,3586.87036132813
"NGA",3,1,"LSMS-ISA2015",2015,2,2,216,200,0,20033,5,0,0,0,0,0,0,0,0,0,184.285720825195,0,0,0,0,0,0,1216.66674804688,1400,0,4430.67431640625,0,0,0,0,0,0,2085.7142578125,0,1251.42861328125,0,0,0,0,0,4171.42861328125,0,521.428564453125,0,834.2857421875,1564.2857421875,3128.571484375,6257.14296875,0,0,0,15246.2453125,0,0,0,0,0,0,0,0,9075.67578125,0,0,0,1925.14052734375,0,0,0,0,0,0,0,53292.9765625,3586.87036132813
"NGA",3,1,"LSMS-ISA2015",2015,2,2,216,200,0,20034,14,0,0,0,0,0,0,0,0,600,500.510192871094,0,0,0,0,0,0,3476.19067382813,228.571426391602,0,1466.35754394531,0,0,0,0,11918.3671875,0,3352.04087611607,0,4245.91838727679,0,0,1117.34695870536,10428.5714285714,0,3724.48974609375,0,5996.42844935826,1117.34695870536,2048.46944754464,0,1862.24483816964,15456.6330566406,1564.28574916295,4507.22321428571,0,8247.89955357143,0,0,0,0,0,0,0,0,0,0,0,0,835.822317940848,0,0,0,0,0,0,86.9047622680664,82781.625,3586.87036132813
"NGA",3,1,"LSMS-ISA2015",2015,2,2,216,200,0,20035,4,0,0,0,0,0,0,0,0,900,585.178588867188,0,0,0,0,0,0,0,1050,0,2701.89477539063,0,0,0,0,0,0,1955.35717773438,0,1694.64282226563,0,0,0,3258.92846679688,0,1694.64282226563,0,1303.57141113281,0,651.785705566406,0,0,0,260.714294433594,0,0,12539.2197265625,0,0,0,0,0,0,0,0,0,0,3188.95141601563,0,2548.78234863281,0,0,0,0,0,0,608.333312988281,34942.00390625,3586.87036132813
"NGA",3,1,"LSMS-ISA2015",2015,2,2,216,200,0,20036,7,0,0,0,0,0,0,0,0,2000,429.727874755859,0,0,0,0,0,0,3476.19067382813,142.857147216797,0,1991.94897460938,0,0,0,0,0,0,419.272926716508,0,167.709178610841,0,0,0,3354.18348348653,0,838.545853433016,0,1425.52797145503,0,419.272926716508,0,0,2934.91048701556,1677.09170686603,0,0,11152.0048039272,0,0,0,0,0,0,0,0,0,0,0,0,0,416.965108593761,0,0,0,0,0,0,30846.208984375,3586.87036132813
"NGA",3,1,"LSMS-ISA2015",2015,2,2,216,200,0,20037,11,0,0,0,0,0,0,0,0,0,0,0,0,0,0,0,0,4977.27294921875,0,0,1743.41418457031,0,0,0,5010.45454545455,0,0,0,0,0,0,0,0,11376.6235795455,0,1185.06489701705,0,142.207796963778,0,0,0,0,0,237.01298384233,0,0,0,0,0,0,0,0,0,0,0,0,0,0,0,0,0,0,0,0,0,0,0,24672.05078125,3586.87036132813
"NGA",3,1,"LSMS-ISA2015",2015,2,2,216,200,0,20038,4,0,0,0,0,0,0,0,0,0,0,0,0,0,0,0,0,0,0,0,2562.98413085938,0,0,0,0,0,0,0,0,0,0,0,0,15642.857421875,0,912.5,0,3258.92852783203,0,0,0,0,0,651.785705566406,3181.4189453125,0,5607.17138671875,0,0,0,0,0,0,0,0,0,0,0,0,0,0,0,0,0,0,0,0,31817.64453125,3586.87036132813
"NGA",3,1,"LSMS-ISA2015",2015,2,2,216,200,0,20040,10,0,0,0,0,0,0,0,0,2200,26.0714302062988,0,0,0,0,3128.571484375,0,1216.66674804688,360,0,1584.39147949219,0,0,0,0,0,0,1042.85712890625,0,0,0,0,0,0,0,1355.7142578125,0,1303.57141113281,0,782.14287109375,0,0,1772.8572265625,156.428576660156,0,0,9071.0490234375,2157.3341796875,0,0,0,0,0,0,0,5632.837890625,0,0,0,312.857153320312,0,0,0,0,0,0,0,32103.3515625,3586.87036132813
"NGA",3,1,"LSMS-ISA2015",2015,2,2,203,1224,0,20041,3,0,0,0,0,0,0,0,0,3066.66666666667,588.253967285156,0,0,0,0,0,0,0,1333.33337402344,0,4852.69677734375,0,0,0,0,0,4003.02207005437,5003.77750618776,0,600.453338935398,0,0,22016.6216550776,6004.53332135104,2001.51103502719,6004.53310508156,0,4003.02207005437,0,3002.26666067552,0,0,0,400.302225956932,2877.84857114192,0,11576.0312571582,8280.95822398744,0,2629.94912677022,0,0,0,0,0,0,0,17943.888136753,0,8005.86342000672,4785.27381225456,0,0,0,0,0,0,118980.8125,4230.033203125
"NGA",3,1,"LSMS-ISA2015",2015,2,2,203,1224,0,20042,7,0,0,0,0,0,0,0,0,3342.85714285714,521.428588867188,0,0,5214.28571428571,0,2979.591796875,0,1042.85717773438,442.857147216797,0,1090.08740234375,0,5586.73493303571,0,0,0,0,0,0,893.877580915179,0,0,1117.34695870536,0,0,1117.34695870536,0,1862.24487304688,2234.69391741071,372.448974609375,1117.34695870536,0,0,0,0,0,1674.7705078125,0,0,0,0,0,0,0,0,0,0,1904.13588169643,0,1463.3038155692,0,0,0,0,0,0,0,33978.2109375,4230.033203125
"NGA",3,1,"LSMS-ISA2015",2015,2,2,203,1224,0,20043,6,0,0,0,0,0,0,0,0,866.666666666667,86.9047622680664,0,0,0,0,0,0,10138.8896484375,1013.88891601563,434.523803710938,3338.84252929688,0,0,0,0,0,0,0,0,0,0,0,2421.5385044068,0,0,3511.23096897831,0,3026.92318294337,0,5448.4615589909,0,0,0,0,2954.93145432626,0,2083.19704238601,0,0,0,0,0,0,0,0,0,0,0,0,0,2894.74412457022,0,0,0,0,0,0,38220.74609375,4230.033203125
"NGA",3,1,"LSMS-ISA2015",2015,2,2,203,1224,0,20044,9,0,0,0,0,0,0,0,0,744.444444444444,0,0,0,0,0,0,0,0,0,0,5001.10498046875,0,0,0,0,6629.99457503715,0,0,0,3030.85476889668,0,0,6314.28035923204,0,2841.4261808248,3157.14028812297,0,0,7577.13678842469,2209.99818324237,0,0,0,631.428045508396,10916.1148453874,0,21877.4986731524,0,4430.57096345131,2525.71218203358,0,0,0,0,0,3285.1325034627,0,6972.82575725819,0,0,0,0,0,0,0,0,0,88145.65625,4230.033203125
"NGA",3,1,"LSMS-ISA2015",2015,2,2,203,1224,0,20045,5,0,0,0,0,0,0,0,0,4200,204.285720825195,0,0,0,0,8342.85703125,0,2555,680,0,2911.6181640625,0,0,0,0,2607.1427734375,0,0,0,0,0,0,3128.571484375,0,0,7091.428515625,0,1042.85717773438,1877.1427734375,0,834.2857421875,0,5214.285546875,730,1696.7568359375,0,3517.018359375,0,0,0,0,0,0,0,0,0,0,0,0,2743.16767578125,0,0,0,0,0,0,0,49376.4140625,4230.033203125
"NGA",3,1,"LSMS-ISA2015",2015,2,2,203,1224,0,20046,3,0,0,0,0,0,0,0,0,333.333333333333,666.666687011719,0,0,811.111083984375,0,0,0,42583.33203125,0,0,5639.58740234375,0,0,0,0,22194.5516064982,0,0,0,0,0,0,11097.2758032491,9247.72937597652,3699.09181940027,6658.36507570249,0,0,4623.86468798826,2774.31895081227,0,0,0,1849.54590970013,6394.98233966825,0,21360.8103802402,0,6488.89806280747,3699.09181940027,0,0,0,33291.8260295541,0,0,0,18226.9161414445,8745.80796193811,3910.4952031869,9715.83514433311,0,0,0,0,0,0,224013.421875,4230.033203125
"NGA",3,1,"LSMS-ISA2015",2015,2,2,203,1224,0,20047,11,0,0,0,0,0,0,0,0,363.636363636364,94.8051986694336,0,0,0,0,0,0,3871.2119140625,1659.09094238281,0,5818.76220703125,0,0,0,0,0,0,0,0,0,0,0,10616.3110805984,8493.04919459099,0,2547.91481164434,0,5308.15584498557,0,0,0,0,0,212.326234303695,7632.26843697764,0,8145.2224861833,6588.51458525937,0,0,0,0,0,0,0,0,0,0,0,0,2812.25570809472,0,0,0,0,0,0,64163.5234375,4230.033203125
"NGA",3,1,"LSMS-ISA2015",2015,2,2,203,1224,0,20048,10,0,0,0,0,0,0,0,0,2660,520.714233398438,0,0,0,0,0,0,3650,700,0,1917.75561523438,0,7821.42890625,0,1251.42861328125,3128.571484375,0,1303.57138671875,0,3337.14291992188,0,0,2607.1427734375,4171.428515625,1355.71428222656,4119.2857421875,1042.85712890625,4953.57136230469,2085.7142578125,1564.2857421875,677.857141113281,0,9907.14291992187,521.428564453125,0,0,0,0,0,1370.2953125,0,0,0,0,0,0,0,0,0,0,0,0,0,0,0,0,0,60667.33984375,4230.033203125
"NGA",3,1,"LSMS-ISA2015",2015,2,2,203,1224,0,20049,12,0,0,0,0,0,0,0,0,1716.66666666667,230.059524536133,0,0,0,0,0,0,2230.5556640625,250,0,3804.09375,0,0,0,0,0,0,0,0,5847.98468853566,0,0,2377.22942570432,4279.01317478086,475.445892453847,1141.0702006178,0,1236.15932488962,0,713.168865213601,0,0,2377.22950708452,237.722946226923,6188.50693750219,0,10573.8851458186,4332.37122312158,7256.54894827213,624.72726423837,0,0,0,0,0,0,427.901290588912,0,0,1099.62143990506,2273.4211808934,0,0,0,0,0,0,59693.3828125,4230.033203125
"NGA",3,1,"LSMS-ISA2015",2015,2,2,203,1224,0,20050,2,0,0,0,0,0,0,0,0,8500,260.714294433594,0,0,0,0,0,0,0,0,0,3815.30590820313,0,0,0,0,0,0,0,0,0,0,0,13035.7138671875,0,0,3910.71435546875,0,4432.14282226563,0,0,0,0,0,521.428588867188,3748.64892578125,0,3456.439453125,0,13889.9072265625,0,0,0,0,0,0,0,0,6377.90283203125,0,9484.98254394531,134438.90625,0,0,0,0,0,0,205872.8125,4230.033203125
"NGA",3,1,"LSMS-ISA2015",2015,2,2,212,956,0,20051,14,86.9047622680664,0,0,0,0,0,0,0,557.142857142857,110.204086303711,0,0,0,0,0,0,0,0,0,1131.70825195313,0,0,0,0,0,0,0,0,1117.34695870536,0,0,2979.591796875,0,0,2979.591796875,0,2793.36732700893,0,1303.57142857143,0,0,0,372.448974609375,6438.89006696429,0,6022.09151785714,0,0,0,0,0,0,0,0,0,4469.38783482143,0,0,0,3793.74665178571,0,0,0,0,0,0,34155.9921875,4230.033203125
"NGA",3,1,"LSMS-ISA2015",2015,2,2,212,956,0,20052,5,0,0,0,0,0,0,0,0,400,100,0,0,0,0,0,0,15816.6669921875,0,0,15019.814453125,0,0,0,0,0,0,0,0,0,0,0,0,0,0,3128.571484375,0,2502.85712890625,0,0,0,0,0,312.857153320312,0,0,3588.589453125,0,0,0,0,0,0,0,0,0,0,0,0,0,0,0,0,0,0,0,0,40869.359375,4230.033203125
"NGA",3,1,"LSMS-ISA2015",2015,2,2,212,956,0,20053,6,0,0,0,0,0,0,0,0,6466.66666666667,286.904754638672,0,0,0,0,1738.09521484375,0,0,5333.33349609375,0,5343.14892578125,0,0,0,0,6517.857421875,0,0,0,0,0,0,4345.23795572917,0,0,1303.57145182292,0,1477.38094075521,2172.61897786458,434.523803710938,0,0,0,173.809529622396,0,0,3907.7978515625,0,0,0,0,0,0,0,0,0,6952.380859375,0,0,651.785725911458,0,0,0,0,0,0,405.555541992188,47510.66796875,4230.033203125
"NGA",3,1,"LSMS-ISA2015",2015,2,2,212,956,0,20054,7,0,0,0,0,0,0,0,0,1657.14285714286,209.86393737793,0,0,0,0,0,0,0,0,0,2946.72143554688,0,0,0,0,2694.23264035169,0,898.077519613573,0,2694.23257059722,0,0,0,0,0,3592.31014820876,0,1796.15503922715,0,2245.19375827845,0,0,2694.23264035169,628.654264826694,5844.7859506357,0,4038.33503506274,0,0,0,0,0,0,0,0,0,9878.85284428629,0,0,0,0,0,0,0,0,0,0,41818.79296875,4230.033203125
"NGA",3,1,"LSMS-ISA2015",2015,2,2,212,956,0,20055,8,0,0,0,0,0,0,0,0,1000,332.589294433594,0,0,0,0,0,0,0,100,0,3795.328125,0,0,0,0,0,0,732.049982796717,0,732.049982796717,0,0,0,0,0,4392.29986192525,0,1098.0749807401,0,2196.15002251536,0,0,732.049982796717,146.410003317362,0,0,4937.65283864983,0,0,0,0,0,0,0,0,0,14640.9994641539,2440.1667662995,0,0,0,0,0,0,0,0,0,37275.8203125,4230.033203125
"NGA",3,1,"LSMS-ISA2015",2015,2,2,212,956,0,20056,9,0,0,0,0,0,0,0,0,7133.33333333333,289.682525634766,0,0,0,0,0,0,7435.18505859375,0,0,8031.197265625,0,11235.0007836264,0,14869.853827474,19826.4722622227,0,0,0,1321.7647448133,0,0,6608.82363176822,0,0,4295.73552228428,0,5287.05897925318,0,2643.52948962659,0,0,1321.7647448133,0,0,0,0,0,0,0,0,0,0,0,0,0,2643.52948962659,0,0,495.66179489444,0,0,0,0,0,0,0,93438.6015625,4230.033203125
"NGA",3,1,"LSMS-ISA2015",2015,2,2,212,956,0,20057,2,0,0,0,0,0,0,0,0,9200,260.714294433594,0,0,0,0,10428.5712890625,0,4258.33349609375,350,0,7279.04541015625,0,0,0,0,0,0,0,0,0,0,0,0,3910.71435546875,0,9125,0,2085.71429443359,2607.14282226563,5214.28564453125,0,0,0,0,0,0,11723.3935546875,0,0,0,0,0,0,0,0,0,20857.142578125,0,0,2607.14282226563,0,0,0,0,0,0,912.5,90819.703125,4230.033203125
"NGA",3,1,"LSMS-ISA2015",2015,2,2,212,956,0,20058,4,0,0,0,0,0,0,0,0,2750,0,0,0,0,0,0,0,12166.6669921875,0,0,8635.103515625,0,0,0,0,0,0,0,0,0,0,0,16346.724417008,0,0,9808.03516255808,0,1634.67246611486,0,0,0,0,0,0,0,0,12541.8051376203,0,0,0,0,0,0,0,0,0,0,0,0,0,0,0,0,0,0,0,0,63883.0078125,4230.033203125
"NGA",3,1,"LSMS-ISA2015",2015,2,2,212,956,0,20059,13,0,0,0,0,0,46.7948702298678,0,0,292.307692307692,38.461540222168,0,0,0,0,0,0,4679.4873046875,0,0,2451.27563476563,0,0,0,0,5177.19466544399,0,0,0,0,0,0,0,6980.48695217669,0,2734.0241051419,0,698.048716391045,2035.97532842183,0,0,0,0,58.1707268402731,0,0,2001.7204758409,0,0,0,0,0,0,0,0,0,0,0,0,0,0,0,0,0,0,0,0,27193.947265625,4230.033203125
"NGA",3,1,"LSMS-ISA2015",2015,2,2,212,956,0,20060,5,0,0,0,0,0,0,0,0,760,641.428588867188,0,0,0,0,0,0,7300,0,0,2217.40112304688,0,19206.5691891283,0,11523.9406017184,0,0,2560.87573088594,0,0,0,0,12804.3785188586,0,0,8322.84628679901,0,2560.87573088594,6402.18925942928,3841.31372385584,0,0,0,1280.43786544297,0,0,0,0,0,0,0,0,0,0,0,0,17926.1304907382,0,0,0,0,0,0,0,0,0,0,97348.3828125,4230.033203125
"NGA",3,1,"LSMS-ISA2015",2015,2,2,210,1300,0,20061,6,0,0,0,0,0,0,0,0,900,188.293655395508,0,0,0,0,0,0,0,0,0,5050.89599609375,0,0,0,0,0,0,0,0,0,0,0,0,0,0,1911.90478515625,0,1738.09521484375,0,3476.1904296875,0,0,6083.33317057292,260.714294433594,9014.44661458333,0,9385.71419270833,0,0,0,0,0,0,0,0,0,0,0,0,0,4426.03776041667,0,0,0,0,0,0,42435.625,3450.81665039063
"NGA",3,1,"LSMS-ISA2015",2015,2,2,210,1300,0,20062,11,0,0,0,0,0,0,0,0,581.818181818182,178.571426391602,0,0,0,0,0,0,2212.12133789063,0,0,5913.85107421875,0,0,0,0,2844.15589488636,0,0,0,0,0,4266.23366477273,0,948.051935369318,0,3318.18181818182,0,331.818181818182,0,1422.07794744318,0,0,94.8051979758523,0,2699.38583096591,0,1598.64470880682,0,0,0,0,0,0,0,0,0,0,2479.18483664773,0,237.01298384233,5022.76988636364,0,0,0,0,0,0,34148.6875,3450.81665039063
"NGA",3,1,"LSMS-ISA2015",2015,2,2,210,1300,0,20063,9,0,0,0,0,0,0,0,0,288.888888888889,108.148147583008,0,0,0,0,0,0,8787.037109375,0,695.238118489583,5001.10498046875,0,0,0,0,0,0,0,0,753.174587673611,0,0,0,0,0,1332.53971354167,0,1622.22222222222,0,1158.73014322917,0,0,4345.23811848958,289.682535807292,1885.28537326389,0,1993.66080729167,0,0,0,0,0,0,0,0,0,0,0,0,0,2839.36740451389,0,0,0,0,0,0,31100.318359375,3450.81665039063
"NGA",3,1,"LSMS-ISA2015",2015,2,2,210,1300,0,20064,7,0,0,0,0,0,0,0,0,1800,651.530639648438,2607.14282226563,0,0,0,0,0,1738.09533691406,142.857147216797,0,2853.98022460938,0,0,0,0,0,0,2099.83733467185,0,419.967472932241,0,0,4199.67480885262,1679.86989172896,1679.86989172896,2351.8179578077,0,1259.9024236846,0,839.934945864482,167.98699663713,839.934945864482,0,83.9934983185651,7260.38886997769,0,12640.3648506787,0,0,1103.65925664924,0,0,0,0,0,0,0,3780.5705306746,0,4521.99156928954,1454.72451379438,0,0,0,0,0,0,56178.09765625,3450.81665039063
"NGA",3,1,"LSMS-ISA2015",2015,2,2,210,1300,0,20065,8,0,0,0,0,0,0,0,0,750,65.1785736083984,0,0,0,0,0,0,0,0,0,2716.39819335938,0,0,0,0,0,0,0,0,0,0,0,0,0,0,4622.88625443394,0,6934.32960533511,0,0,0,0,0,462.288634087256,4512.93670109757,0,3181.57510546647,0,0,0,0,0,0,0,0,0,0,0,0,0,3398.39468227779,0,0,0,0,0,0,26643.98828125,3450.81665039063
"NGA",3,1,"LSMS-ISA2015",2015,2,2,210,1300,0,20066,9,0,0,0,0,0,0,0,0,933.333333333333,22.2222213745117,0,0,0,0,0,67.5925903320313,0,0,0,2029.93664550781,0,0,0,0,0,0,1170.10131187616,0,963.612847135312,0,0,1376.58971851965,688.294859259826,1376.58971851965,412.976933380468,0,757.124370753038,0,688.294859259826,412.9769198171,1101.27182750969,2409.0320228947,344.147447064609,3569.76835329574,0,0,3116.3503132567,0,0,0,0,0,0,0,0,0,4877.8474886207,0,1177.35285281569,1823.28972857987,0,0,0,0,0,67.5925903320313,29386.298828125,3450.81665039063
"NGA",3,1,"LSMS-ISA2015",2015,6,24,2404,0,1,20067,7,1460,1028.57141113281,0,0,0,3476.19056919643,0,347.619049072266,1714.28571428571,1602.85717773438,0,0,4345.23800223214,0,13408.1629464286,0,9559.5234375,0,0,6857.14306640625,0,0,0,0,4469.38783482143,0,2234.69391741071,0,1191.83677455357,0,0,10428.5714285714,8938.77566964286,1340.81626674107,819.387765066964,1489.7958984375,1117.34692382813,4469.38783482143,0,0,0,69647.9603794643,0,0,0,0,0,0,0,0,0,0,0,0,0,0,0,0,0,0,0,0,0,0,0,0,149947.546875,3450.81665039063
"NGA",3,1,"LSMS-ISA2015",2015,2,2,210,1300,0,20068,7,0,0,0,0,0,0,0,0,800,372.448974609375,0,0,0,0,0,0,0,0,0,2079.72729492188,0,0,0,0,0,0,1489.7958984375,0,0,0,0,0,1862.24483816964,0,2607.14285714286,0,1489.79593331473,0,2234.69391741071,0,0,0,744.89794921875,6438.89006696429,0,6882.39118303571,0,0,0,0,0,0,0,0,0,0,0,0,1007.85627092634,3913.017578125,0,0,0,0,0,0,31922.90234375,3450.81665039063
"NGA",3,1,"LSMS-ISA2015",2015,2,2,210,1300,0,20069,9,0,0,0,0,0,0,0,0,3444.44444444444,0,0,0,0,0,4055.55555555556,0,1351.85192871094,666.666687011719,0,2219.76245117188,0,0,0,0,0,2317.46028645833,0,0,695.238118489583,0,0,2607.14279513889,0,0,753.174587673611,0,1448.41267903646,0,579.365071614583,869.047634548611,0,0,115.873019748264,0,0,3907.79817708333,0,0,0,0,0,0,0,0,0,0,0,0,1061.56792534722,0,0,0,0,0,0,270.370361328125,26363.73046875,3450.81665039063
"NGA",3,1,"LSMS-ISA2015",2015,2,2,210,1300,0,20070,6,0,0,0,0,0,0,0,0,0,0,0,0,0,0,17380.9518229167,0,1216.66662597656,566.666687011719,0,5036.4033203125,0,0,0,0,4345.23795572917,0,0,0,0,0,0,0,2607.14290364583,0,1129.76188151042,0,2607.14282226563,0,0,0,0,1390.47623697917,608.333333333333,1413.96402994792,0,1953.89892578125,0,0,0,0,1042.85717773438,0,0,0,0,0,0,0,1009.50443522135,2055.90804036458,0,0,0,0,0,405.555541992188,44770.47265625,3450.81665039063
"NGA",3,1,"LSMS-ISA2015",2015,2,2,214,898,0,20071,27,0,1333.33337402344,0,1126.54318576389,0,0,0,0,777.777777777778,788.580200195313,0,0,0,0,0,0,2703.70361328125,0,0,5983.98388671875,0,0,0,8111.11111111111,48280.4212962963,5793.65104166667,0,0,0,0,0,19312.1689814815,2317.4603587963,0,1892.59259259259,0,2220.89945023148,1738.09519675926,772.486762152778,0,0,289.682535807292,96.5608452690972,0,0,0,0,0,0,0,0,0,0,0,0,0,0,0,0,0,0,0,0,0,0,0,103539.0546875,6802.68505859375
"NGA",3,1,"LSMS-ISA2015",2015,2,2,214,898,0,20072,14,608.333374023438,4285.71435546875,0,3041.66657366071,0,0,0,0,1071.42857142857,1465.81628417969,0,0,0,0,0,0,7821.4287109375,0,0,8629.0439453125,0,0,0,0,0,0,0,0,0,0,0,4052.6187497922,8105.23749958439,0,932.102363141123,0,1823.67848274617,0,2634.20214434943,0,0,0,202.63094155874,0,0,6529.56668015621,11736.9821315172,0,0,0,0,0,0,0,0,0,1541.44254452383,0,0,993.058985010852,0,0,0,0,0,0,65474.953125,6802.68505859375
"NGA",3,1,"LSMS-ISA2015",2015,2,2,214,898,0,20073,10,1825,0,0,2433.3333984375,0,0,0,0,3780,2370.119140625,365,0,1095,608.333349609375,0,365,4866.6669921875,200,0,3254.36938476563,0,0,0,2431.72743194489,1823.79562278679,0,0,0,1641.41608248077,1823.79562278679,0,9118.97834211338,12158.6375503494,3161.24573965335,3039.65933875923,2431.72748077301,4437.90259081126,0,1215.86371597244,851.104635360398,0,13374.5009564474,1215.86374038651,2472.80409256351,0,0,0,0,0,0,0,0,0,0,0,0,0,0,0,805.204260900401,0,0,0,0,0,730.000061035156,83897.0390625,6802.68505859375
"NGA",3,1,"LSMS-ISA2015",2015,2,2,214,898,0,20074,17,0,2823.529296875,0,3578.43129595588,0,357.843146829044,0,0,10529.4117647059,1444.39770507813,0,0,1431.37258731618,0,2147.05882352941,0,6083.3330078125,823.529418945313,0,11111.25,0,0,0,4600.84053308824,9201.68106617647,4600.84053308824,0,0,3373.94967830882,0,0,6134.45358455882,0,920.168083639706,858.823529411765,613.445369944853,1993.6974810432,766.806698069853,766.806698069853,1349.5798627068,0,10735.2937729779,214.705882352941,0,0,0,0,0,0,0,0,0,0,0,0,0,0,0,0,0,0,0,0,0,0,644.11767578125,87105.375,6802.68505859375
"NGA",3,1,"LSMS-ISA2015",2015,2,2,214,898,0,20075,27,901.234619140625,1333.33337402344,2253.08637152778,901.234592013889,0,675.925925925926,0,0,1000,441.534393310547,0,0,2703.7037037037,2253.08637152778,0,0,2478.39501953125,2253.08642578125,0,1544.34826660156,0,0,0,28968.2546296296,5310.84664351852,0,0,0,1158.73017939815,0,0,772.486762152778,0,482.804217303241,1332.5396412037,0,1544.97352430556,2317.4603587963,2317.4603587963,0,0,13518.5185185185,289.682544849537,0,0,0,0,0,0,0,0,0,0,0,0,0,0,0,0,0,0,0,0,0,0,0,76752.734375,6802.68505859375
"NGA",3,1,"LSMS-ISA2015",2015,2,2,214,898,0,20076,8,1064.58337402344,0,0,2281.25,0,0,0,0,675,1244.94055175781,0,0,0,0,0,0,4562.5,0,0,2828.57250976563,0,0,0,8340.04699176273,7645.04297346785,0,0,0,0,0,0,0,6950.03871103234,0,3753.02094301996,0,7645.04285139753,4170.02349588137,3475.01935551617,0,0,0,1390.0077544135,0,0,0,0,0,0,0,0,0,0,0,0,0,0,0,0,0,0,0,0,0,0,0,56025.08984375,6802.68505859375
"NGA",3,1,"LSMS-ISA2015",2015,2,2,214,898,0,20077,10,6326.6669921875,3240,0,3041.6666015625,0,851.66669921875,0,0,12000,564.047607421875,0,0,23603.3328125,0,0,0,18858.33203125,4866.6669921875,0,34785.1171875,0,0,0,0,0,10428.57109375,0,0,9385.7140625,7821.42890625,0,10428.57109375,10428.57109375,0,6257.14296875,2607.14287109375,8864.285546875,0,1303.57138671875,1042.85712890625,0,1147.14287109375,0,0,0,2408.8369140625,15427.834375,0,0,0,0,0,0,0,0,0,0,0,0,2739.1123046875,0,0,0,0,0,730,199158.28125,6802.68505859375
"NGA",3,1,"LSMS-ISA2015",2015,2,2,214,898,0,20078,2,6083.33349609375,0,0,9125,3041.66674804688,912.5,0,0,19500,10505.357421875,0,0,18250,0,5214.28564453125,0,24333.333984375,3000,0,15109.2099609375,0,0,0,0,0,0,2872.23148129902,0,3446.6779179723,1436.11574064951,0,51700.1670909546,28722.3142639999,12637.8187985426,2872.23148129902,5744.46296259805,6606.13243450249,0,0,3303.06621725124,0,11488.9261693367,0,0,0,1201.58234538169,6384.05203345039,10076.8610825946,0,0,0,3484.22345384786,0,0,0,0,9909.19895676648,0,5063.96622255714,0,3446.6779179723,2154.17366442079,0,4021.12411050494,0,1216.66662597656,292863.34375,6802.68505859375
"NGA",3,1,"LSMS-ISA2015",2015,2,2,214,898,0,20080,2,2737.5,6000,0,3041.66674804688,0,0,0,0,9600,2987.85717773438,0,0,0,0,7821.4287109375,0,3650,500,0,9000,0,0,0,15642.857421875,5735.71435546875,20857.142578125,0,0,4692.85693359375,0,0,20857.142578125,0,0,3389.28564453125,0,10428.5714111328,0,1303.57141113281,8082.14306640625,0,4171.4287109375,0,0,0,0,0,0,0,0,0,0,0,0,0,0,0,0,0,0,0,0,0,0,0,11558.3330078125,152057.484375,6802.68505859375
"NGA",3,1,"LSMS-ISA2015",2015,2,2,215,8,1,20081,7,0,0,0,0,0,869.047642299107,0,0,1000,217.346939086914,0,0,0,0,0,0,4692.85693359375,0,0,3204.21997070313,0,0,0,0,0,4469.38783482143,0,0,968.367327008929,0,0,0,0,0,3575.51032366071,0,1117.34695870536,0,2979.591796875,0,0,0,0,0,0,2563.27818080357,0,0,0,0,0,0,0,0,0,0,0,0,0,3650.615234375,0,0,0,0,0,0,29307.5703125,6345.0498046875
"NGA",3,1,"LSMS-ISA2015",2015,2,2,215,8,1,20082,9,0,0,0,0,0,0,0,0,1733.33333333333,162.222229003906,0,0,0,0,0,0,7300,266.666656494141,0,4859.5859375,0,0,0,0,2896.82530381944,0,0,0,2085.71419270833,0,0,0,0,57.9365098741319,2317.46028645833,0,1911.90474446615,0,289.682535807292,869.047634548611,0,10080.9527994792,695.238118489583,0,0,9367.69791666667,0,0,0,0,0,0,5214.28559027778,0,0,0,660.926161024306,0,405.555555555556,576.176052517361,0,0,0,0,0,405.555541992188,52156.765625,6345.0498046875
"NGA",3,1,"LSMS-ISA2015",2015,2,2,215,8,1,20083,9,6083.33349609375,0,0,0,0,0,0,0,5822.22222222222,240.476181030273,0,0,0,0,0,0,9733.3330078125,0,0,1662.97399902344,0,0,0,0,0,0,0,0,0,0,0,0,0,0,0,0,0,2607.14279513889,1448.41265190972,0,0,0,695.238118489583,0,0,16058.9114583333,0,0,0,0,0,0,0,0,0,0,0,0,730.939453125,0,0,0,0,0,0,0,45082.98046875,6345.0498046875
"NGA",3,1,"LSMS-ISA2015",2015,2,2,215,8,1,20084,1,2433.33325195313,0,0,0,0,0,0,0,8800,4866.66650390625,0,0,0,0,10428.5712890625,0,0,1000,0,30575.12109375,0,0,0,15642.857421875,14600,0,0,0,6257.14306640625,0,0,0,26071.427734375,3128.57153320313,6778.5712890625,0,15642.8569335938,0,3128.57153320313,7821.4287109375,0,0,0,0,0,0,0,0,0,0,0,0,0,0,0,0,0,0,0,5185.58447265625,0,0,0,0,0,2433.33325195313,164794.046875,6345.0498046875
"NGA",3,1,"LSMS-ISA2015",2015,2,2,215,8,1,20085,12,0,0,0,2027.77783203125,0,506.944458007813,0,0,4083.33333333333,3858.61108398438,0,0,0,0,4345.23795572917,0,3244.4443359375,916.666687011719,0,3923.80834960938,0,0,0,1520.83333333333,2389.88102213542,0,0,0,2172.61905924479,0,0,4345.23795572917,0,1303.57145182292,1738.09521484375,0,2824.40472412109,0,1173.21427408854,1825,0,7386.90454101563,260.714294433594,0,0,5018.41048177083,0,0,0,0,0,0,0,0,0,0,0,0,1126.99849446615,729.399780273438,0,0,0,0,0,912.5,57634.609375,6345.0498046875
"NGA",3,1,"LSMS-ISA2015",2015,2,2,215,8,1,20086,11,6636.36376953125,0,0,0,0,0,0,0,218.181818181818,131.168838500977,0,0,0,0,0,0,5530.302734375,0,0,3963.44458007813,0,6291.12388268422,0,0,0,0,1048.52061385738,0,0,0,0,0,3669.82219838581,0,1572.78097067105,0,524.260306928688,2359.1713562366,2254.3192693165,0,0,0,524.260306928688,0,0,12109.5940166095,0,0,0,0,0,0,0,0,0,0,0,0,438.711603164311,0,0,0,0,0,0,0,47272.03125,6345.0498046875
"NGA",3,1,"LSMS-ISA2015",2015,2,2,215,8,1,20087,31,5298.38720703125,1161.29028320313,0,11774.1935483871,0,0,1177.41935483871,196.236557006836,17774.1935483871,7187.404296875,5887.0966796875,0,981.182774697581,0,4205.06905241936,392.473128780242,8634.408203125,967.741943359375,0,52975.85546875,0,0,0,0,0,5046.08316532258,2523.04158266129,0,5046.08316532258,0,0,10092.1663306452,4541.4747983871,0,2018.43312121976,2523.04139364919,7232.71895476311,0,4205.06905241936,269.12443296371,0,7064.51600302419,925.115179246472,0,0,3885.22101814516,25184.6663306452,0,5756.01587701613,4575.53578629032,0,0,0,0,0,0,6896.31338205645,0,0,1767.16922883065,0,0,0,0,0,1177.41931152344,219342.15625,6345.0498046875
"NGA",3,1,"LSMS-ISA2015",2015,2,2,215,8,1,20088,7,0,0,0,0,0,0,0,0,3714.28571428571,37.2448997497559,0,0,0,0,13408.1629464286,0,1651.1904296875,800,0,2138.109375,0,0,0,0,2344.40990117163,0,0,0,1004.74713636867,0,0,0,2511.86779559385,0,1004.74713636867,0,418.64462097323,0,418.64462097323,1255.93389779692,1674.57848389292,0,0,0,0,13538.0489010426,0,0,0,0,0,0,0,0,0,0,0,0,418.64462097323,832.6805166182,0,0,0,0,0,0,47171.94140625,6345.0498046875
"NGA",3,1,"LSMS-ISA2015",2015,2,2,215,8,1,20089,8,2281.25,3000,0,3041.66674804688,304.166656494141,0,0,0,2050,4207.619140625,0,0,0,0,2607.14282226563,456.25,4562.5,375,0,8260.6455078125,0,0,0,1143.73136540546,0,0,0,0,2134.96516531799,0,0,15249.7512882118,0,1906.21884999132,762.487545621014,762.487545621014,3431.1940022685,0,1906.21884999132,152.497516461945,0,9912.33819181134,2516.20898510244,3954.56088362596,0,3522.45404775233,3452.26797794706,2688.73946556592,999.207728036112,0,0,0,0,0,0,0,3823.8985105312,0,531.004466731847,2002.70867906715,0,0,0,0,0,152.08332824707,92151.2578125,6345.0498046875
"NGA",3,1,"LSMS-ISA2015",2015,2,2,215,8,1,20090,6,0,0,0,0,0,2433.33333333333,0,0,0,66.6666641235352,0,0,0,0,0,0,9125,0,0,15173.0986328125,0,0,0,0,0,0,0,0,0,0,0,0,0,0,3997.619140625,0,3476.1904296875,0,0,0,0,869.047607421875,434.523803710938,0,0,5233.35970052083,0,0,0,0,0,0,0,0,0,0,2420.46663411458,0,0,4604.20572916667,0,0,0,0,0,0,47833.51171875,6345.0498046875
"NGA",3,1,"LSMS-ISA2015",2015,2,2,207,1302,0,20091,9,0,0,0,0,0,0,0,0,1117.77777777778,345.238098144531,0,0,0,0,0,0,4055.5556640625,0,0,1728.26306152344,0,0,869.047634548611,0,4055.55555555556,0,579.365071614583,0,695.238118489583,0,0,2896.82530381944,1448.41265190972,0,1738.09526909722,0,3476.1904296875,0,2027.77777777778,0,0,0,579.365071614583,4713.21354166667,0,0,0,0,0,0,0,0,0,0,0,0,0,0,0,0,0,0,0,0,0,0,30325.919921875,3116.86645507813
"NGA",3,1,"LSMS-ISA2015",2015,2,2,207,1302,0,20092,9,0,0,0,0,0,0,0,0,977.777777777778,116.084663391113,0,0,0,0,2317.46028645833,0,405.555541992188,0,0,11125.8994140625,0,0,0,0,0,0,0,0,1390.47623697917,0,0,0,4055.55555555556,0,2201.58723958333,0,2607.14284939236,0,231.746039496528,869.047634548611,0,0,289.682535807292,0,0,8116.52322048611,2639.65321180556,0,0,0,0,0,0,0,0,0,1515.05740017361,0,1029.48098415799,2302.10286458333,0,0,0,0,0,0,42190.83203125,3116.86645507813
"NGA",3,1,"LSMS-ISA2015",2015,2,2,207,1302,0,20093,5,0,0,0,0,0,0,0,0,1240,328.571441650391,0,0,0,0,0,0,9733.333984375,0,0,9693.294921875,0,0,0,0,0,0,0,0,1380.96189263129,0,0,8055.61076214936,0,9206.41219966957,3452.40466231457,0,5178.60696507927,0,2877.00374824197,1496.04196348469,0,0,1150.8015249587,9947.51632261107,0,5316.34316346968,10420.8264977182,0,0,0,0,0,0,0,0,0,0,0,0,0,0,0,0,0,0,0,79477.734375,3116.86645507813
"NGA",3,1,"LSMS-ISA2015",2015,2,2,207,1302,0,20094,2,0,0,0,0,0,0,0,0,2800,130.357147216797,0,0,0,0,0,0,0,550,4171.4287109375,4628.4140625,0,0,0,0,0,0,0,0,0,0,0,0,0,0,3389.28564453125,0,0,0,0,0,0,3128.57153320313,260.714294433594,4241.89208984375,0,5861.69677734375,0,0,0,0,0,0,0,0,0,0,6377.90283203125,0,4552.13696289063,2926.40209960938,0,0,0,0,0,608.333312988281,43627.1328125,3116.86645507813
"NGA",3,1,"LSMS-ISA2015",2015,2,2,207,1302,0,20095,11,0,0,0,0,0,0,0,0,3654.54545454545,474.242401123047,0,0,0,0,0,553.030317826705,1327.27270507813,0,0,2116.60668945313,0,0,0,423.752980198252,0,0,529.691199196072,0,1271.25894059476,0,0,4237.52959356858,1589.0736496917,2118.76479678429,5032.06636631094,0,1483.13536749309,529.691199196072,1324.22797965272,529.691199196072,0,3442.99284302081,476.722089697162,5494.37450585369,2138.10297758094,0,7194.75019566955,0,0,0,0,0,0,0,0,0,0,0,1593.963742797,0,0,0,0,0,0,221.212112426758,47756.69921875,3116.86645507813
"NGA",3,1,"LSMS-ISA2015",2015,2,2,207,1302,0,20096,9,0,0,0,0,0,0,0,0,666.666666666667,0,0,0,0,0,0,0,4461.111328125,0,0,5385.1640625,0,0,0,0,0,0,0,0,0,0,0,0,3476.19053819444,0,1158.73014322917,0,289.682535807292,0,0,0,0,0,289.682535807292,1885.28537326389,0,2492.076171875,0,0,0,0,0,0,0,0,0,0,3030.11480034722,0,0,3069.47048611111,0,0,0,0,0,0,26204.17578125,3116.86645507813
"NGA",3,1,"LSMS-ISA2015",2015,2,2,207,1302,0,20097,7,0,0,0,0,0,0,0,0,525.714285714286,291.836730957031,0,0,0,6952.38113839286,0,0,1738.09533691406,571.428588867188,0,1044.52856445313,0,0,0,0,0,0,0,0,0,0,0,11267.9020438414,0,0,3286.47137305821,0,4037.66479567537,0,938.99180878902,0,0,0,845.092666719035,8116.63529117795,0,0,4251.41545713647,0,0,0,0,0,0,0,0,0,0,0,863.872512051688,4932.61052273346,0,0,0,0,0,173.809524536133,49838.453125,3116.86645507813
"NGA",3,1,"LSMS-ISA2015",2015,2,2,207,1302,0,20098,6,0,0,0,0,0,0,0,0,1266.66666666667,1238.88879394531,0,0,0,0,0,0,9125,0,0,3338.84252929688,0,0,0,0,0,0,0,0,0,0,0,0,0,0,1825,0,3302.380859375,0,3476.1904296875,0,0,0,260.714294433594,2827.92805989583,0,2990.4912109375,0,0,0,0,0,0,0,0,0,0,0,0,0,2302.10286458333,0,0,0,0,0,0,31954.203125,3116.86645507813
"NGA",3,1,"LSMS-ISA2015",2015,2,2,207,1302,0,20099,2,0,0,0,0,3041.66674804688,1216.66662597656,0,0,9500,380.714294433594,0,0,0,0,52142.85546875,0,9125,1800,0,23443.841796875,0,0,0,0,0,6517.85693359375,0,0,3128.57153320313,0,0,0,13035.7138671875,0,3128.57153320313,2607.14282226563,8082.14282226563,4692.85693359375,1303.57141113281,3910.71435546875,0,0,0,0,0,8792.5458984375,5939.2197265625,0,0,0,0,0,0,0,0,0,2119.8857421875,0,0,0,0,0,0,0,0,1216.66662597656,165126.203125,3116.86645507813
"NGA",3,1,"LSMS-ISA2015",2015,2,2,207,1302,0,20100,12,0,0,0,0,0,0,0,0,1216.66666666667,1786.92468261719,0,0,0,0,0,811.111083984375,6083.33349609375,833.333312988281,0,4096.62744140625,0,0,0,441.183976339084,0,0,0,0,1544.14395810352,0,0,5294.20788064237,0,0,1985.32789329926,0,2205.91994409028,0,1764.73590535634,0,441.183976339084,1764.73590535634,529.420775675911,5339.02573321781,0,3057.1977684857,5992.56416763103,0,0,0,0,0,0,0,0,0,0,0,349.439327221854,1528.21631783581,0,0,0,0,0,101.388885498047,47166.6875,3116.86645507813
"NGA",3,1,"LSMS-ISA2015",2015,2,2,205,712,0,20101,1,0,0,0,0,0,0,0,0,3200,1342.85717773438,0,0,0,0,0,0,0,0,0,14558.0908203125,0,0,0,0,0,0,0,0,0,0,0,0,0,0,5827.44171028088,0,1589.30231915008,0,0,0,0,0,0,8619.45953993739,0,4557.47413786163,0,0,0,0,0,0,0,0,0,0,0,0,0,12532.720625682,0,0,0,0,0,0,52227.34375,5454.5166015625
"NGA",3,1,"LSMS-ISA2015",2015,2,2,205,712,0,20102,14,0,0,0,0,0,0,0,0,5957.14285714286,108.673469543457,0,0,0,0,7448.97935267857,0,955.952331542969,857.142883300781,0,6588.28759765625,0,0,0,0,0,0,0,0,2234.69391741071,0,0,0,0,0,1303.57142857143,0,1117.34692382813,0,744.89794921875,558.673479352679,0,2830.6123046875,0,0,0,9139.85274832589,3372.62862723214,0,0,0,0,0,3352.04073660714,0,0,0,0,0,1922.73699079241,1956.5087890625,0,0,0,0,0,260.714294433594,50710.4609375,5454.5166015625
"NGA",3,1,"LSMS-ISA2015",2015,2,2,205,712,0,20103,8,0,0,0,0,0,0,0,0,637.5,245.535720825195,0,0,0,0,0,0,0,0,0,1314.2421875,0,0,0,0,0,0,1303.57141113281,0,0,0,0,0,0,0,0,0,0,1955.35717773438,0,0,0,0,782.142883300781,11268.0576171875,0,7527.61572265625,0,0,0,0,0,0,0,0,0,0,0,0,1763.74847412109,0,0,0,0,0,0,0,26797.76953125,5454.5166015625
"NGA",3,1,"LSMS-ISA2015",2015,2,2,205,712,0,20104,8,0,0,0,0,0,0,0,0,0,65.1785736083984,0,0,0,0,0,0,2585.41674804688,0,195.535720825195,1723.02062988281,0,0,0,0,0,0,0,0,0,0,0,0,14339.2861328125,0,2802.67858886719,0,977.678588867188,0,2607.14282226563,0,0,2281.25,325.892868041992,2120.94604492188,0,1121.43420410156,4454.41455078125,0,0,0,0,0,0,0,0,0,0,0,0,3453.154296875,0,0,0,0,0,0,39053.02734375,5454.5166015625
"NGA",3,1,"LSMS-ISA2015",2015,2,2,205,712,0,20105,1,0,0,0,0,0,0,0,0,0,521.428588867188,0,0,0,0,0,0,0,0,0,20282.658203125,0,0,0,0,0,0,0,0,0,0,0,0,5214.28564453125,0,5214.28564453125,0,5214.28588867188,0,2607.14282226563,0,0,140785.714355469,2607.14294433594,4422.18115234375,0,0,4646.56640625,0,503.994781494141,0,10793.5715942383,0,0,0,0,0,0,0,8491.8369140625,2592.79223632813,0,0,0,0,0,12166.6669921875,226064.578125,5454.5166015625
"NGA",3,1,"LSMS-ISA2015",2015,2,2,205,712,0,20106,8,0,0,0,0,0,0,0,0,1500,130.357147216797,0,0,0,0,0,0,304.166656494141,0,0,11566.2744140625,0,0,0,0,0,0,0,0,0,0,0,0,0,0,1499.10717773438,0,1629.46429443359,0,2607.14282226563,0,0,0,195.535720825195,1060.47302246094,0,2242.86840820313,2696.66772460938,0,0,0,0,0,0,0,0,0,1594.47570800781,0,0,3194.28833007813,0,0,0,0,0,0,30220.8203125,5454.5166015625
"NGA",3,1,"LSMS-ISA2015",2015,2,2,205,712,0,20107,6,0,0,0,0,0,0,0,0,700,94.1666641235352,0,0,0,0,0,0,0,166.66667175293,0,973.20361328125,0,0,0,0,0,0,0,0,0,0,0,1738.09521484375,0,869.047607421875,0,0,434.523803710938,0,1303.57145182292,0,2607.14290364583,1564.28572591146,260.714294433594,0,0,8049.86962890625,774.427734375,0,1535.08723958333,0,0,0,0,4224.90852864583,0,0,912.5,0,3696.97192382813,3010.29231770833,0,0,0,0,0,0,32915.4765625,5454.5166015625
"NGA",3,1,"LSMS-ISA2015",2015,2,2,205,712,0,20108,5,0,0,0,0,0,0,0,0,800,136.285720825195,0,0,0,0,4171.428515625,0,0,700,0,1167.84436035156,0,0,0,0,0,0,1564.2857421875,0,0,0,0,0,3128.571484375,0,1911.90473632813,0,2085.7142578125,0,1564.2857421875,0,0,1564.2857421875,208.571435546875,0,0,5861.697265625,2157.3341796875,0,0,0,0,0,0,0,0,0,0,0,730,877.920703125,0,0,0,0,0,730,29360.12890625,5454.5166015625
"NGA",3,1,"LSMS-ISA2015",2015,2,2,205,712,0,20109,3,0,0,0,0,0,0,0,0,5066.66666666667,1247.61901855469,0,0,0,0,0,0,28388.890625,0,0,13066.3701171875,0,0,0,0,0,0,0,0,2121.699842358,0,0,14144.6649492768,7956.3739514329,14144.6649492768,11492.5405188934,2652.12476052473,15912.7483911471,0,6188.29099784393,2298.50803682634,0,0,0,6113.3169145717,0,12251.9856821342,20925.3550131584,0,0,0,0,0,0,0,0,0,2188.64666651322,0,0,27863.7073907678,0,0,0,0,0,0,194024.1875,5454.5166015625
"NGA",3,1,"LSMS-ISA2015",2015,2,2,205,712,0,20110,8,0,0,0,0,0,0,0,0,650,245.535720825195,0,0,0,0,0,0,0,0,0,1874.30480957031,0,0,0,0,0,0,0,0,0,0,0,0,0,0,0,0,0,0,0,0,0,0,782.142883300781,11268.0576171875,0,7527.61572265625,14755.2490234375,0,0,0,0,0,0,0,0,0,0,0,1081.96423339844,6847.78076171875,0,0,0,0,0,0,45032.65234375,5454.5166015625
"NGA",3,1,"LSMS-ISA2015",2015,2,2,218,1592,0,20111,10,0,0,0,0,0,0,0,0,1640,180,0,0,0,0,0,0,0,0,0,1584.39147949219,0,0,0,0,0,0,0,0,0,0,0,0,0,0,2943.69890684518,0,481.696191024102,0,1070.43595793323,0,0,267.608989483307,642.261579265698,7402.2699244001,4320.82373828488,0,4846.54704958822,0,0,0,0,0,0,0,0,12845.2318858237,3058.38865193672,0,0,1405.77468621451,0,0,0,0,0,0,42689.12890625,3339.5
"NGA",3,1,"LSMS-ISA2015",2015,2,2,218,1592,0,20112,2,0,0,0,0,0,0,0,0,3100,1560.71435546875,0,0,0,0,0,0,0,2000,0,7279.04541015625,0,0,0,0,0,0,0,0,3128.57153320313,0,0,0,0,0,2607.14282226563,0,3910.71429443359,0,3910.71435546875,1825,0,23464.2854003906,521.428588867188,4507.22314453125,5261.876953125,0,0,0,0,0,0,0,0,0,0,11992.8570556641,5657.5,0,2398.57153320313,6847.78076171875,0,0,0,0,0,0,89973.421875,3339.5
"NGA",3,1,"LSMS-ISA2015",2015,2,2,218,1592,0,20113,11,0,0,0,0,0,0,0,0,36.3636363636364,94.8051986694336,0,0,0,0,0,0,0,0,0,5818.76220703125,0,0,0,0,0,0,0,0,0,0,0,0,0,0,2205.48751125044,0,1025.80812536478,0,0,0,0,0,153.87122634604,2503.52637732084,0,6618.60379929049,0,0,0,0,0,0,0,0,0,0,0,0,0,0,0,0,0,0,0,0,18457.228515625,3339.5
"NGA",3,1,"LSMS-ISA2015",2015,2,2,218,1592,0,20114,9,0,0,0,0,0,0,0,0,577.777777777778,115.873016357422,0,0,0,0,0,0,3379.62963867188,0,0,23373.666015625,0,0,0,0,0,0,0,0,0,0,0,0,0,0,3780.04006517021,0,6600.06993417721,0,4800.05081161963,0,0,0,900.009555301613,4881.13316281075,1152.39328503596,1032.3448931862,0,0,0,0,0,0,0,0,0,0,0,0,0,7947.06945361937,0,0,0,0,0,0,58540.0546875,3339.5
"NGA",3,1,"LSMS-ISA2015",2015,2,2,218,1592,0,20115,6,0,0,0,0,0,0,0,0,3000,101.388885498047,0,0,0,0,0,0,2027.77783203125,333.333343505859,0,5756.73583984375,0,0,0,0,0,0,1089.64916919647,0,1198.61412114256,1089.64916919647,0,2724.12294573199,0,3268.94752274995,9262.0179505418,0,4576.52656033301,2179.29833839294,1525.50888044008,0,0,3813.77214045802,217.929844251396,9418.91610933874,15394.3223143114,5033.8384483793,0,0,0,0,0,0,19613.684852455,0,0,0,0,0,0,0,0,0,0,0,0,101.388885498047,91727.4375,3339.5
"NGA",3,1,"LSMS-ISA2015",2015,2,2,218,1592,0,20116,8,0,0,0,0,0,0,0,0,1025,125,0,0,0,0,0,0,0,0,0,2967.27124023438,0,0,0,0,0,0,0,0,0,0,0,0,0,0,4236.60717773438,0,651.785705566406,0,1629.46423339844,0,0,0,651.785705566406,11268.0576171875,5261.876953125,0,0,0,0,0,0,0,0,0,0,7821.4287109375,0,0,0,0,0,0,0,0,0,0,35638.27734375,3339.5
"NGA",3,1,"LSMS-ISA2015",2015,2,2,218,1592,0,20117,11,0,0,0,0,0,0,0,0,545.454545454546,94.8051986694336,0,0,0,0,0,0,0,0,0,2896.96215820313,0,0,0,0,0,0,1422.07794744318,0,0,0,0,0,0,0,1185.06489701705,0,4740.25958806818,0,0,0,0,5688.3115234375,142.207796963778,1542.50621448864,0,1631.17702414773,2159.71626420455,0,0,0,0,0,0,0,0,0,0,0,0,0,0,0,0,0,0,0,22048.544921875,3339.5
"NGA",3,1,"LSMS-ISA2015",2015,2,2,218,1592,0,20118,6,0,0,0,0,0,0,0,0,966.666666666667,173.809524536133,0,0,0,0,0,0,0,0,0,1271.76867675781,0,0,0,0,0,0,0,0,0,0,0,0,0,0,2607.14290364583,0,0,0,0,0,0,0,0,7512.03841145833,8769.79427083333,4014.72819010417,7869.466796875,0,0,0,0,0,0,0,0,0,0,0,721.309488932292,0,0,0,0,0,0,0,33906.72265625,3339.5
"NGA",3,1,"LSMS-ISA2015",2015,2,2,218,1592,0,20119,10,0,0,0,0,0,0,0,0,0,590.952331542969,0,0,0,0,0,0,0,0,0,5155.7763671875,0,0,0,0,0,0,0,0,0,0,0,0,0,0,1127.4665994229,0,375.822200151954,3758.22200358545,0,0,0,0,0,4367.66371165731,0,0,0,0,0,0,0,0,0,0,0,0,0,0,0,0,0,0,0,0,0,0,15375.9033203125,3339.5
"NGA",3,1,"LSMS-ISA2015",2015,2,2,218,1592,0,20120,5,0,0,0,0,0,0,0,0,4400,0,0,0,0,0,0,0,0,0,0,3168.78295898438,0,0,0,0,0,0,0,0,1251.42861328125,0,0,0,0,0,3128.571484375,0,5214.28564453125,2607.1427734375,3128.571484375,0,0,0,0,7211.55703125,4209.5015625,4817.673828125,9443.36015625,0,0,0,0,0,0,0,0,8342.85703125,0,0,1124.5267578125,0,0,0,0,0,0,0,58048.2578125,3339.5
"NGA",3,1,"LSMS-ISA2015",2015,5,3,331,2322,1,30001,7,312.857147216797,8228.5712890625,0,1738.09528459821,0,3476.19056919643,0,0,37828.5714285714,10065.3056640625,0,0,17380.9520089286,0,11173.4698660714,0,27809.525390625,18809.521484375,0,88831.1328125,0,0,0,0,117108.818261087,81976.1745977412,18737.4116967988,0,18737.4118363078,9368.70584839942,35132.6482007966,46843.5263969446,351326.486618583,33961.5583356707,56212.2335192157,63238.7642628598,48014.6181122693,14053.0584844356,4684.35292419971,77994.4774130849,0,119451.00252879,9368.70588327665,0,0,0,0,19768.4198770801,9368.70584839942,0,0,0,0,0,23421.7654671978,0,9368.70584839942,0,0,0,175663.243309291,2927.72039980904,0,0,0,1042.85717773438,1573425.875,4108.75146484375
"NGA",3,1,"LSMS-ISA2015",2015,5,3,331,2322,1,30002,7,1738.09533691406,5142.85693359375,0,0,0,2954.76199776786,0,0,0,4932.8232421875,0,0,0,0,5214.28571428571,0,3476.19067382813,0,0,40311.8203125,0,0,0,0,17877.5513392857,0,8938.77566964286,0,7076.53044782366,2979.591796875,0,4469.38762555804,8193.87751116071,1340.81637137277,1489.7958984375,0,2830.61223493304,2979.591796875,297.959193638393,1862.24490792411,0,16760.2040666853,1862.24487304688,0,0,0,0,0,4535.21065848214,0,0,0,0,0,0,0,0,0,0,0,0,0,0,0,0,0,147265.234375,4108.75146484375
"NGA",3,1,"LSMS-ISA2015",2015,5,3,331,2322,1,30003,5,0,19200,0,0,0,1703.3333984375,0,0,23200,8450,0,0,0,0,20857.1421875,0,14600,2000,0,44022.5078125,0,0,0,0,20857.1421875,0,3128.571484375,0,10950.0002929688,0,0,3128.571484375,14600,8342.85703125,6778.5712890625,13557.1426757813,3649.99990234375,5214.285546875,0,3232.85712890625,0,52142.85546875,0,0,0,0,0,0,0,0,0,6451.9171875,0,0,0,0,646.571435546875,2085.7142578125,0,0,0,3476.190625,0,0,0,0,292276.25,4108.75146484375
"NGA",3,1,"LSMS-ISA2015",2015,5,3,331,2322,1,30004,5,0,8400,0,0,0,3163.3333984375,0,0,8000,4303.3330078125,0,0,10220,0,5214.285546875,0,12653.333984375,1000,0,50000,0,0,0,0,15642.8578125,0,6257.1427734375,0,16164.2853515625,12514.2859375,0,25028.571484375,5214.285546875,4692.85703125,1042.85712890625,15642.856640625,12514.2857910156,0,0,4901.42861328125,0,181457.1421875,3650.00004882812,0,0,0,0,8846.821875,5840,0,0,0,0,0,0,1374.11767578125,2224.7619140625,0,0,7821.428125,96603.334375,34761.903125,0,0,0,1216.66674804688,566366.25,4108.75146484375
"NGA",3,1,"LSMS-ISA2015",2015,5,3,331,2322,1,30005,11,884.848449707031,3818.18188476563,0,331.818181818182,0,3096.96981534091,0,0,7727.27272727273,1750.43286132813,0,0,2212.12127130682,0,2370.12979403409,0,3318.18188476563,0,0,17173.865234375,0,0,0,0,7584.41548295455,0,7584.41548295455,0,11518.831587358,11376.623046875,0,10428.5713778409,5925.32448508523,2180.51953125,3365.58438387784,5593.50644753196,2844.15582830256,5688.31178977273,1042.85715553977,2701.94810901989,0,169227.272727273,1185.06491921165,0,0,0,0,0,0,0,0,0,0,0,0,0,0,0,0,0,0,0,0,0,0,0,290931.25,4108.75146484375
"NGA",3,1,"LSMS-ISA2015",2015,5,3,331,2322,1,30006,5,365,22526.400390625,0,2433.3333984375,0,7300,0,0,7400,12366.4287109375,0,0,48666.665625,0,104285.7125,0,38933.3359375,12966.666015625,0,57567.71875,0,0,0,3128.571484375,52142.85625,0,20857.1421875,0,5214.285546875,0,13557.1421875,83428.571875,57357.1421875,20857.14296875,5735.7142578125,2085.7142578125,22942.8575195313,2607.1427734375,2085.7142578125,15330.0001464844,0,0,5735.71430664063,0,0,0,0,0,0,0,0,0,0,0,0,3754.285546875,0,0,0,0,0,2607.1427734375,0,0,0,1703.33337402344,635941.8125,4108.75146484375
"NGA",3,1,"LSMS-ISA2015",2015,5,3,331,2322,1,30007,6,2027.77783203125,10000,0,3041.66666666667,0,0,0,0,5000,4114.6826171875,0,0,0,0,8690.47591145833,0,3244.4443359375,0,0,6937.20361328125,0,1387.9051372562,0,578.293781039407,2313.17512415763,8096.11303334877,4626.35024831526,0,2313.17512415763,0,0,4048.05651667439,2081.85753156338,0,1387.9051372562,0,5320.30266882386,0,0,1156.58756207881,0,578.293781039407,1387.9051372562,0,0,0,0,0,0,0,0,2335.5451326053,0,0,0,0,0,0,0,0,0,0,0,0,0,0,80667.71875,4108.75146484375
"NGA",3,1,"LSMS-ISA2015",2015,5,3,331,2322,1,30008,6,0,20000,0,405.555541992188,0,3041.66666666667,0,0,5666.66666666667,16385.712890625,0,0,10138.888671875,0,3476.1904296875,0,40555.5546875,101388.8828125,0,56193.09765625,0,0,0,0,104285.71875,0,17380.9518229167,17380.9518229167,12601.1906738281,17380.9518229167,17380.9518229167,18249.9994303385,43452.3802083333,4866.66666666667,2607.14290364583,4345.23811848958,13470.2380371094,0,0,15034.5237630208,0,46059.5223795573,10863.0949707031,0,0,0,0,0,0,0,0,0,0,0,0,0,9269.84114583333,0,0,0,0,0,0,0,0,23319.443359375,635201,4108.75146484375
"NGA",3,1,"LSMS-ISA2015",2015,5,3,331,2322,1,30009,8,1520.83337402344,0,0,3041.66674804688,0,1368.75,0,0,7000,10686.607421875,0,0,7604.16650390625,0,6517.85693359375,0,3802.08349609375,1125,0,3338.93017578125,0,0,0,0,19553.572265625,0,6517.85693359375,0,2281.25,0,0,2607.14288330078,5866.0712890625,1955.35717773438,2607.1428527832,2281.25,4366.96426391602,0,0,651.785705566406,3258.92846679688,35848.2137451172,1629.46426391602,0,0,0,0,0,0,0,0,9776.7861328125,0,0,0,0,0,5910.01171875,0,0,0,0,0,0,0,0,151117.703125,4108.75146484375
"NGA",3,1,"LSMS-ISA2015",2015,5,3,331,2322,1,30010,5,0,10800,10950,0,0,4866.666796875,0,0,9400,12599.5234375,0,0,24333.3328125,0,20857.1421875,0,21900,8500,0,706164.625,0,0,0,0,0,21900,20857.1421875,0,8864.28603515625,16685.7140625,52142.85625,57357.14375,156428.571875,7300,13557.1421875,4171.42861328125,13557.1427734375,0,10428.57109375,23985.714453125,5214.285546875,20857.1421875,3128.57133789062,0,0,0,10428.571875,0,0,0,0,0,0,0,13470.237890625,2061.1763671875,9590.561328125,0,3545.001953125,3750.1765625,0,7481.71044921875,0,135.571430206299,0,1216.66674804688,1318486.625,4108.75146484375
"NGA",3,1,"LSMS-ISA2015",2015,5,3,331,516,1,30011,6,1013.88891601563,2000,0,2027.77783203125,0,3041.66666666667,0,0,8333.33333333333,4546.22998046875,0,0,7097.22200520833,0,8690.47591145833,0,10138.8896484375,14194.4443359375,0,531059.125,0,0,0,0,3525.4832492931,0,0,0,4142.44278335746,0,0,0,6169.59585274527,2203.42698974589,3878.03159317824,881.370812323274,3701.757460437,2115.29004842313,440.685406161637,8108.61135854857,11898.5058416885,50238.1369795219,440.685406161637,0,0,632.063746289051,0,0,5288.22454395249,0,0,6169.09916300319,0,0,0,0,0,4497.60642989487,0,0,0,0,0,0,0,0,706474.0625,5380.5078125
"NGA",3,1,"LSMS-ISA2015",2015,5,3,331,516,1,30012,7,5214.28564453125,13714.2861328125,0,3476.19056919643,0,10428.5714285714,0,869.047668457031,5285.71428571429,10810.544921875,0,0,0,0,0,0,34761.90234375,857.142883300781,0,15919.8330078125,0,13578.6289279048,0,0,186706.148182785,0,27157.2578558096,67893.1433448637,59067.0351644943,33946.5716724319,0,135786.286689727,125602.315367678,22065.2717065038,57709.1718833058,142575.607855784,86563.7617828963,20367.9428142815,42433.2135748975,10183.971442018,23762.5999318561,101839.719358883,13578.6289279048,0,0,0,0,57303.1211306642,20667.9120288713,52907.7034527614,0,0,0,0,0,48656.7497296977,13578.6289279048,0,4209.37517278753,0,0,28288.8082798308,0,678.931478761744,0,0,1498445.875,5380.5078125
"NGA",3,1,"LSMS-ISA2015",2015,5,3,331,516,1,30013,4,1064.58337402344,3000,0,0,0,7908.33349609375,0,0,8000,4910.71435546875,0,0,13687.5,0,6517.85693359375,0,38020.83203125,1250,19553.572265625,146742.109375,0,0,0,0,7821.4287109375,0,5214.28564453125,0,10819.6433105469,0,0,13035.7138671875,6517.85693359375,2607.14282226563,7560.71423339844,9776.78564453125,3258.92852783203,7821.4287109375,391.071441650391,6648.21435546875,8473.21411132813,59442.8559570313,4301.78570556641,0,0,0,0,0,0,0,1303.57141113281,0,0,0,0,0,0,0,1303.57141113281,0,0,0,0,0,0,0,406953.6875,5380.5078125
"NGA",3,1,"LSMS-ISA2015",2015,5,3,331,516,1,30015,6,3041.66674804688,2000,0,0,0,3041.66666666667,0,0,0,3480.75390625,0,0,0,0,17380.9518229167,0,6083.33349609375,0,0,12353.30078125,0,0,0,434.523803710938,6517.857421875,4345.23795572917,4345.23795572917,0,5648.8096110026,0,0,12601.1899414063,7821.4287109375,1042.85717773438,1477.38094075521,2172.61901855469,3476.1904703776,2607.14290364583,0,1390.47623697917,0,56488.0936686198,1303.57147216797,0,0,0,0,0,0,0,0,0,0,0,0,0,0,0,0,0,0,0,0,0,0,0,159054.265625,5380.5078125
"NGA",3,1,"LSMS-ISA2015",2015,5,3,331,516,1,30016,9,2703.70385742188,1333.33337402344,0,1351.85188802083,0,2703.70377604167,0,0,377.777777777778,3770.13232421875,0,0,0,0,2896.82530381944,0,4055.5556640625,333.333343505859,0,23916.1171875,0,0,0,0,12225.4453020207,0,5093.93542796221,0,2750.72514956208,0,0,1528.18066275259,11206.658314003,0,3361.99742006808,6622.11592800534,4380.78450748256,4075.14842192794,407.514853043488,5297.69289066992,0,41770.2724369066,509.393552740992,0,0,0,0,8598.7592333177,0,0,0,3151.50065268599,0,0,0,0,0,1528.18066275259,0,0,0,0,0,0,0,1149.07409667969,157099.734375,5380.5078125
"NGA",3,1,"LSMS-ISA2015",2015,5,3,331,516,1,30017,7,869.047668457031,0,0,1738.09528459821,0,1738.09528459821,0,0,1714.28571428571,1472.619140625,0,0,0,0,0,0,1738.09533691406,857.142883300781,0,6000,0,0,0,0,19154.6554126793,0,0,0,14557.5380823719,0,11492.7936832601,76618.6216507171,30647.4490959394,4597.11748725495,13408.2586756809,0,28731.9832236506,11492.7936832601,0,0,32562.9152821233,0,21070.1196647409,0,0,0,0,0,0,0,0,0,0,0,0,0,0,5619.63787131251,0,0,0,0,0,0,0,6083.3330078125,292164.65625,5380.5078125
"NGA",3,1,"LSMS-ISA2015",2015,5,3,331,516,1,30018,1,1216.66662597656,18000,0,0,0,6083.33349609375,0,0,4000,4866.66650390625,0,0,0,0,26071.427734375,0,19466.666015625,10000,0,36000,0,0,0,0,8349.108015539,0,13915.1793642634,0,4452.85768398489,0,0,0,13915.1793642634,5566.07183700566,10018.9297651312,5566.07183700566,3896.25046951431,5566.07183700566,556.607210498111,18089.7338126445,0,40075.7185722434,1669.82162752186,0,0,0,0,0,0,0,3339.64325504372,0,0,0,0,0,0,0,0,0,0,0,0,0,0,36500,297182,5380.5078125
"NGA",3,1,"LSMS-ISA2015",2015,5,3,331,516,1,30019,6,1703.33337402344,1000,0,1622.22216796875,0,4136.66666666667,0,0,6500,8182.69873046875,0,0,0,0,0,0,2838.88891601563,7333.33349609375,0,47973.09765625,0,0,0,0,1738.09521484375,0,9559.52376302083,0,6952.3809000651,0,3476.1904296875,4345.23795572917,5214.28580729167,3476.19051106771,7560.71411132813,12166.6665852865,3476.1904296875,4345.23795572917,869.047607421875,2216.07141113281,0,6083.33317057292,434.523803710938,0,0,0,0,0,0,0,0,1559.720703125,0,0,0,0,0,0,0,0,0,0,0,0,0,0,154763.640625,5380.5078125
"NGA",3,1,"LSMS-ISA2015",2015,5,3,331,516,1,30020,4,1520.83337402344,15000,0,1520.83337402344,0,3041.66674804688,0,0,9250,7933.03564453125,0,0,0,0,26071.427734375,0,12166.6669921875,0,0,146742.109375,0,5214.28564453125,0,0,5214.28564453125,20205.3569335938,78214.2890625,0,14339.2856445313,0,0,18249.9995117188,20857.142578125,7169.64282226563,14991.0711669922,3910.71435546875,14339.2855224609,8473.21411132813,0,22291.0718994141,3258.92846679688,37803.5704345703,651.785705566406,0,0,779.032836914063,0,0,2607.142578125,0,0,21105.9871826172,0,0,0,0,0,0,0,0,0,0,0,0,0,0,522922.6875,5380.5078125
"NGA",3,1,"LSMS-ISA2015",2015,5,3,316,874,0,30021,7,0,514.285705566406,0,3476.19056919643,0,834.285714285714,0,0,4571.42857142857,6588.0947265625,0,0,17380.9520089286,0,0,0,10428.5712890625,171.428573608398,0,9783.7373046875,0,0,0,0,3724.48981584821,0,744.89794921875,0,7821.42832728795,0,3724.48967633929,4469.38783482143,14897.958984375,4692.85714285714,2085.71432059152,0,10056.1222446987,2234.69391741071,1638.77553013393,1191.83673967634,0,14153.0610351563,1862.24483816964,0,0,0,0,0,0,0,0,0,0,0,0,0,0,0,0,0,1961.56473214286,0,0,89.3877563476563,0,0,129097.8828125,7777.279296875
"NGA",3,1,"LSMS-ISA2015",2015,5,3,316,874,0,30022,4,4562.5,3000,0,1216.66662597656,0,1368.75,0,0,0,4837.5,0,0,15208.3330078125,0,91250,5170.83349609375,30416.666015625,0,0,11574.544921875,0,0,0,0,4692.85693359375,0,10428.5712890625,0,2867.85717773438,0,0,0,2607.14282226563,0,2607.14282226563,2185.39892578125,5866.07141113281,0,0,0,0,2085.71429443359,651.785705566406,0,0,0,0,0,0,0,0,1552.41491699219,0,0,0,0,0,6125.40698242188,0,0,0,0,0,0,0,1520.83337402344,211797,7777.279296875
"NGA",3,1,"LSMS-ISA2015",2015,5,3,316,874,0,30023,6,0,20000,0,6083.33333333333,0,8111.111328125,0,0,15166.6666666667,83059.125,0,0,20277.77734375,0,17380.9518229167,0,101388.8828125,73888.8828125,0,118074.4375,0,0,0,0,4345.23795572917,8690.47591145833,1738.09521484375,0,2607.14290364583,4345.23795572917,0,13035.71484375,61702.3802083333,30416.6666666667,12166.6666666667,14773.8092447917,12166.6666666667,6517.85693359375,10515.4763793945,15121.4288736979,0,0,434.523803710938,0,0,0,0,0,0,0,0,2688.298828125,0,0,0,0,11297.6184895833,5233.81494140625,0,0,0,0,0,0,0,32038.888671875,713267.125,7777.279296875
"NGA",3,1,"LSMS-ISA2015",2015,5,3,316,874,0,30024,15,0,5600,0,8111.1109375,0,5677.77760416667,0,0,12333.3333333333,17312.5390625,0,0,32444.44375,0,41714.2875,0,16222.2216796875,17766.666015625,0,10496.470703125,0,0,0,0,6257.14270833333,4866.66666666667,2085.71432291667,0,8516.66647135417,0,0,6952.38072916667,6952.38072916667,2780.95234375,2711.42858072917,1390.476171875,2433.33333333333,3476.19036458333,139.047623697917,4970.9525390625,8690.47643229167,92119.0473958333,1147.14285481771,0,0,0,0,0,0,0,0,2130.35013020833,0,0,0,0,2456.50797526042,2085.71432291667,0,0,0,0,0,0,0,17438.888671875,347280.28125,7777.279296875
"NGA",3,1,"LSMS-ISA2015",2015,5,3,316,874,0,30025,3,2271.11108398438,28000,0,0,0,19466.6666666667,0,0,11233.3333333333,18358.333984375,0,0,0,0,12166.6666666667,0,24333.333984375,10966.6669921875,0,20281.158203125,0,0,0,0,3476.1904296875,0,5214.28580729167,0,8864.28556315104,0,0,0,41714.2864583333,3128.5712890625,4171.42854817708,0,12514.2856445313,6257.142578125,521.428588867188,5561.90494791667,3476.1904296875,0,2954.76196289063,0,0,0,0,0,0,0,0,0,0,0,0,28968.2526041667,3232.85709635417,3616.09895833333,0,0,0,0,0,0,0,24333.333984375,305082.59375,7777.279296875
"NGA",3,1,"LSMS-ISA2015",2015,5,3,316,874,0,30026,4,2129.16674804688,2400,0,3041.66674804688,0,3650,0,0,9200,12178.2734375,0,0,6083.33349609375,0,31285.71484375,0,3041.66674804688,106458.3359375,0,12000,0,0,0,0,3258.92846679688,0,5214.28564453125,0,2607.14282226563,15642.857421875,0,13035.7138671875,9776.78540039063,18249.9995117188,1303.57141113281,20205.3568115234,6517.85705566406,3910.71435546875,0,17207.1431884766,15642.857421875,87599.9979248047,0,0,0,0,0,0,0,0,0,0,0,0,0,0,1042.85717773438,0,0,0,0,0,0,0,0,6083.33349609375,418767.5625,7777.279296875
"NGA",3,1,"LSMS-ISA2015",2015,5,3,316,874,0,30027,5,0,13200,0,0,0,14600,0,0,10480,40894.19140625,0,0,14600,0,20857.1421875,0,73000,20000,0,62024.57421875,0,0,0,0,54228.56875,6257.14296875,41714.284375,18771.428125,18145.7146484375,10428.571484375,0,15642.856640625,17055.06015625,8864.2859375,9385.7140625,10428.571484375,25549.9994140625,6257.14296875,2607.1427734375,9907.1427734375,0,56314.283984375,2607.1427734375,0,0,0,0,0,5214.285546875,0,0,0,0,0,20857.14375,0,0,0,0,0,521.428515625,2607.1427734375,0,47137.1433105469,0,0,660158.1875,7777.279296875
"NGA",3,1,"LSMS-ISA2015",2015,5,3,316,874,0,30028,9,675.925964355469,2666.66674804688,0,2027.77777777778,0,5407.40755208333,0,0,0,4462.16943359375,0,0,0,0,14484.1267361111,0,2703.70385742188,0,0,3532.5830078125,0,0,0,0,1448.41265190972,0,1738.09526909722,0,289.68254937066,0,0,0,1158.73014322917,753.174587673611,0,0,405.555555555556,0,0,0,0,4055.55555555556,173.809529622396,0,0,0,0,2457.45052083333,0,0,0,0,0,0,2293.3203125,0,540.74072265625,0,0,0,0,0,0,0,0,675.925964355469,51950.8125,7777.279296875
"NGA",3,1,"LSMS-ISA2015",2015,5,3,316,0,0,30029,5,486.666656494141,1200,0,973.33330078125,0,5840,0,0,4600,5922.85693359375,0,0,0,0,5214.285546875,0,4866.6669921875,0,0,7200,0,0,0,0,5214.285546875,0,0,0,3858.57153320313,0,0,0,14599.999609375,1355.7142578125,834.2857421875,0,1355.71430664063,2607.1427734375,15642.8578125,1460,0,3128.571484375,312.857153320312,0,0,0,0,4150.254296875,2412.3458984375,0,0,3225.95859375,0,0,0,0,2920,1564.2857421875,0,0,0,0,0,0,0,0,100946.6640625,7777.279296875
"NGA",3,1,"LSMS-ISA2015",2015,5,3,316,874,0,30030,8,2281.25,3450,0,4562.5,0,0,0,0,3175,7681.39892578125,0,0,0,0,3910.71435546875,0,9125,0,0,4839.26220703125,0,0,0,0,13605.5226827366,0,9070.34796687646,0,8163.31319049231,13605.5226827366,0,2721.10450198151,13605.5226827366,1814.06960352704,8616.83062944311,10884.4173564687,10430.9001822114,4535.17398343823,453.517400881759,5079.39493471794,0,25396.9740626147,4081.65659524615,0,0,0,0,0,0,0,0,0,0,0,0,0,0,3801.54307203009,0,0,0,0,0,181.406969130404,0,0,175072.359375,7777.279296875
"NGA",3,1,"LSMS-ISA2015",2015,5,3,309,478,0,30031,3,2027.77783203125,0,0,16222.22265625,0,8111.111328125,0,0,4666.66666666667,25582.9375,0,0,16222.22265625,0,17380.9518229167,0,64888.890625,3333.33325195313,0,2516.76342773438,0,0,0,0,3731.28275331338,0,3731.28275331338,0,932.820688328344,0,0,0,7462.56550662675,0,3731.28275331338,0,1865.64141734679,2798.46215112577,0,0,0,0,932.820688328344,0,0,0,0,0,5679.3529221367,0,0,0,0,0,0,0,3731.28275331338,0,2787.22342389486,0,0,0,0,0,0,8111.111328125,206448,5135.93896484375
"NGA",3,1,"LSMS-ISA2015",2015,5,3,309,478,0,30032,8,3041.66674804688,0,0,0,0,3650,0,0,625,7033.75,0,0,18250,0,3258.92846679688,0,9125,2681.25,0,1900.42138671875,0,0,0,0,4888.39306640625,0,0,0,3910.71423339844,0,0,9776.7861328125,521.428588867188,1303.57141113281,6126.78570556641,0,1955.35711669922,8147.3212890625,0,977.678588867188,2607.14288330078,7821.4287109375,1629.46426391602,0,0,0,0,0,3910.71411132813,0,0,2016.22412109375,0,0,6517.85693359375,0,0,13213.3074951172,973.752197265625,0,0,0,0,0,0,608.333312988281,126472.2734375,5135.93896484375
"NGA",3,1,"LSMS-ISA2015",2015,5,3,309,478,0,30033,7,0,0,0,0,0,5561.90457589286,0,0,3371.42857142857,6308.1630859375,0,0,39976.1919642857,0,14897.9587053571,869.047642299107,48666.6640625,2857.14282226563,0,37882.37890625,0,7538.90786295397,0,0,18847.2706907197,0,4711.81729552146,0,5182.99916612294,0,0,3769.45393147699,16962.5426502781,2073.19970416502,6596.5444989095,0,4240.635732324,12250.7256751428,942.363482869247,3957.92678872828,0,0,1790.49063140246,0,0,1846.42903037915,0,0,3769.45355431852,0,0,2915.09306571328,19846.1757184097,0,0,0,5654.18103672441,2827.0905183622,0,0,0,0,0,0,0,0,286114.15625,5135.93896484375
"NGA",3,1,"LSMS-ISA2015",2015,5,3,309,478,0,30034,3,0,0,0,0,0,6083.33333333333,811.111083984375,0,3200,9357.9365234375,0,0,0,0,3476.1904296875,0,20277.77734375,20000,0,2686.7900390625,0,3476.1904296875,0,0,26071.4296875,26071.4296875,8690.47591145833,0,6083.33333333333,0,0,0,42583.333984375,1738.09521484375,8690.47591145833,0,2607.14282226563,17380.9518229167,0,1738.09521484375,0,0,2607.14282226563,0,0,0,0,0,3476.19010416667,0,0,40400.5729166667,0,0,0,0,0,0,0,0,0,0,0,34.7619043986003,0,0,257542.75,5135.93896484375
"NGA",3,1,"LSMS-ISA2015",2015,5,3,309,478,0,30035,10,0,0,0,0,0,2190,0,0,4400,3720.47607421875,0,0,0,0,2607.1427734375,0,3650,400,0,1084.7333984375,0,0,0,0,1485.0139802435,0,571.159207048791,0,0,0,0,1713.4776699745,3426.95519346462,342.695539948014,856.738810573186,0,571.159207048791,1142.31841409758,0,0,0,0,1427.89801762198,0,0,0,0,0,0,0,0,13276.1191920587,0,0,0,0,0,6507.36524060226,12675.6069432819,0,0,0,0,0,0,1216.66674804688,63265.53125,5135.93896484375
"NGA",3,1,"LSMS-ISA2015",2015,5,3,309,478,0,30036,7,0,0,0,0,0,4345.23800223214,0,0,3428.57142857143,2390.47607421875,0,0,17380.9520089286,0,3724.48967633929,0,17380.951171875,2142.85717773438,0,1349.79467773438,0,0,0,0,3724.48967633929,4469.38783482143,0,0,2532.65311104911,0,0,0,17877.55078125,0,1489.7958984375,0,1489.7958984375,2234.69391741071,0,0,0,0,744.89794921875,0,0,0,0,0,3757.40122767857,0,0,17314.53125,0,0,0,0,0,6761.16015625,16574.5340532575,0,0,0,0,0,0,0,131114.21875,5135.93896484375
"NGA",3,1,"LSMS-ISA2015",2015,5,3,309,478,0,30037,6,0,14000,0,0,0,851.666666666667,0,0,11133.3333333333,4232.14306640625,0,0,2027.77783203125,0,3476.1904296875,0,2433.33325195313,666.666687011719,0,20966.791015625,0,0,0,0,0,0,3476.1904296875,0,4345.23803710938,0,0,0,6083.33333333333,18510.7137044271,0,869.047607421875,869.047607421875,0,8690.47591145833,6952.380859375,0,14773.8094075521,1738.09521484375,0,0,0,18250,0,0,0,0,1559.720703125,0,0,0,11587.3020833333,1158.73014322917,1303.57145182292,2835.28177897135,2607.14290364583,0,0,0,8167.30932617188,0,0,173565.28125,5135.93896484375
"NGA",3,1,"LSMS-ISA2015",2015,5,3,309,478,0,30038,5,0,0,0,0,0,1703.3333984375,0,0,0,2618.5712890625,0,0,1216.66669921875,0,0,0,0,0,0,13458.5654296875,0,0,0,0,3128.571484375,1042.85712890625,2085.7142578125,0,2294.28569335937,0,0,0,4171.428515625,0,0,0,2398.57141113281,0,0,1460,2085.7142578125,10115.7142089844,1564.28576660156,0,0,756.285473632812,0,0,0,0,0,1871.66484375,0,8690.47578125,0,0,2085.7142578125,3128.57143554687,0,0,0,0,0,0,0,0,65876.984375,5135.93896484375
"NGA",3,1,"LSMS-ISA2015",2015,5,3,309,478,0,30039,5,243.33332824707,0,0,0,0,365,0,0,1088,330.238098144531,0,0,0,0,0,0,6083.33349609375,0,0,3040.67431640625,0,0,0,0,3569.52674413623,0,4759.36882657941,0,1427.81067101216,0,0,2974.60552988484,5354.28989434642,1427.81071984029,237.968454412774,0,4164.44776307512,2974.60548105672,237.968454412774,0,0,0,594.921103322426,0,0,0,0,0,0,0,0,11041.9201529671,0,0,0,0,951.873817651095,17965.5966697715,0,0,0,0,0,0,0,0,68833.296875,5135.93896484375
"NGA",3,1,"LSMS-ISA2015",2015,5,3,309,478,0,30040,6,202.777770996094,0,0,0,0,202.777770996094,0,0,500,1008.13494873047,0,0,0,0,0,0,9733.3330078125,0,0,5658.64501953125,0,0,0,0,2172.61897786458,0,3476.1904296875,0,1303.57141113281,0,0,0,3476.1904296875,1911.90478515625,0,0,2172.61901855469,1303.57145182292,0,521.428588867188,0,8169.04744466146,869.047607421875,0,0,0,0,0,1738.09505208333,0,0,13035.71484375,0,0,0,0,3418.25398763021,35037.7545572917,347.619059244792,0,0,0,0,0,0,0,96259.3046875,5135.93896484375
"NGA",3,1,"LSMS-ISA2015",2015,5,3,307,634,1,30041,2,4258.33349609375,6000,0,1825,0,3650,0,0,0,8821.4287109375,0,0,0,0,0,0,12166.6669921875,0,0,9000,0,0,0,0,9187.64473878682,7875.12420349901,5250.08263703732,0,3675.05789475425,0,0,2625.04131851866,7875.12420349901,0,2362.53711342461,5250.08263703732,4987.57855591478,5250.08263703732,0,0,0,13912.7188397633,1312.52065925933,0,0,0,0,0,0,0,0,5285.83224991944,0,0,0,0,0,0,0,0,0,0,0,0,0,0,120570.859375,5135.93896484375
"NGA",3,1,"LSMS-ISA2015",2015,5,3,307,634,1,30042,3,8111.111328125,12000,0,20277.77734375,0,689.444417317708,0,0,2666.66666666667,15432.1435546875,0,0,0,0,0,0,8111.111328125,666.666687011719,0,60383.66796875,0,0,0,0,0,0,8957.20066873724,0,2149.72821731161,0,0,0,3582.88033259906,2149.72829869182,3582.88033259906,8957.20066873724,0,0,0,0,0,2866.30440071598,0,0,0,0,0,0,0,0,0,0,0,0,0,0,0,0,214.972825707913,0,447.859999962196,0,0,358.288050089498,0,0,161605.625,5135.93896484375
"NGA",3,1,"LSMS-ISA2015",2015,5,3,307,634,1,30043,7,0,11485.7138671875,0,3476.19056919643,0,6952.38113839286,0,0,55714.2857142857,7759.86376953125,0,0,6952.38113839286,0,111734.696428571,0,69523.8046875,0,0,336697.9375,0,0,0,0,21967.6880233756,2059.4707870687,2745.96100292195,6178.41193453958,27734.2048134707,0,0,31578.5498966909,13729.8043007857,2745.96100292195,6178.41236120609,35697.4934565122,15102.7856555797,19908.2176548337,2059.4707870687,39267.2431648866,0,23340.6687341,10983.8440814423,0,0,0,0,0,11533.0362959776,0,0,8530.33979629469,0,0,5339.368497822,7656.38480756784,11784.7494960315,30884.0854590258,0,0,0,0,0,0,0,35457.140625,982760.5625,5135.93896484375
"NGA",3,1,"LSMS-ISA2015",2015,5,3,307,634,1,30044,5,973.333312988281,7200,0,0,0,11680,0,0,23800,51996.66796875,0,0,19466.6671875,0,41714.284375,0,11680,1600,0,14400,0,0,0,0,5005.714453125,9385.7140625,5214.285546875,0,10950.0001953125,0,0,25028.570703125,0,8342.85703125,4067.1427734375,1042.85712890625,6778.57138671875,1877.1427734375,0,21170.000390625,0,25132.85703125,1042.85712890625,0,0,0,0,0,0,0,0,0,0,0,543.154833984375,0,0,0,0,0,0,0,0,0,0,14600,324692.6875,5135.93896484375
"NGA",3,1,"LSMS-ISA2015",2015,5,3,307,634,1,30045,5,1216.66674804688,11520,0,29200,0,17033.3328125,0,0,14700,108119.5234375,0,0,43800,0,50057.14375,0,109500,12150,0,112657.5234375,0,0,0,0,63479.5291093877,57131.5779909294,25391.8114216685,31739.7645546938,15235.0874780011,33009.3565585776,0,63479.5291093877,85697.3669863941,18409.0642705473,20948.2450304306,19551.6954341908,27930.9927674893,13965.4964814009,3173.97642770856,15869.8825703157,0,0,10791.5199637163,0,0,0,0,21431.1775621372,0,14515.9677944984,0,15561.1294680625,0,0,0,113936.683234141,5078.3623624587,0,0,0,0,3173.97642770856,0,0,0,1216.66674804688,1190672.875,5135.93896484375
"NGA",3,1,"LSMS-ISA2015",2015,5,3,307,634,1,30046,2,7300,60000,0,0,0,9125,0,0,26000,19967.857421875,0,0,21291.666015625,0,78214.2890625,0,48666.66796875,10000,0,143919.296875,0,0,0,0,7821.4287109375,0,26071.4282226563,0,5214.28564453125,0,0,13035.7138671875,18249.9995117188,23464.2866210938,15642.8569335938,0,6517.85705566406,1564.28576660156,0,13817.8571777344,0,20596.4287109375,2607.14282226563,0,0,0,0,0,0,0,0,8064.896484375,0,0,0,0,10428.5712890625,7880.01611328125,0,0,0,0,0,0,0,15208.333984375,620670.125,5135.93896484375
"NGA",3,1,"LSMS-ISA2015",2015,5,3,307,634,1,30047,2,2433.33325195313,0,0,0,0,1642.5,0,0,0,3806.54760742188,0,0,0,0,0,0,0,0,0,38382.8125,0,0,0,0,4853.55256852568,3235.70163097024,3235.70163097024,0,0,0,0,0,4853.55256852568,0,0,0,2912.13151670135,0,0,0,0,0,1617.85081548512,0,0,0,0,0,0,0,0,0,0,0,0,0,4314.26881714953,0,0,0,0,0,0,0,0,0,71287.953125,5135.93896484375
"NGA",3,1,"LSMS-ISA2015",2015,5,3,307,634,1,30048,3,2433.33325195313,4000,0,0,0,2190,0,0,1733.33333333333,1069.44445800781,0,0,1622.22216796875,0,5214.28580729167,0,2027.77783203125,1000,0,26047.681640625,0,0,0,0,2999.33223233129,0,3999.10954778801,0,599.866457571257,0,0,0,5998.66446466258,0,3199.28767914659,0,4998.88694462494,0,0,0,0,0,3999.10962916822,0,0,0,0,0,0,0,0,0,0,0,0,0,0,0,14791.8867639702,0,0,0,0,19.995547616729,0,0,87944.21875,5135.93896484375
"NGA",3,1,"LSMS-ISA2015",2015,5,3,307,634,1,30049,10,0,6960,5475,1216.66669921875,0,2433.3333984375,0,0,11400,6578.09521484375,0,0,4866.666796875,0,31285.715625,0,24333.33203125,1600,0,53907.34375,0,13359.6670687288,0,0,445322.233801377,40079.0010108739,89064.4406675667,0,34735.134913747,11133.0550834458,44532.2203337833,222661.117681938,244927.235269403,67243.6555183828,77931.387859121,95744.2773654729,64571.7209857047,11133.0550834458,11133.0550834458,253833.668100834,0,53438.6682749152,24047.4009668238,0,0,0,0,0,0,0,0,0,0,0,0,0,0,0,0,0,0,0,0,0,0,608.333374023438,1955555.375,5135.93896484375
"NGA",3,1,"LSMS-ISA2015",2015,5,3,307,0,0,30050,2,10037.5,6000,0,0,0,0,0,0,15500,29820.833984375,0,0,0,0,104285.7109375,0,36500,3600,0,6000,0,0,0,0,0,0,0,0,9385.7138671875,0,0,0,0,3910.71435546875,0,5214.28564453125,0,0,0,54489.28515625,10428.5712890625,190842.853759766,0,0,0,0,0,0,0,0,0,0,0,0,0,0,0,0,0,0,0,0,0,0,0,6083.33349609375,492098.84375,5135.93896484375
"NGA",3,1,"LSMS-ISA2015",2015,5,3,321,364,0,30051,1,12166.6669921875,0,0,0,0,12166.6669921875,0,0,125000,76688.09375,0,0,36500,0,417142.84375,0,73000,66416.6640625,0,208671.40625,0,0,0,13035.7138671875,44321.4296875,62571.4296875,26071.427734375,0,46928.572265625,0,67785.7109375,148607.147460938,39107.14453125,26071.427734375,15642.8569335938,10428.5712890625,57357.142578125,15642.857421875,0,25028.5712890625,130357.140625,604857.158203125,0,0,0,0,0,0,0,0,0,13999.443359375,0,0,0,0,4866.66650390625,13421.4951171875,0,0,0,0,4171.4287109375,0,0,0,2398025.75,3815.26904296875
"NGA",3,1,"LSMS-ISA2015",2015,5,3,321,364,0,30052,1,12166.6669921875,0,0,0,0,1825,0,0,300,4607.142578125,0,0,0,0,5214.28564453125,0,0,0,0,78784.8515625,0,0,0,0,5214.28564453125,0,10428.5712890625,0,0,0,0,0,7821.4287109375,0,10428.5712890625,0,14600,0,0,0,0,0,5214.28564453125,0,0,0,0,0,0,0,0,28074.97265625,0,0,0,0,0,0,0,0,0,0,0,0,0,0,184680.0625,3815.26904296875
"NGA",3,1,"LSMS-ISA2015",2015,5,3,321,364,0,30053,1,2433.33325195313,12000,0,0,0,48666.66796875,0,0,42000,59830.953125,0,0,60833.33203125,0,41714.28515625,0,243333.328125,14000,0,127642.1171875,0,0,0,0,18771.427734375,31285.71484375,20857.142578125,0,54749.9990234375,5214.28564453125,10428.5712890625,69871.427734375,13035.7138671875,56314.2866210938,51099.9997558594,15642.8569335938,19814.2855224609,10428.5712890625,2085.71435546875,50578.5732421875,0,370214.298828125,2607.14282226563,0,0,0,0,0,0,0,0,9358.32421875,0,0,0,0,20857.142578125,26704.3466796875,0,0,0,0,0,0,0,63266.66796875,1575640.375,3815.26904296875
"NGA",3,1,"LSMS-ISA2015",2015,5,3,321,364,0,30054,7,2607.14282226563,1714.28576660156,0,0,0,4345.23800223214,0,0,12800,9066.326171875,0,0,6952.38113839286,0,0,0,15642.857421875,1714.28576660156,0,10598.716796875,0,0,0,0,9311.22433035714,8938.77566964286,0,0,12067.346609933,0,0,0,8938.775390625,0,1191.83677455357,2234.69391741071,2979.591796875,2979.591796875,372.448974609375,6257.14285714286,0,20112.2445591518,2458.16326032366,0,0,0,0,0,5567.83217075893,0,0,4565.03599330357,0,0,12879.0770089286,0,6058.50348772321,1774.36356026786,357.551025390625,0,0,0,0,0,0,7821.4287109375,182306.859375,3815.26904296875
"NGA",3,1,"LSMS-ISA2015",2015,5,3,321,364,0,30055,5,0,0,0,0,0,1216.66669921875,0,0,1600,1986.66662597656,0,0,0,0,0,0,1216.66674804688,1400,0,11365.416015625,0,0,0,0,262357.077732247,0,78707.1310448997,0,26235.7096849998,0,0,0,236121.385468067,0,52471.4193699997,0,65589.2732663777,39353.5655224498,0,0,0,0,104942.838739999,0,0,0,0,0,0,0,0,81157.1449758783,0,0,0,0,0,109958.491607249,0,0,0,0,0,1049.42841117511,0,0,1076728.625,3815.26904296875
"NGA",3,1,"LSMS-ISA2015",2015,5,3,321,364,0,30056,8,912.5,0,0,0,0,4562.5,0,0,6575,4917.5595703125,0,0,9125,0,0,760.416687011719,15208.3330078125,2270.83349609375,0,10913.4052734375,0,0,0,0,116170.633086264,0,52276.7863000259,0,92936.5052409098,0,0,34851.1921037249,185873.024471819,0,23234.1262949687,0,89451.3856350109,11617.0631474843,23234.1262949687,0,81319.4446936622,23234.1262949687,52276.7863305435,0,0,0,0,0,35364.4622418955,0,0,142388.132868528,0,0,0,0,0,7175.24475056771,13996.4631604627,0,580.853169734415,0,0,0,0,608.333312988281,1041834.1875,3815.26904296875
"NGA",3,1,"LSMS-ISA2015",2015,5,3,321,364,0,30057,5,0,4800,0,0,0,243.333325195313,0,0,0,7670.9521484375,0,0,0,0,0,0,7300,0,0,4547.1181640625,0,0,0,0,12692.1237126396,0,4230.70810572547,0,10717.7938653579,0,0,7051.17987084081,12692.1241032646,3948.66089433726,0,9871.65214283674,4794.8024703741,3525.58988659228,0,2397.40125960111,0,0,423.070810107564,0,0,0,0,0,4293.01571169966,0,0,2531.01697892873,0,0,0,0,6111.02268090653,10827.8183319635,0,0,0,14102.3595463691,0,0,0,4380,139151.75,3815.26904296875
"NGA",3,1,"LSMS-ISA2015",2015,5,3,321,364,0,30058,8,0,1500,0,0,0,258.541656494141,0,0,625,1169.34521484375,0,0,456.25,0,1303.57141113281,760.416687011719,11406.25,0,0,9848.1064453125,0,0,0,0,1955.35717773438,0,2607.14282226563,0,1629.46429443359,0,0,0,6843.75024414063,651.785705566406,2933.03564453125,0,1303.57141113281,1955.35717773438,0,782.142883300781,0,13687.4997558594,325.892852783203,0,0,0,0,0,1984.15466308594,0,0,9776.7861328125,9151.0712890625,0,0,977.678588867188,1303.57141113281,7425.9638671875,0,0,0,0,0,0,0,0,92621.703125,3815.26904296875
"NGA",3,1,"LSMS-ISA2015",2015,5,3,321,364,0,30059,4,3650,6000,0,0,0,912.5,0,0,0,5581.5478515625,0,0,0,0,0,0,3041.66674804688,0,0,16823.20703125,0,0,0,0,24307.8790805324,0,0,0,17501.6742836705,0,0,0,29169.4566465756,5833.89121197013,11667.7824239403,0,14584.7269667324,0,1944.63035001003,0,0,54449.6502649356,9723.15152707498,0,0,0,0,0,1542.92899031617,0,0,30077.4521223363,0,0,0,0,0,0,0,0,0,0,0,0,0,2129.16674804688,238941.3125,3815.26904296875
"NGA",3,1,"LSMS-ISA2015",2015,5,3,321,364,0,30060,8,0,3000,0,0,0,1520.83337402344,1520.83337402344,0,0,6099.7021484375,0,0,0,0,3584.82153320313,2281.25,10645.8330078125,500,0,11593.83984375,0,0,0,0,2346.42846679688,0,1303.57141113281,0,2607.14282226563,0,0,0,5866.0712890625,782.142883300781,0,0,977.678558349609,1955.35717773438,3258.92846679688,651.785705566406,0,4562.49993896484,195.535720825195,0,0,0,0,0,0,0,0,1997.20324707031,0,0,0,1173.21423339844,1303.57141113281,5456.30926513672,0,0,0,0,0,0,0,1520.83337402344,76705.3828125,3815.26904296875
"NGA",3,1,"LSMS-ISA2015",2015,5,3,329,696,0,30061,4,1520.83337402344,3000,0,0,0,7604.16650390625,0,0,6300,3751.1904296875,0,0,20683.333984375,0,13035.7138671875,0,36500,1800,0,16463.9140625,0,0,0,0,24863.7296356261,5967.29509729301,3978.19660873359,0,8155.30317662127,0,0,11934.5895798858,9945.49121339672,1989.09830436679,9945.4917060266,0,10542.2209382711,19890.9824267934,397.81967308039,10343.3115632996,5967.29509729301,19890.9834120532,3779.28677164981,0,0,0,0,0,7956.39248069667,0,0,3569.92841825855,0,0,0,0,19890.9824267934,14535.4086879913,0,0,0,0,0,0,0,0,304202.9375,12228.4267578125
"NGA",3,1,"LSMS-ISA2015",2015,5,3,329,696,0,30062,2,8516.6669921875,12000,0,17033.333984375,0,4380,0,0,7150,34738.21484375,0,0,608.333312988281,0,13035.7138671875,0,34066.66796875,12000,0,44567.3671875,0,0,0,0,70575.5174926333,0,0,0,18411.0046155567,0,24548.0054118088,73644.018950508,30685.0059639204,36822.0092311134,21479.504579053,0,27616.506366635,0,0,13501.4033456593,15342.5037828009,125808.532208563,11660.3027864473,0,0,0,0,0,0,0,0,0,0,0,0,0,0,49530.7157252957,0,0,0,0,0,0,0,1520.83337402344,709242.0625,12228.4267578125
"NGA",3,1,"LSMS-ISA2015",2015,5,3,329,696,0,30063,3,0,8000,0,4055.5556640625,0,7300,0,0,3666.66666666667,8696.0322265625,0,0,0,0,17380.9518229167,0,8111.111328125,4000,0,24198.619140625,0,0,0,0,165119.052083333,0,0,0,18945.237874349,1738.09521484375,0,27809.5237630208,27809.5234375,5040.47631835938,2780.95247395833,5214.28580729167,4345.23803710938,5214.28580729167,521.428588867188,4171.42862955729,0,3476.1904296875,7821.42862955729,0,0,0,0,14669.8580729167,10319.6134440104,0,0,3119.44140625,0,0,0,0,4634.92057291667,8466.82421875,12857.7161458333,0,0,0,0,0,0,12166.6669921875,431651.09375,12228.4267578125
"NGA",3,1,"LSMS-ISA2015",2015,5,3,309,0,1,30064,5,730,1200,0,0,0,973.33330078125,0,0,1400,3124.28564453125,0,0,0,0,5214.285546875,0,1703.33325195313,0,0,3600,0,0,0,0,6925.63295370247,0,6595.840935231,0,3627.71264351988,0,0,1648.96023380775,5771.36075855047,24074.8191603415,1154.27216800081,0,3297.9204676155,4122.40042708647,494.688090221002,989.376180442003,0,7420.32104118634,2143.64829687756,0,0,0,0,6562.36027386729,0,0,0,0,0,0,0,0,3462.81647685124,0,1022.35536818814,0,0,0,0,0,0,0,97259.734375,12228.4267578125
"NGA",3,1,"LSMS-ISA2015",2015,5,3,329,696,0,30065,4,0,0,0,1825,0,0,0,0,1000,2915.77392578125,0,0,0,0,2607.14282226563,0,0,0,0,1624.62927246094,0,0,0,0,3910.71435546875,0,2607.14282226563,0,1564.28570556641,0,0,0,3910.71435546875,0,0,0,782.142852783203,1303.57141113281,0,0,0,6517.85717773438,0,0,0,0,0,0,0,0,0,0,0,0,0,0,2607.14282226563,1955.35717773438,521.428588867188,0,0,0,0,651.785705566406,0,0,36304.6875,12228.4267578125
"NGA",3,1,"LSMS-ISA2015",2015,5,3,329,696,0,30066,6,0,2000,0,2433.33333333333,0,3650,0,0,2000,1841.86511230469,0,0,0,0,2607.14290364583,0,2230.5556640625,0,0,1258.38171386719,0,0,0,989.82746627893,4157.27539781441,1979.65493255786,3959.30986511572,0,3464.39622117748,0,0,494.913733139465,4454.22351845999,593.896507309827,2177.62038387634,0,1385.75846593814,2474.5686171862,0,593.896507309827,0,0,296.948253654914,0,0,0,0,0,1979.65473851337,0,0,3061.91742205795,0,0,0,0,0,2347.20117079941,0,0,0,0,0,0,0,0,52432.34375,12228.4267578125
"NGA",3,1,"LSMS-ISA2015",2015,5,3,329,696,0,30067,2,9125,6000,0,36500,0,12166.6669921875,0,0,0,14078.5712890625,0,0,0,0,0,0,12166.6669921875,0,0,93508.53125,0,0,0,0,3910.71435546875,0,10428.5712890625,0,2607.14282226563,26071.427734375,36500,26071.427734375,57357.140625,37803.572265625,86035.71484375,11471.4287109375,39107.142578125,0,31285.7133789063,23464.2846679688,0,1564.28576660156,16946.4283447266,0,0,0,0,0,7936.61865234375,0,0,0,0,0,0,7821.427734375,7852.46655273438,13560.37109375,0,19553.5703125,0,4562.5,0,0,0,0,655457.375,12228.4267578125
"NGA",3,1,"LSMS-ISA2015",2015,5,3,329,696,0,30069,6,121.666664123535,1000,0,1013.88891601563,0,304.166666666667,0,0,1300,794.682556152344,0,0,7705.55533854167,0,869.047607421875,0,8111.111328125,3041.66674804688,0,2000,0,3242.43588880021,0,0,2161.62386081451,0,2161.62386081451,0,972.730778847093,0,0,0,2161.62386081451,1080.81193040725,4323.24772162901,0,1621.21790371,0,216.162396649207,432.324793298415,0,2485.86745376354,0,0,0,1116.60500381524,0,0,0,0,0,0,0,0,0,0,0,0,0,0,0,0,0,216.162396649207,0,2027.77783203125,50482,12228.4267578125
"NGA",3,1,"LSMS-ISA2015",2015,5,3,329,696,0,30070,2,2433.33325195313,3600,0,0,0,3650,0,0,24150,18261.904296875,5170.83349609375,0,0,0,20857.142578125,0,46841.6640625,0,0,7718.3173828125,0,0,0,0,5214.28564453125,0,0,0,5996.42852783203,0,0,10428.5712890625,5214.28564453125,6257.14306640625,1303.57141113281,1303.57141113281,5214.28564453125,2607.14282226563,260.714294433594,8864.28588867188,0,11732.1427001953,2607.14282226563,0,0,2693.48315429688,0,0,4171.4287109375,0,0,0,0,0,0,0,4049.76184082031,15760.0322265625,0,0,0,0,0,521.428588867188,0,3650,230532.890625,12228.4267578125
"NGA",3,1,"LSMS-ISA2015",2015,5,3,323,580,0,30071,4,1520.83337402344,3000,0,0,0,425.833343505859,0,0,6125,11733.03515625,0,0,6083.33349609375,0,1303.57141113281,0,18250,9125,0,96048.2265625,0,0,0,0,5048.42834618233,14198.7043886363,0,0,1893.16060068448,0,0,788.81691417812,3155.26765671248,3155.26765671248,1577.63382835624,0,4732.90148506872,3155.26765671248,157.763389632895,1262.10711706316,0,1893.16060068448,788.81691417812,0,0,0,0,0,7789.27044336469,0,0,9760.45759453824,0,0,0,0,0,26404.5973979404,0,0,0,0,0,0,0,0,239376.46875,7190.31494140625
"NGA",3,1,"LSMS-ISA2015",2015,5,3,323,580,0,30072,9,2703.70385742188,4666.66650390625,0,5407.40755208333,0,2703.70377604167,0,0,8111.11111111111,6164.41796875,0,0,5407.40755208333,0,5793.65060763889,0,17574.07421875,1733.33337402344,0,5415.91650390625,0,0,0,0,14484.1267361111,0,11587.3012152778,0,4055.55555555556,0,17380.953125,0,27809.5230034722,4345.23828125,5214.28559027778,0,8690.47612847222,4866.66666666667,5793.65060763889,5503.96809895833,0,0,289.682535807292,0,0,0,0,0,2680.38433159722,0,0,26933.7152777778,0,0,0,0,0,2607.14301215278,0,0,0,0,0,0,0,0,207924.078125,7190.31494140625
"NGA",3,1,"LSMS-ISA2015",2015,5,3,323,580,0,30073,1,1216.66662597656,12000,0,0,0,6083.33349609375,0,0,0,10138.095703125,0,0,0,0,52142.85546875,0,9733.333984375,0,0,11426.2861328125,0,0,0,0,21900,0,5214.28564453125,0,2607.14282226563,0,0,0,15642.857421875,2085.71435546875,0,0,3650,5214.28564453125,0,2085.71435546875,0,31285.7143554688,1564.28576660156,0,0,0,0,0,0,0,0,10499.5830078125,0,0,0,0,4866.66650390625,42327.7326660156,0,0,0,0,0,0,0,0,251684.546875,7190.31494140625
"NGA",3,1,"LSMS-ISA2015",2015,5,3,323,580,0,30074,6,405.555541992188,4000,0,0,0,344.722208658854,0,0,2366.66666666667,3548.41284179688,0,0,0,0,5214.28580729167,0,7097.22265625,0,0,2533.89526367188,0,0,0,0,5673.59214313596,0,2836.79615294819,0,0,0,0,0,4255.19425665888,567.359242813149,1891.19738104532,0,3025.91588028992,2363.99668561655,0,1702.0777216303,0,4444.31395676401,2836.79611225808,0,0,0,0,0,0,0,0,5850.20162747568,0,0,0,1134.7184856263,0,8574.13610967741,0,0,0,0,0,0,0,0,70667.0703125,7190.31494140625
"NGA",3,1,"LSMS-ISA2015",2015,5,3,323,580,0,30075,3,0,4000,0,0,0,6083.33333333333,0,0,70333.3333333333,8838.8896484375,0,0,48666.6666666667,0,41714.2864583333,0,40555.5546875,6666.66650390625,0,8885.8388671875,0,0,0,0,250077.932227792,40012.4678003239,0,45014.0254839404,7502.33810827268,0,55017.1471825649,75023.3842484225,115035.845066313,48515.1200421673,95029.6156339304,30009.3524330907,165051.43391422,20006.2339001619,0,43013.4026530079,32510.1309493782,100031.172015464,95529.7717261864,0,0,0,0,0,2656893.8178179,0,0,116257.056999674,0,0,0,0,12995.1215306924,34916.068663226,913.328125959886,0,98780.7861305323,0,0,0,0,2027.77783203125,4375908,7190.31494140625
"NGA",3,1,"LSMS-ISA2015",2015,5,3,323,580,0,30076,3,0,6000,0,0,0,0,0,0,21666.6666666667,11215.4765625,0,0,18250,0,43452.3802083333,10138.888671875,36500,11111.1123046875,0,67676.7578125,0,0,0,0,18072.5107193113,0,23494.2642370691,0,28916.0179764785,0,0,12650.757579009,10843.5069576136,21687.0139152272,10843.5066320928,0,10843.5067948532,7229.00441273941,5421.7534788068,17168.8855843577,10843.5067948532,0,903.625551592426,0,0,0,0,0,0,0,0,3243.55874185992,0,0,0,0,0,0,0,0,0,0,0,0,0,2027.77783203125,410200.46875,7190.31494140625
"NGA",3,1,"LSMS-ISA2015",2015,5,3,323,580,0,30077,5,243.33332824707,0,0,0,0,730,0,0,2200,4555.23828125,0,0,24333.3328125,7300,6257.14296875,3650,14600,17033.33203125,0,18888.62890625,0,0,0,0,3754.285546875,0,0,0,6674.28583984375,0,0,1042.85712890625,12514.2859375,0,1668.571484375,0,6257.1427734375,2085.7142578125,0,0,0,10428.571484375,312.857153320312,0,0,0,0,19145.6609375,10428.57109375,0,0,6391.050390625,0,0,18030.7078125,0,8276.8091796875,10020.2254882813,0,0,0,0,0,1251.428515625,0,0,218074.03125,7190.31494140625
"NGA",3,1,"LSMS-ISA2015",2015,5,3,323,580,0,30078,6,405.555541992188,2000,0,0,0,3650,0,0,9033.33333333333,4273.53173828125,0,0,3041.66666666667,0,13035.71484375,0,16222.22265625,0,0,9965.7470703125,0,0,0,0,5214.28580729167,4345.23795572917,3476.1904296875,0,3128.57149251302,0,0,869.047607421875,17380.9524739583,2085.71427408854,1129.76192220052,5214.28580729167,4388.69041951497,2172.61897786458,1738.09521484375,1129.76192220052,0,42583.3322753906,1564.28574625651,0,0,0,0,0,0,0,0,1559.720703125,0,0,0,0,2317.46028645833,2880.06567382813,0,0,434.523763020833,0,0,0,0,0,165240.359375,7190.31494140625
"NGA",3,1,"LSMS-ISA2015",2015,5,3,323,580,0,30079,4,912.5,0,0,0,0,1825,0,0,900,2247.91674804688,0,0,0,0,5214.28564453125,0,6691.6669921875,750,0,18743.15625,0,0,0,10527.6361969331,0,0,0,0,0,0,0,0,13685.9273994403,0,2105.52724844,0,8422.10899375999,2105.52724844,0,0,0,12633.1641956012,5263.81809846655,0,0,0,0,17861.7223051536,2105.52724844,779311.175229499,0,0,0,0,0,0,0,8422.10942304402,2526.63281745224,0,0,0,0,1094.87421016387,0,0,903350.375,7190.31494140625
"NGA",3,1,"LSMS-ISA2015",2015,5,3,323,580,0,30080,2,4866.66650390625,0,0,0,0,6083.33349609375,0,0,4300,19627.380859375,0,0,0,0,0,0,9125,5000,0,10283.333984375,0,0,0,0,18077.520589086,18077.520589086,15064.5998398634,0,15064.600084004,21090.440499863,0,15064.5998398634,30129.1996797267,7231.0081167734,29526.6163335973,30129.200168008,19583.9801782636,18077.520589086,0,0,0,23500.776422066,7231.0081167734,0,0,0,0,0,0,0,0,0,0,0,0,0,0,4519.38014727151,0,0,358.537486080627,2560.98212494628,0,0,0,0,334573.1875,7190.31494140625
"NGA",3,1,"LSMS-ISA2015",2015,5,3,318,1136,0,30081,7,0,0,0,0,0,1390.47614397321,0,0,3085.71428571429,4070.06811523438,0,0,8342.85714285714,0,20857.1428571429,0,17380.951171875,4630.9521484375,0,1182.58483886719,0,0,0,0,6287.49768909961,0,0,0,2556.91563428615,0,0,0,5868.33092846294,3185.66543225516,4610.83136740215,0,3772.49841581681,2514.99902914218,0,2514.99902914218,0,0,1257.49946806148,0,0,0,0,0,5905.37053202179,0,0,2446.49706925569,0,0,0,0,0,13717.1064189687,1252.44935395956,0,0,0,0,142.516610953314,0,0,116973.9296875,7520.482421875
"NGA",3,1,"LSMS-ISA2015",2015,5,3,318,1136,0,30084,5,0,1680,0,0,0,1752,0,0,6400,7242.61865234375,0,0,0,0,7300,0,14600,4000,0,45345.87890625,0,0,0,0,7821.42890625,0,4171.428515625,0,2085.7142578125,0,0,2085.7142578125,0,4171.42861328125,3754.2857421875,0,1564.28569335938,2085.7142578125,0,1042.85712890625,0,37542.85703125,2085.71430664063,0,0,0,0,0,0,0,0,3225.95859375,0,0,7604.1671875,0,0,7844.8638671875,375.428564453125,0,0,0,0,0,0,0,175782.34375,7520.482421875
"NGA",3,1,"LSMS-ISA2015",2015,5,3,318,1136,0,30085,5,365,1200,0,1703.3333984375,0,1460,0,0,2200,6295.23779296875,0,0,4866.666796875,0,3128.571484375,0,4866.6669921875,0,0,3040.67431640625,0,0,0,0,3043.99144122838,0,3652.78993593805,0,3531.03027578144,0,0,21916.7391245753,7305.57947847936,3409.27051796858,0,0,4018.06886480801,3043.99144122838,0,18385.7093356892,1217.5965960226,8036.13787887213,3043.99149005651,0,0,0,0,0,3706.58631364735,0,0,2185.27800795012,0,0,0,730.557994442535,2435.1931920452,3652.78993593805,608.798298011301,0,0,0,0,0,0,0,123050.2421875,7520.482421875
"NGA",3,1,"LSMS-ISA2015",2015,5,3,318,1136,0,30086,6,0,1400,0,0,0,0,0,0,15833.3333333333,4836.11083984375,0,0,12166.6666666667,0,0,0,20277.77734375,4000,0,5658.64501953125,0,0,0,0,8690.47591145833,13904.76171875,0,0,1738.09521484375,0,3910.71419270833,19988.0944010417,23464.28515625,3041.66666666667,18250,0,9994.04744466146,3476.1904296875,2172.61897786458,5822.619140625,4345.23795572917,84297.6197916667,4779.7617594401,0,0,0,0,0,869.047607421875,0,0,2536.13118489583,0,0,8690.4765625,0,4575.43229166667,0,0,0,0,0,0,0,0,0,288719.8125,7520.482421875
"NGA",3,1,"LSMS-ISA2015",2015,5,3,318,1136,0,30087,1,0,0,0,0,0,7665,0,0,1600,10388.095703125,0,0,0,0,20857.142578125,0,0,3600,0,22735.58984375,0,0,0,0,36492.9546358369,0,18246.4773179184,0,0,0,0,0,72985.9092716738,0,18246.4773179184,0,23720.4197530658,36492.9546358369,0,0,0,0,34668.3063534466,0,0,0,0,0,36492.9499549617,0,0,32747.812235214,0,0,0,0,0,37961.7100983066,0,0,0,0,0,0,0,0,414901.8125,7520.482421875
"NGA",3,1,"LSMS-ISA2015",2015,5,3,318,1136,0,30088,8,0,0,0,0,0,760.416687011719,0,0,1500,2608.33325195313,0,0,5322.91650390625,0,0,0,6083.33349609375,1125,0,1056.89379882813,0,0,0,0,22346.9338734448,0,387346.847947001,0,0,0,0,0,20857.1373935509,0,6257.1415401604,0,8938.77326626005,11918.3641578085,0,0,0,0,32775.5008376744,0,0,0,0,0,0,0,0,0,0,0,0,0,0,0,0,0,0,0,0,0,0,0,508897.59375,7520.482421875
"NGA",3,1,"LSMS-ISA2015",2015,5,3,318,0,0,30089,5,73,1680,0,0,0,2433.3333984375,0,0,7640,6350.23828125,0,0,3650,0,0,0,7300,0,0,3040.67431640625,0,0,0,0,30660,0,2085.7142578125,0,0,0,0,0,5214.285546875,0,2607.1427734375,0,2398.57141113281,2607.1427734375,0,312.857153320312,0,43799.9986328125,834.285717773437,0,0,0,0,0,0,0,0,0,0,0,0,0,0,1564.2857421875,0,0,0,0,0,0,0,0,124251.53125,7520.482421875
"NGA",3,1,"LSMS-ISA2015",2015,5,3,318,1136,0,30090,2,0,6000,0,0,0,12166.6669921875,0,0,5000,67014.8828125,0,0,0,0,52142.85546875,3041.66674804688,21900,14525,0,7718.3173828125,0,0,0,0,9125,0,0,0,16946.4285888672,0,0,11732.142578125,10428.5712890625,2085.71435546875,0,0,8603.57135009766,5214.28564453125,0,3389.28576660156,0,0,1303.57141113281,0,0,0,0,11058.52734375,9385.7138671875,0,0,4679.162109375,0,0,0,0,8516.66662597656,4236.60705566406,0,0,0,0,4519.046875,0,0,0,300733.6875,7520.482421875
"NGA",3,1,"LSMS-ISA2015",2015,5,3,313,70,0,30091,8,0,900,0,0,0,456.25,0,0,0,1903.8095703125,0,0,1520.83337402344,0,3258.92846679688,0,6083.33349609375,250,0,4500,0,0,0,0,2664.25909380699,3700.35990292497,1480.1439830833,0,2960.28796616659,0,0,740.071991541648,2590.25201029118,296.028811324446,740.071991541648,0,3700.35996396013,2960.28796616659,0,2516.24489625779,0,1850.17998198007,1776.17286794668,0,0,1160.05373970642,0,0,4065.18373895565,0,0,18083.7029174708,0,0,0,0,2220.21596837306,2620.03809666506,0,0,0,0,0,148.014405662223,0,4562.5,79707.5859375,2201.11669921875
"NGA",3,1,"LSMS-ISA2015",2015,5,3,331,0,1,30092,5,3650,9600,0,0,0,3406.666796875,2920,0,51600,29535.712890625,4866.6669921875,0,12166.66640625,0,20857.1421875,0,24333.33203125,73000,0,50000,0,3128.571484375,0,0,109500,20857.1421875,5214.285546875,15642.8578125,20335.7140625,9385.7140625,0,41192.85703125,17728.57109375,15121.42890625,34935.714453125,9907.14267578125,4171.428515625,6257.14267578125,0,44842.856640625,27114.2852539063,19292.8567382813,1772.85712890625,0,0,0,0,0,0,0,0,10682.18515625,0,0,0,0,0,0,0,0,0,0,0,0,0,50613.3359375,753633.125,2201.11669921875
"NGA",3,1,"LSMS-ISA2015",2015,5,3,313,70,0,30093,7,0,857.142883300781,0,0,0,347.619035993304,0,0,1000,1778.4013671875,0,0,2607.14285714286,0,3724.48967633929,0,6952.38134765625,1142.85717773438,0,2744.63525390625,0,0,0,0,8796.63705855907,0,0,0,1466.10620782153,0,0,0,10751.4454751634,0,2248.02951168423,0,3420.9144849169,1954.80827709537,0,0,1466.10624269876,0,4887.02062298396,0,0,0,0,0,10133.8484379931,0,0,1163.98437663574,0,0,0,1466.10624269876,8992.11801185968,9982.86243143432,0,0,0,0,0,195.480834684983,0,0,88080.1328125,2201.11669921875
"NGA",3,1,"LSMS-ISA2015",2015,5,3,313,70,0,30094,5,0,1200,0,0,0,851.66669921875,0,0,3600,2328.33349609375,0,0,0,0,0,0,9733.333984375,1000,0,1436.85815429688,0,0,0,0,6932.63116372425,0,3199.67594145984,0,2133.11729582057,0,0,0,9599.02792203577,4692.85807306174,2346.42908535899,0,6612.66362817202,2666.39656754106,0,3199.67604365813,0,0,3199.67589263172,0,0,0,0,4523.94393618608,0,0,0,0,0,0,0,0,0,3199.67604365813,0,0,0,0,0,2559.74067504287,0,0,75015.7109375,2201.11669921875
"NGA",3,1,"LSMS-ISA2015",2015,5,3,313,0,0,30095,5,0,1200,0,0,0,0,0,0,1120,73,0,0,1703.3333984375,0,0,0,973.333312988281,5103.3330078125,0,2889.72314453125,0,0,0,0,3704.19435575503,0,0,0,2963.3554178004,7408.38871151005,0,0,3704.19435575503,1728.62401211726,0,0,2839.88230086827,1234.73142620782,0,740.838889126506,0,7408.38871151005,370.419444563253,0,0,0,0,0,4727.52768900302,0,0,0,0,0,0,0,2592.93601817589,0,31485.6490821402,0,0,0,0,0,0,0,83971.8671875,2201.11669921875
"NGA",3,1,"LSMS-ISA2015",2015,5,3,313,70,0,30096,8,0,1500,0,0,0,2281.25,0,0,8125,17660.56640625,0,0,15208.3330078125,0,13035.7138671875,4562.5,15208.3330078125,16458.33203125,0,7531.3447265625,0,0,0,0,4236.60693359375,0,0,0,5083.92864990234,0,0,10428.5716552734,9776.7861328125,1564.28570556641,0,0,2150.8928527832,1955.35717773438,0,782.142883300781,0,22812.5,4432.14277648926,0,0,0,0,0,6595.66333007813,0,0,6676.36572265625,0,0,0,0,3693.45239257813,402.573516845703,23278.0625,0,0,0,0,0,0,760.416687011719,206201.125,2201.11669921875
"NGA",3,1,"LSMS-ISA2015",2015,5,3,313,70,0,30097,5,0,1200,0,0,0,3650,1216.66669921875,0,8240,4098.5712890625,0,0,7543.33359375,0,0,0,3893.33325195313,6553.3330078125,0,1510.05810546875,0,0,0,0,3128.571484375,0,4171.428515625,0,2085.71430664063,0,0,0,12514.2859375,16060,0,0,521.428564453125,2085.7142578125,0,2294.2857421875,0,47971.42734375,0,0,0,0,0,0,0,0,0,0,0,0,0,0,6257.1427734375,0,249863.610693359,0,0,0,0,0,0,2920,387778.9375,2201.11669921875
"NGA",3,1,"LSMS-ISA2015",2015,5,3,313,70,0,30098,3,6083.33349609375,2000,18250,0,0,8111.111328125,0,0,24333.3333333333,12910.3173828125,0,0,12166.6666666667,0,0,0,24333.333984375,666.666687011719,0,153266.765625,0,0,0,0,10428.5716145833,0,3476.1904296875,0,5214.28580729167,0,19119.0481770833,8690.47591145833,107761.901367188,14252.3810221354,5909.52392578125,1738.09521484375,21726.1897786458,2607.14290364583,0,11297.6184895833,0,25376.1901041667,10428.5716959635,0,0,0,0,7372.3515625,0,0,0,17803.6419270833,0,0,17380.953125,0,0,7325.44563802083,3895.0087890625,0,0,0,0,0,0,0,563925.125,2201.11669921875
"NGA",3,1,"LSMS-ISA2015",2015,5,3,313,70,0,30099,3,0,2000,0,0,0,2271.11116536458,0,0,1333.33333333333,1709.92053222656,0,0,0,0,8690.47591145833,0,6488.888671875,1000,0,11350.2138671875,0,0,0,0,0,0,0,0,904.989783325016,0,0,0,0,0,1809.97956665003,0,1266.98571479098,0,0,0,0,0,904.989783325016,0,0,0,0,15354.5163582961,3619.95879847964,0,0,0,0,0,0,1628.98156022694,2413.30609196657,0,1352.03300925618,0,0,0,0,2171.97541673579,0,0,66271.65625,2201.11669921875
"NGA",3,1,"LSMS-ISA2015",2015,5,3,313,70,0,30100,7,0,857.142883300781,0,0,0,695.238071986607,0,0,0,993.537414550781,0,0,4345.23800223214,0,5959.18359375,0,3476.19067382813,6940.47607421875,1489.7958984375,3062.3671875,0,0,0,0,0,0,0,0,893.877580915179,0,0,3724.48967633929,2979.591796875,0,1862.24483816964,0,2085.71426827567,0,0,0,0,0,1266.32655552455,0,0,0,0,0,8342.85658482143,0,0,0,0,1810.67508370536,0,0,3694.69391741071,1396.68373325893,0,0,0,0,1291.15625,0,0,0,57167.48046875,2201.11669921875
"NGA",3,1,"LSMS-ISA2015",2015,5,3,301,1198,1,30101,2,6083.33349609375,6000,0,0,0,18250,0,0,16300,30675,0,0,73000,0,0,0,36500,6000,0,36000,0,0,0,0,0,0,8595.29632434619,0,10314.3556965012,0,34381.1852973847,37819.3036273362,10314.3560627121,12033.4153127969,12033.4151907265,1719.05929446278,15471.5338499276,6876.23717785113,1719.05929446278,0,0,0,3438.11858892556,0,0,0,13752.4743557023,29018.3828228248,0,0,0,10635.4245053779,0,0,0,5662.78368705219,4168.7190543047,0,0,0,0,11460.396026409,0,687.623755147883,0,36500,495409.46875,9244.6904296875
"NGA",3,1,"LSMS-ISA2015",2015,5,3,301,0,1,30102,2,10950,7500,0,9125,0,9125,0,0,4000,20206.546875,0,0,0,0,31285.71484375,0,6083.33349609375,0,0,36000,0,0,0,0,17134.3767974795,0,21417.9709437421,0,1835.82614155345,0,0,0,12238.8402783843,0,12238.8402783843,3059.71006959607,4283.59419936987,4589.56527957167,0,917.913070776727,0,15298.55080455,3365.68120290511,0,0,0,0,0,0,0,0,0,0,0,0,0,0,0,0,0,0,0,0,0,0,36500,267156.46875,9244.6904296875
"NGA",3,1,"LSMS-ISA2015",2015,5,3,301,1198,1,30103,6,405.555541992188,0,0,0,0,0,0,0,400,6521.58740234375,0,0,4055.5556640625,0,8690.47591145833,0,8111.111328125,0,0,89845.5703125,0,0,0,0,5214.28580729167,3476.1904296875,3476.1904296875,0,6083.33341471354,0,0,0,4345.23795572917,0,0,0,3997.61901855469,0,0,0,0,0,434.523803710938,0,0,0,0,0,0,0,0,1559.720703125,0,0,0,2433.33333333333,5444.47989908854,536.764689127604,0,2607.14290364583,347.619059244792,4601.81412760417,0,10428.5716145833,0,0,173016.6875,9244.6904296875
"NGA",3,1,"LSMS-ISA2015",2015,5,3,301,1198,1,30104,8,0,0,0,6083.33349609375,0,7604.16650390625,0,0,1380,5457.4404296875,0,0,9125,0,4562.5,0,83645.828125,1950,0,127554.5625,0,0,0,0,5083.9287109375,0,0,0,3910.71435546875,0,0,651.785705566406,6517.85693359375,1825,0,3910.71435546875,3128.57138061523,0,13035.7138671875,847.321441650391,0,0,1955.3571472168,0,0,0,0,0,6926.14672851563,0,0,2016.22412109375,0,0,730.974609375,0,4779.76184082031,2357.93069458008,1138.66180419922,0,0,0,0,0,0,0,306179.5,9244.6904296875
"NGA",3,1,"LSMS-ISA2015",2015,5,3,301,1198,1,30105,5,1216.66674804688,0,0,2920,0,1898,0,0,7720,6831.42822265625,0,0,12166.66640625,0,7300,0,14600,11750,0,12885.0791015625,0,0,0,0,3128.571484375,5214.285546875,4171.428515625,0,2607.14287109375,10428.57109375,10428.57109375,8864.28559570312,9907.14282226563,1251.42861328125,521.428564453125,1042.85712890625,5214.28569335937,1564.2857421875,0,6048.57158203125,6257.14296875,27374.9999267578,0,0,0,0,0,0,9649.38359375,0,0,6451.9171875,0,0,0,0,1480.85717773438,0,0,0,0,0,0,104.285717773438,0,0,200999.28125,9244.6904296875
"NGA",3,1,"LSMS-ISA2015",2015,5,3,301,1198,1,30106,6,12.1666669845581,4000,0,2027.77783203125,0,2027.77783203125,0,0,500,3408.53198242188,0,0,2027.77783203125,0,0,0,2027.77783203125,0,0,2901.48950195313,0,0,0,0,12333.9766767685,0,7708.73530952438,0,10792.2292111145,0,0,0,15417.4706190488,3597.4097991121,2055.66282797199,0,6937.86159704241,6423.94588574224,770.873542298034,5653.0726270841,0,25695.7837871096,3340.45198415212,0,0,0,0,0,0,0,0,5174.15095363942,0,0,0,0,6852.20902700295,3854.36765476219,1452.37034086974,0,0,0,0,0,0,0,136993.875,9244.6904296875
"NGA",3,1,"LSMS-ISA2015",2015,5,3,301,1198,1,30107,4,0,14400,0,1520.83337402344,0,3650,0,0,0,8614.880859375,0,0,6083.33349609375,0,13035.7138671875,0,7604.1669921875,2129.16674804688,0,24622.9921875,0,0,0,0,7821.4287109375,0,0,0,5474.99993896484,0,0,16946.4288330078,26071.427734375,1825,0,0,2476.78570556641,3910.71435546875,0,5474.99993896484,0,0,651.785705566406,0,0,0,0,11058.52734375,9043.28186035156,0,0,2339.5810546875,0,0,0,0,6952.380859375,4715.86138916016,0,0,0,0,0,0,0,0,186424.3125,9244.6904296875
"NGA",3,1,"LSMS-ISA2015",2015,5,3,301,1198,1,30108,3,14194.4443359375,12000,0,12166.6666666667,0,10138.888671875,0,0,3333.33333333333,22733.333984375,0,0,24333.3333333333,0,0,0,48666.66796875,4000,0,375976.78125,0,0,0,0,17380.9518229167,14744.703125,6690.44270833333,121666.666666667,7995.23803710938,0,0,26071.4296875,36499.9993489583,12861.9049479167,9559.52376302083,3476.1904296875,24333.3328450521,8690.47591145833,8690.47591145833,8342.85693359375,0,43452.3805338542,9385.71427408854,0,0,0,0,0,6952.380859375,0,0,40400.5729166667,0,0,0,0,3476.1904296875,13904.76171875,0,0,0,0,0,0,0,0,952119.625,9244.6904296875
"NGA",3,1,"LSMS-ISA2015",2015,5,3,301,1198,1,30109,5,486.666656494141,4800,0,1216.66669921875,0,1703.3333984375,0,0,0,3811.90478515625,0,0,2433.3333984375,0,5214.285546875,0,3650,2433.33349609375,0,7050.67041015625,0,0,0,0,9714.83439613528,0,4317.70422177171,0,0,0,0,0,4857.41719806764,0,0,0,2050.90952539229,3238.27826917985,0,0,0,2158.85211088585,971.483469949366,0,0,0,0,0,2158.85190518372,0,0,1937.29681857482,0,0,0,0,5037.32158860378,4718.52057395942,0,0,0,0,0,0,0,0,73961.6640625,9244.6904296875
"NGA",3,1,"LSMS-ISA2015",2015,5,3,301,1198,1,30110,2,0,18000,0,15208.3330078125,0,9125,0,0,26100,23714.880859375,0,0,9733.3330078125,21291.666015625,0,0,73000,1500,0,132845.140625,0,0,0,0,13035.7138671875,10428.5712890625,10428.5712890625,0,7821.4287109375,10428.5712890625,0,57357.142578125,78214.283203125,35978.572265625,11732.142578125,28678.5712890625,35196.4279785156,4171.4287109375,0,35196.4272460938,0,0,15382.1431884766,0,0,0,0,0,5214.28564453125,0,0,0,0,0,0,0,0,0,0,0,0,0,0,0,0,0,689782.625,9244.6904296875
"NGA",3,1,"LSMS-ISA2015",2015,5,3,326,74,0,30111,7,0,1714.28576660156,4345.23800223214,0,0,1181.90471540179,0,0,3600,4669.2177734375,0,0,3024.28571428571,0,0,0,5214.28564453125,0,0,4771.03271484375,0,0,0,0,10374.7976982818,7204.72072156717,0,0,9798.42042515547,0,0,20173.2182629462,14409.4414431343,2017.32187242628,0,0,3170.07719667546,5763.77677145229,0,1152.75535912641,0,1729.1330963542,1440.94419286307,0,0,0,0,0,11527.5535429046,0,0,2586.13045266617,0,0,0,0,11047.2386460881,5130.29690148685,1440.94419286307,0,0,0,19212.5879112775,0,0,3476.19067382813,160175.796875,3423.95947265625
"NGA",3,1,"LSMS-ISA2015",2015,5,3,326,74,0,30112,2,0,6000,0,0,0,6083.33349609375,0,0,13300,10996.4287109375,0,0,14600,0,13035.7138671875,0,18250,0,0,8978.6123046875,0,0,0,0,7821.4287109375,10428.5712890625,0,0,7821.4287109375,0,0,0,15642.857421875,1564.28576660156,0,0,3128.57141113281,2607.14282226563,0,521.428588867188,0,40410.7131347656,1042.85717773438,0,0,0,0,0,15642.857421875,0,0,0,0,0,0,0,7821.42846679688,14339.2844238281,0,0,0,0,0,0,0,12166.6669921875,232203.609375,3423.95947265625
"NGA",3,1,"LSMS-ISA2015",2015,5,3,326,74,0,30113,4,0,3000,0,0,0,1216.66662597656,0,0,10400,10518.453125,0,0,6083.33349609375,0,0,0,4562.5,3000,0,39474.015625,0,0,0,0,9776.7861328125,0,0,0,9125,10428.5712890625,6517.85693359375,19553.5708007813,11732.142578125,10428.5715332031,0,3910.71423339844,8473.21411132813,6517.85693359375,0,9776.7861328125,0,32589.2846679688,7169.64263916016,0,0,0,0,11058.52734375,10486.1662597656,0,0,30300.4296875,0,0,0,0,2607.14282226563,14375.9020996094,0,0,0,0,0,1564.28564453125,0,1520.83337402344,296168.25,3423.95947265625
"NGA",3,1,"LSMS-ISA2015",2015,5,3,326,74,0,30115,9,0,1333.33337402344,0,0,0,2027.77777777778,0,0,6555.55555555556,6552.6455078125,0,0,2703.70377604167,0,11587.3012152778,9462.96267361111,10814.814453125,20185.18359375,0,7050.119140625,0,0,0,0,2896.82530381944,31865.0798611111,11587.3012152778,0,5793.65087890625,0,0,13325.396484375,9849.2060546875,3476.19053819444,2896.82530381944,2317.46028645833,4345.23803710938,1738.09526909722,579.365071614583,12803.9683159722,0,38817.4601779514,289.682535807292,0,0,0,0,0,5214.28580729167,0,0,17380.953125,0,0,0,1042.85709635417,4634.92057291667,2317.46028645833,0,0,0,0,0,0,0,675.925964355469,252121.53125,3423.95947265625
"NGA",3,1,"LSMS-ISA2015",2015,5,3,326,74,0,30116,7,0,1714.28576660156,0,0,0,521.428571428571,0,0,4714.28571428571,3026.87084960938,0,0,0,0,0,0,6952.38134765625,1571.42858886719,0,29763.30078125,0,744.89794921875,0,0,9683.67299107143,0,0,0,6853.06138392857,0,0,14897.9587053571,11918.3671875,3352.04073660714,1862.24483816964,6704.08147321429,13035.7140066964,2607.14285714286,372.448974609375,6704.08133370536,0,7448.97935267857,3352.04084123884,0,0,0,0,12574.1640625,5472.37667410714,0,0,7630.13225446429,0,0,0,0,1489.7958984375,1117.34695870536,226.708077566964,0,0,0,0,0,0,0,166311.21875,3423.95947265625
"NGA",3,1,"LSMS-ISA2015",2015,5,3,326,74,0,30117,6,2534.72216796875,2000,0,0,0,2190,0,0,700,7309.5234375,0,0,0,0,1738.09521484375,0,12977.77734375,1266.66662597656,0,3849.85131835938,0,0,0,1738.09521484375,15642.8567708333,0,3476.1904296875,0,3910.71431477865,1738.09521484375,0,0,3476.1904296875,1303.57145182292,3041.66658528646,0,2172.61901855469,2607.14290364583,0,2694.04756673177,0,8690.47591145833,1477.38098144531,0,0,0,0,7372.3515625,814.568766276042,0,0,0,0,0,15025.58984375,0,6836.50797526042,20125.7302246094,1496.3642985026,0,0,0,0,0,0,1135.55554199219,139342.359375,3423.95947265625
"NGA",3,1,"LSMS-ISA2015",2015,5,3,326,74,0,30118,9,0,1333.33337402344,0,0,0,2298.14822048611,0,0,10644.4444444444,6211.90478515625,0,0,4461.11111111111,0,8690.4765625,0,13518.5185546875,7425.92529296875,0,13136.33203125,0,0,0,0,0,18365.813740419,0,0,4591.45330871904,0,6559.21899413616,18693.7741763832,35419.7834977958,15414.1651583484,1639.80474853404,0,6887.18009840364,4591.4532815923,196.776581442341,13446.3993638072,7346.32529740277,8002.24734317733,5903.29716537549,0,0,235.192982176037,16398.0476573488,0,10290.3421195503,0,0,11885.0587238244,0,0,0,0,5903.29711112202,13192.1378516212,1896.6370660741,0,0,0,0,157.421261597346,0,2027.77783203125,276763.8125,3423.95947265625
"NGA",3,1,"LSMS-ISA2015",2015,5,3,326,74,0,30119,5,0,2400,0,0,0,973.33330078125,0,0,7520,3346.42846679688,0,0,12166.66640625,0,10428.57109375,0,12166.6669921875,22700,0,4174.556640625,0,0,0,0,20857.1421875,0,0,0,5214.28564453125,0,12514.2859375,5214.285546875,6257.14296875,0,3754.28564453125,0,4171.42856445312,5214.285546875,0,8029.9998046875,10428.57109375,54228.5705078125,3232.85712890625,0,0,4335.95495605469,0,8846.821875,20077.9546875,0,0,6451.9171875,0,0,0,0,2085.7142578125,9456.01875,629.1904296875,0,0,0,0,208.571435546875,0,0,267085.53125,3423.95947265625
"NGA",3,1,"LSMS-ISA2015",2015,5,3,326,74,0,30120,1,0,12000,0,0,0,7300,0,0,0,10829.76171875,0,0,0,0,0,0,0,2400,0,15436.634765625,0,0,0,0,0,0,0,0,0,0,0,0,22118.668331789,0,0,2764.83354147363,1658.90020164196,5529.66708294726,0,0,0,0,9400.43434804145,0,0,0,0,23454.7850640302,11818.6236741989,0,0,3292.62270202452,0,0,0,0,27072.327780202,0,3197.87974142302,0,0,0,0,0,0,0,158275.140625,3423.95947265625
"NGA",3,1,"LSMS-ISA2015",2015,5,3,305,1542,0,30121,6,811.111083984375,2000,0,0,0,1135.55558268229,0,0,3500,6013.29345703125,0,0,4055.5556640625,0,3476.1904296875,0,16222.22265625,4500,0,13746.00390625,0,0,0,0,8690.47623697917,0,6952.380859375,0,7821.42858886719,0,0,8690.47591145833,6952.380859375,3823.80940755208,6083.33325195313,2607.14290364583,3476.1904296875,4345.23795572917,0,1390.47623697917,1303.57145182292,31285.7154947917,1738.09525553385,0,0,0,0,0,0,0,0,2688.298828125,0,0,0,0,0,7345.625,1298.33626302083,0,0,0,0,0,0,0,161952.90625,4695.7158203125
"NGA",3,1,"LSMS-ISA2015",2015,5,3,305,1542,0,30122,6,811.111083984375,2000,0,0,0,1054.44441731771,0,0,4033.33333333333,6032.22265625,0,0,2433.33333333333,0,4345.23795572917,0,6083.33349609375,2800,0,5420.98095703125,0,0,0,0,5214.28580729167,0,3476.1904296875,0,1216.66666666667,0,0,5214.28580729167,4345.23795572917,0,1911.90478515625,0,2520.23807779948,3041.66666666667,0,0,0,0,1738.09525553385,0,0,0,0,11058.52734375,6952.38053385417,0,0,0,0,0,0,0,0,2715.77376302083,1298.33626302083,0,0,0,0,0,0,0,85717.5859375,4695.7158203125
"NGA",3,1,"LSMS-ISA2015",2015,5,3,305,1542,0,30123,6,0,4000,0,3041.66666666667,0,1520.83333333333,0,0,8666.66666666667,11198.4130859375,0,0,12166.6666666667,6083.33333333333,21726.1901041667,0,20277.77734375,3333.33325195313,0,3849.85131835938,0,0,0,618.946017572849,6631.5647631717,30947.3008947712,0,0,11494.7115196864,0,0,6189.46017426223,5305.25167681002,5747.35559708279,5305.25167681002,0,1768.41716939486,2210.52142105348,442.104292348716,7073.66885206989,0,0,0,0,0,0,0,0,6189.46017426223,0,0,0,0,0,0,0,0,0,1763.09069136641,0,0,0,0,132.631293918099,0,1013.88891601563,188698.34375,4695.7158203125
"NGA",3,1,"LSMS-ISA2015",2015,5,3,305,1542,0,30124,6,101.388885498047,2000,0,0,0,2027.77783203125,0,0,0,2564.08740234375,0,0,0,0,0,0,2027.77783203125,1666.66662597656,0,1956.08642578125,0,0,0,0,4013.30670768964,0,12039.9205079414,0,601.99604057168,8026.61341537927,0,0,10033.2667988999,14849.2357304578,2608.64944994451,0,6019.96017259047,4013.30670768964,0,1003.32667692241,0,16053.2269121388,2006.65335384482,0,0,0,0,0,17310.2282598288,0,0,0,0,0,0,0,5351.07575832754,1239.40355537095,0,0,0,0,0,0,0,0,117513.96875,4695.7158203125
"NGA",3,1,"LSMS-ISA2015",2015,5,3,305,1542,0,30125,7,695.238098144531,1714.28576660156,0,695.238071986607,0,1129.76192801339,0,0,4857.14285714286,3476.87060546875,0,0,3476.19056919643,0,3724.48967633929,0,6952.38134765625,3750,0,3299.87255859375,0,0,0,0,14897.9592633929,0,7448.97935267857,0,4096.93875558036,0,0,3724.48967633929,4469.38783482143,1936.73465401786,4469.38766043527,0,2979.591796875,3724.48967633929,0,4320.408203125,0,0,1489.79593331473,0,0,0,0,12638.3169642857,0,0,0,2304.25613839286,0,0,0,0,0,4376.27580915179,1112.85965401786,0,0,0,595.918387276786,0,0,0,108357.265625,4695.7158203125
"NGA",3,1,"LSMS-ISA2015",2015,5,3,305,1542,0,30126,7,347.619049072266,1714.28576660156,0,0,0,2259.52385602679,0,0,0,3821.36059570313,0,0,0,0,0,0,1738.09533691406,0,0,5787.55322265625,0,0,0,0,5214.28571428571,0,2979.591796875,0,4469.38762555804,0,0,0,1862.24483816964,968.367327008929,372.448974609375,0,3426.53062220982,744.89794921875,0,0,0,372.448974609375,670.408133370536,0,0,0,0,0,0,0,0,3499.86104910714,0,0,0,0,0,0,461.836739676339,0,0,0,0,0,0,0,40710.74609375,4695.7158203125
"NGA",3,1,"LSMS-ISA2015",2015,5,3,305,1542,0,30127,5,1216.66674804688,1200,0,14600,0,4866.666796875,0,0,5800,7218.57177734375,0,0,0,0,0,0,19466.66796875,2200,0,25631.61328125,0,0,0,0,3128.571484375,0,7300,0,3128.571484375,0,41714.284375,20857.1421875,109500.001171875,208.571435546875,2294.2857421875,0,18771.4283691406,2607.1427734375,0,6778.57109375,0,0,8760.00024414063,0,0,0,0,8846.821875,0,0,0,0,0,0,7821.42890625,0,0,0,0,0,0,0,0,0,0,0,323917,4695.7158203125
"NGA",3,1,"LSMS-ISA2015",2015,5,3,305,1542,0,30128,8,0,1500,0,0,0,0,0,0,725,2640.47607421875,0,0,3802.08325195313,0,0,0,7604.1669921875,250,0,7663.57177734375,0,0,0,0,7763.75434746545,7394.05149327403,14788.1029865481,0,8872.86202119424,0,0,28097.3974326542,2957.62066244714,2587.91810676104,3327.32321813325,1478.81033122357,7394.0518528145,3697.02574663701,369.702582805893,6580.70588984228,2957.62066244714,0,0,0,0,0,0,0,0,0,0,6861.79452845349,0,0,0,2464.68402103411,3697.02589588967,924.256436659253,2026.68294228904,0,973.550199840949,5126.54255214905,0,2809.73953908112,0,0,147336.53125,4695.7158203125
"NGA",3,1,"LSMS-ISA2015",2015,5,3,305,1542,0,30129,2,3041.66674804688,3000,0,6083.33349609375,0,3954.16674804688,0,0,0,26725,0,0,0,0,0,0,15208.3330078125,5500,0,25843.572265625,0,0,0,0,13035.7138671875,0,5214.28564453125,0,0,0,0,0,39107.1416015625,0,8864.28588867188,0,28678.5710449219,5214.28564453125,0,0,0,0,11210.7141723633,0,0,0,0,11058.52734375,0,0,0,0,0,0,0,0,0,0,793.478271484375,0,0,0,0,0,0,0,212533.078125,4695.7158203125
"NGA",3,1,"LSMS-ISA2015",2015,5,3,305,1542,0,30130,3,0,2000,0,0,0,6083.33333333333,0,0,4666.66666666667,6108.33349609375,0,0,0,0,0,0,20277.779296875,2000,0,42719.35546875,0,0,0,0,8690.47591145833,0,0,0,5214.28580729167,0,0,15642.8567708333,13904.7620442708,0,8169.04752604167,0,18771.4286295573,3476.1904296875,0,0,6952.380859375,37542.8567708333,12166.6667480469,0,0,0,0,29339.7161458333,6952.380859375,0,0,0,0,0,0,0,0,0,0,0,0,0,0,0,0,0,250678.515625,4695.7158203125
"NGA",3,1,"LSMS-ISA2015",2015,5,3,312,20,0,30131,5,0,0,0,0,0,2433.3333984375,0,0,8000,3510.95239257813,0,0,0,0,0,0,2433.33349609375,0,0,4220.33837890625,0,0,0,0,41556.2352305762,0,20778.1176152881,0,16622.4933145802,0,0,34630.1933682082,6926.03917254396,41556.2352305762,17315.0966841041,0,13852.0783450879,20778.1176152881,0,76186.4313862648,0,13852.078393916,2770.41571850952,0,0,0,0,0,13852.0769513478,0,0,21424.9047098728,0,0,0,0,18469.4369944988,16423.8791922009,0,0,0,0,0,1731.50979313599,0,0,399323.3125,3260.91381835938
"NGA",3,1,"LSMS-ISA2015",2015,5,3,312,20,0,30132,2,0,0,0,0,0,2433.33325195313,0,0,0,2396.4287109375,0,0,0,0,0,0,1825,500,2607.14282226563,4972.572265625,0,0,0,0,4692.85693359375,0,0,0,521.428588867188,0,0,0,3910.71435546875,0,0,0,1825,3910.71435546875,0,0,7821.4287109375,0,0,0,0,0,0,0,15642.8564453125,0,0,5249.79150390625,0,0,0,0,3476.1904296875,3910.71435546875,1303.57141113281,0,0,0,10428.5712890625,651.785705566406,0,0,78080.1015625,3260.91381835938
"NGA",3,1,"LSMS-ISA2015",2015,5,3,312,20,0,30133,7,869.047668457031,857.142883300781,0,0,0,295.476178850446,0,0,3285.71428571429,2515.64624023438,0,0,3476.19056919643,0,26071.4285714286,0,5214.28564453125,0,0,2000.80969238281,0,0,0,0,4469.38783482143,0,0,0,2681.6327078683,0,0,5214.28578404018,3724.48981584821,0,0,0,2607.14282226563,1489.7958984375,0,0,0,6033.67333984375,372.448974609375,0,0,0,0,0,6736.9931640625,0,0,4608.51227678571,0,0,0,0,695.238071986607,9942.33238002232,0,0,0,0,0,0,0,0,93161.6796875,3260.91381835938
"NGA",3,1,"LSMS-ISA2015",2015,5,3,312,20,0,30134,6,811.111083984375,1000,0,0,0,0,0,0,1866.66666666667,3013.09497070313,0,0,486.666666666667,0,17380.9518229167,0,4055.5556640625,0,0,13130.80859375,0,0,0,0,8279.69797265351,0,3184.49917471018,0,3609.09893025894,0,0,0,5307.49858803112,849.199795215315,1379.94960154906,0,4245.998773339,1061.49969333475,106.149974401914,849.199795215315,0,0,1061.49969333475,0,0,0,0,0,0,0,0,19233.9758661863,0,0,9920.55772254643,1910.69938051842,7218.19810465851,10490.1150958109,0,0,0,0,0,212.299948803829,0,0,120664.984375,3260.91381835938
"NGA",3,1,"LSMS-ISA2015",2015,5,3,312,20,0,30135,5,0,0,0,0,0,4866.666796875,0,0,0,5520.9521484375,0,0,7300,0,0,0,21900,12000,0,41668.62109375,0,0,0,0,2972.08011883522,0,0,0,2972.08011883522,5944.16023767044,0,0,7727.40839535614,2615.4306292643,832.182461254126,0,2377.66413826046,2377.66413826046,0,0,0,0,1783.2481576857,0,0,0,0,0,11993.3719581951,0,0,0,0,0,0,0,1109.57657557044,8549.10150205757,37555.6341048949,0,0,0,0,1474.15183641369,0,0,183540,3260.91381835938
"NGA",3,1,"LSMS-ISA2015",2015,5,3,312,20,0,30137,6,0,0,0,0,0,1013.88891601563,0,0,3333.33333333333,9128.9677734375,0,0,6083.33333333333,0,0,0,8111.111328125,1000,0,10575.1787109375,0,0,0,0,1755.38447702428,0,0,0,6758.23049289804,0,0,5266.15359812369,12287.6911807,0,0,0,2808.61521149493,1316.53839953092,351.076911966926,175.538455983463,0,0,2194.23055594779,0,0,0,0,7445.68616703673,3455.7482803361,0,0,8990.36957431479,0,4160.26136004677,0,1053.23073590078,1755.38447702428,14904.1250504763,0,0,0,2925.64096018446,0,351.076911966926,0,0,117200.8125,3260.91381835938
"NGA",3,1,"LSMS-ISA2015",2015,5,3,312,20,0,30138,5,0,0,0,0,0,3650,0,0,3360,6098.9521484375,0,0,0,0,8342.85703125,0,730,4800,0,6679.4462890625,0,0,0,0,4692.85703125,0,10428.571484375,0,2398.571484375,0,0,5214.285546875,10428.57109375,834.2857421875,6778.57138671875,0,5735.71435546875,2085.7142578125,0,834.2857421875,0,0,1303.57141113281,0,0,0,0,0,0,0,6202.7328125,6391.050390625,0,0,0,0,2780.95234375,13710.312109375,1558.003515625,0,0,0,0,0,0,1216.66674804688,116255.96875,3260.91381835938
"NGA",3,1,"LSMS-ISA2015",2015,5,3,312,20,0,30139,4,0,2100,0,0,0,2250.83325195313,0,0,9750,4721.130859375,0,0,0,0,7821.4287109375,0,27375,6000,0,17121.541015625,0,0,0,0,8348.91512486912,0,0,0,17219.636712303,0,0,9131.62536803266,0,2348.13237882612,4565.81280608664,0,5087.61994050021,6261.68634353632,0,1043.61439060864,0,0,2217.68054944636,0,0,5112.03969721089,0,0,7827.10731860674,0,0,0,0,0,0,0,3913.55390367504,10453.5373854112,1948.9184667197,0,0,0,0,0,0,0,162619.828125,3260.91381835938
"NGA",3,1,"LSMS-ISA2015",2015,5,3,312,20,0,30140,5,0,1200,0,0,0,1946.6666015625,0,0,2040,3301.90478515625,0,0,2433.3333984375,0,7300,0,4866.6669921875,1200,0,4632.76611328125,0,0,0,0,7508.57109375,6778.57109375,0,0,9072.85751953125,0,0,41714.28671875,5214.285546875,2085.71435546875,5840,521.428564453125,2398.57141113281,3754.285546875,208.571435546875,834.2857421875,0,0,521.428564453125,0,0,3677.99765625,0,0,8342.856640625,0,0,3225.95859375,0,0,0,0,0,2289.9404296875,0,0,0,0,0,0,0,0,132910.953125,3260.91381835938
"NGA",3,1,"LSMS-ISA2015",2015,5,3,305,4,0,30141,5,121.666664123535,0,0,0,0,486.666650390625,0,0,400,1216.90466308594,0,0,0,0,0,0,0,600,0,4635.8779296875,0,0,0,0,4868.75519019328,0,9737.51038038656,0,9737.51038038656,0,0,0,7303.13328462145,2434.37759509664,4868.75519019328,0,13389.0768218596,0,1217.18879754832,2434.37759509664,0,0,3651.56639264496,0,0,0,0,0,0,0,0,24935.7964231744,0,0,0,0,0,0,9737.51038038656,0,0,0,0,0,0,0,101776.6640625,3118.24877929688
"NGA",3,1,"LSMS-ISA2015",2015,5,3,305,4,0,30142,6,811.111083984375,0,0,0,0,1216.66666666667,0,0,5933.33333333333,2252.97631835938,0,0,4866.66666666667,0,2607.14290364583,0,8111.111328125,5055.5556640625,0,11215.4716796875,0,0,0,0,2172.61897786458,0,17380.9518229167,0,1303.57141113281,0,0,4779.7617594401,1738.09521484375,1042.85717773438,3128.57141113281,0,3041.66666666667,2607.14290364583,0,3041.66674804688,0,0,434.523803710938,0,0,0,0,11058.52734375,0,0,0,5325.87532552083,0,0,0,0,2780.95243326823,5293.04305013021,649.168131510417,0,0,0,0,1042.85709635417,0,0,108891.8671875,3118.24877929688
"NGA",3,1,"LSMS-ISA2015",2015,5,3,305,4,0,30143,4,6083.33349609375,3000,0,9125,0,3041.66674804688,0,0,3750,10893.75,0,0,0,0,0,0,27375,50000,0,32039.517578125,0,0,0,0,0,0,2607.14282226563,0,0,0,0,11732.142578125,40410.7133789063,13687.5,5996.4287109375,0,20857.1426391602,5214.28564453125,1303.57141113281,8864.2861328125,0,0,13426.7857971191,0,0,0,0,11058.52734375,0,0,0,0,0,0,0,0,0,11547.0649414063,0,0,0,0,0,0,0,0,292013.875,3118.24877929688
"NGA",3,1,"LSMS-ISA2015",2015,5,3,314,0,1,30145,4,4562.5,1500,0,0,0,6083.33349609375,0,0,1000,16969.046875,0,0,0,0,18250,0,24333.333984375,0,0,7500,0,0,0,0,3128.57153320313,0,13035.7138671875,0,0,0,0,0,9125,1303.57141113281,3258.92846679688,5214.28564453125,5214.28564453125,0,0,782.142883300781,0,39758.9284667969,1042.8571472168,0,0,0,0,0,0,0,0,0,0,0,0,0,0,0,0,0,0,0,0,0,0,7604.16650390625,169666.671875,3118.24877929688
"NGA",3,1,"LSMS-ISA2015",2015,5,3,305,4,0,30146,6,101.388885498047,3000,0,0,0,365,0,0,666.666666666667,1100.99206542969,0,0,0,0,4345.23795572917,0,1216.66662597656,1000,0,3789.26489257813,0,0,0,2607.14290364583,2172.61897786458,0,869.047607421875,0,869.047648111979,4345.23795572917,0,2607.14290364583,2172.61897786458,3128.57153320313,434.523803710938,0,1998.80950927734,869.047607421875,173.809529622396,521.428588867188,0,21726.189860026,1129.76190185547,0,0,0,0,0,3476.1904296875,0,0,0,0,0,0,0,0,0,0,0,0,0,0,0,0,0,64686.41015625,3118.24877929688
"NGA",3,1,"LSMS-ISA2015",2015,5,3,305,4,0,30147,2,1825,0,0,0,0,3406.66674804688,0,0,0,5719.04736328125,0,0,0,0,3910.71435546875,0,0,2000,0,7285.92138671875,0,0,0,0,0,0,5214.28564453125,0,0,0,0,0,0,0,1042.85717773438,0,4692.85711669922,0,0,0,0,0,4432.14294433594,0,0,0,0,0,0,0,0,0,0,0,0,0,8690.47607421875,977.678588867188,0,0,0,0,0,0,0,0,49197.6484375,3118.24877929688
"NGA",3,1,"LSMS-ISA2015",2015,5,3,305,4,0,30148,2,0,6000,0,0,0,912.5,0,0,1500,2003.57141113281,0,0,0,0,5214.28564453125,4866.66650390625,6083.33349609375,200,0,11367.794921875,0,0,0,0,7180.23922090962,0,0,0,4487.64944110743,0,0,0,7479.41563923095,0,0,0,4487.64931903712,2991.76619812352,0,0,0,0,1495.88309906176,0,0,0,0,38069.8688372591,8751.76396427818,0,0,5369.46382548758,0,0,0,5385.17902761943,797.804333891821,3739.70769754516,718.023907698746,0,0,0,0,299.176634204568,0,0,129401.75,3118.24877929688
"NGA",3,1,"LSMS-ISA2015",2015,5,3,305,4,0,30149,5,973.333312988281,0,0,0,0,876,0,0,1680,1631.42846679688,0,0,0,0,0,0,2433.33349609375,200,0,3689.24365234375,0,0,0,0,5005.714453125,0,2085.7142578125,0,312.857153320312,0,0,5214.285546875,1564.2857421875,521.428564453125,3128.57138671875,0,4171.428515625,2085.7142578125,0,0,0,0,0,0,0,0,0,0,4015.591015625,0,1564.2857421875,9677.87578125,0,0,0,0,0,7086.15576171875,0,0,0,0,0,2711.42846679688,0,0,60628.671875,3118.24877929688
"NGA",3,1,"LSMS-ISA2015",2015,4,4,418,44,1,40001,8,0,3750,0,0,152.08332824707,3650,0,152.08332824707,1025,3152.67846679688,0,0,0,0,3258.92846679688,0,3041.66674804688,500,0,4500,0,0,0,0,5866.0712890625,0,1825,0,2085.71429443359,0,0,1303.57141113281,977.678588867188,0,2933.03564453125,325.892852783203,4888.3928527832,2933.03564453125,130.357147216797,0,0,1629.46426391602,2737.5,0,0,0,0,0,0,0,0,0,0,0,0,0,0,0,0,0,0,0,0,0,0,4866.66650390625,55684.82421875,2935.94580078125
"NGA",3,1,"LSMS-ISA2015",2015,4,4,418,44,1,40002,5,1898,1920,0,0,0,2676.6666015625,0,0,240,2528.95239257813,0,0,3650,0,10428.57109375,0,5353.3330078125,0,0,30011.953125,0,0,0,0,9385.7140625,4171.428515625,1564.2857421875,0,2607.14282226563,0,36500,5214.285546875,3128.571484375,2190,5214.28559570313,0,7717.14272460938,0,521.428564453125,4067.14287109375,4171.428515625,43904.2850585937,521.428564453125,0,0,4019.3453125,0,0,0,0,2121.9875,4692.856640625,0,0,0,0,0,0,0,0,0,0,0,0,0,0,200420.25,2935.94580078125
"NGA",3,1,"LSMS-ISA2015",2015,4,4,418,44,1,40003,3,1216.66662597656,4000,0,0,0,2433.33333333333,0,1216.66662597656,6200,2303.17456054688,0,0,0,0,27809.5234375,0,27172.220703125,10000,0,20000,0,0,0,4345.23795572917,5214.28580729167,10428.5716145833,1738.09521484375,1738.09521484375,10950.0002441406,3476.1904296875,0,13904.76171875,26940.4765625,1390.47623697917,5214.28564453125,3997.61889648438,9559.52368164063,4345.23795572917,347.619059244792,10776.1902669271,0,83428.5729166667,10428.5715332031,0,0,0,0,0,0,0,0,0,0,0,0,0,0,0,0,0,0,0,0,0,0,33052.77734375,343628.1875,2935.94580078125
"NGA",3,1,"LSMS-ISA2015",2015,4,4,418,44,1,40005,3,2433.33325195313,10000,0,0,608.333333333333,6083.33333333333,0,1216.66662597656,4633.33333333333,4261.82568359375,0,0,0,0,17380.9518229167,0,34472.22265625,2000,0,40000,0,0,0,4345.23795572917,13035.71484375,6952.380859375,869.047607421875,0,9559.52376302083,0,20857.1432291667,12166.6666666667,23464.28515625,1042.85717773438,8516.66674804688,869.047607421875,10428.5712890625,0,0,14686.9047851563,17380.9518229167,104807.143554688,6083.33341471354,0,0,0,0,0,0,0,0,17380.9518229167,0,0,0,0,0,0,0,0,0,0,0,0,0,811.111083984375,396347.53125,2935.94580078125
"NGA",3,1,"LSMS-ISA2015",2015,4,4,418,44,1,40006,4,1216.66662597656,3000,0,0,0,2281.25,0,912.5,5875,2700,0,0,1825,0,26071.427734375,0,24333.333984375,650,0,24000,0,0,0,3910.71435546875,6517.85693359375,5214.28564453125,2216.07153320313,0,7821.42834472656,4562.5,0,9125,10428.5712890625,2346.42864990234,5866.07135009766,9125,11732.1429443359,1303.57141113281,260.714294433594,11275.892578125,10428.5712890625,82516.0703125,2607.14288330078,0,0,0,0,0,0,0,0,0,0,0,0,0,0,0,0,0,0,0,0,0,0,25397.91796875,305521.09375,2935.94580078125
"NGA",3,1,"LSMS-ISA2015",2015,4,4,418,0,1,40007,7,2607.14282226563,1714.28576660156,0,0,0,3476.19056919643,0,0,1085.71428571429,3998.02734375,0,0,0,0,2979.591796875,0,10428.5712890625,342.857147216797,0,10285.7138671875,0,0,0,744.89794921875,0,3352.04073660714,2979.591796875,0,2607.14289202009,2234.69391741071,0,5959.18359375,7448.97963169643,1117.34695870536,4022.44900948661,4245.91838727679,7076.53055245536,2234.69391741071,0,2383.67347935268,2979.591796875,10428.571358817,1489.7958984375,0,0,744.89794921875,6351.796875,0,0,0,0,0,0,0,0,0,0,5357.50251116071,223.469395228795,0,249.686453683036,2085.71442522321,1489.79603794643,223.469395228795,0,10602.380859375,125551.8984375,2935.94580078125
"NGA",3,1,"LSMS-ISA2015",2015,4,4,418,0,1,40008,5,2433.33349609375,2400,0,0,0,4866.666796875,0,0,1000,4397.619140625,0,0,0,0,5214.285546875,0,12166.666015625,400,0,14400,0,0,0,0,0,6257.14296875,3337.14296875,0,7508.57158203125,5214.2857421875,0,5214.285546875,14078.571875,1251.42861328125,4171.428515625,521.428564453125,6882.85712890625,3754.285546875,312.857153320312,2190,0,8551.4287109375,2711.428515625,0,0,0,5230.891796875,0,0,0,328.5,0,0,0,0,0,1877.14279785156,0,0,0,0,1042.8572265625,0,2087.50207519531,0,14843.3330078125,144645.9375,2935.94580078125
"NGA",3,1,"LSMS-ISA2015",2015,4,4,418,44,1,40009,3,3650,4000,0,0,0,6083.33333333333,0,0,1153.33333333333,4298.33349609375,0,0,2433.33333333333,0,13035.71484375,0,8111.111328125,0,0,10000,0,0,0,0,7300,3476.1904296875,2259.52376302083,0,2607.14290364583,3476.1904296875,0,6952.380859375,6083.33333333333,0,7647.619140625,0,7995.23819986979,2085.71435546875,0,3128.5712890625,0,52142.8564453125,7126.19059244792,0,0,0,0,0,0,0,0,0,0,0,0,0,0,0,0,0,0,0,0,0,0,10138.888671875,175185,2935.94580078125
"NGA",3,1,"LSMS-ISA2015",2015,4,4,418,44,1,40010,4,912.5,0,0,0,0,8516.6669921875,0,912.5,0,1230.35717773438,0,0,0,0,13035.7138671875,0,18250,1500,0,15245.185546875,0,0,0,0,6710.58531601212,4697.40986769286,1610.54057939574,0,1342.11708761649,0,0,5368.46835046595,0,1744.75223119821,5368.4684115011,5368.46835046595,5100.04504686102,2684.23417523297,0,3355.29278007637,0,805.270289697872,1342.11708761649,0,0,0,0,0,0,0,0,0,0,0,0,0,0,0,0,0,0,0,0,1878.96401013985,0,912.5,107892.15625,2935.94580078125
"NGA",3,1,"LSMS-ISA2015",2015,4,4,417,678,1,40011,6,202.777770996094,1000,0,0,0,5677.77799479167,0,0,1683.33333333333,4611.90478515625,0,0,0,0,4345.23795572917,0,4055.5556640625,666.666687011719,0,7000,0,0,0,0,7821.42838541667,0,0,0,3476.1904296875,6952.380859375,0,4345.23795572917,4345.23811848958,5214.28556315104,2607.14282226563,3389.28580729167,5648.80948893229,2172.61897786458,173.809529622396,2433.33333333333,0,18249.9997558594,1303.57145182292,0,0,0,0,0,0,0,0,0,0,0,0,0,0,0,0,0,0,0,0,173.809529622396,0,8313.888671875,105864.2890625,8807.837890625
"NGA",3,1,"LSMS-ISA2015",2015,4,4,417,678,1,40012,4,973.333312988281,1500,0,0,0,7604.16650390625,0,608.333312988281,7100,4237.2021484375,0,0,0,0,10428.5712890625,0,10950,1050,0,15245.185546875,0,655.712305087587,0,655.712305087587,0,0,5245.69856277101,0,3934.27395317383,5245.6984407007,0,19671.3702610864,0,7868.54790634767,4458.84382142677,2622.84928138551,11409.3942423968,3934.27395317383,655.712305087587,16392.8075681775,0,5245.69856277101,4852.27113106373,0,0,0,6090.90578843233,0,0,0,0,0,0,0,2622.84922035035,0,1748.56614728557,0,0,0,0,0,0,327.856152543794,0,2129.16674804688,165465,8807.837890625
"NGA",3,1,"LSMS-ISA2015",2015,4,4,417,678,1,40013,2,1946.66662597656,9000,0,0,0,3650,0,0,8700,3788.33325195313,0,0,12166.6669921875,0,15642.857421875,0,21291.666015625,1500,0,167256.234375,0,0,0,5214.28564453125,7821.4287109375,0,2607.14282226563,0,23464.2861328125,0,0,31285.71484375,31285.71484375,2085.71435546875,16946.4284667969,7821.42846679688,16425,0,521.428588867188,14600,20857.142578125,142089.285644531,21899.9998779297,0,0,0,0,0,0,0,0,0,0,0,0,0,0,0,0,0,0,0,0,0,0,0,589867.375,8807.837890625
"NGA",3,1,"LSMS-ISA2015",2015,4,4,417,678,1,40015,5,2433.33349609375,2880,0,0,0,4866.666796875,0,0,0,4726.2861328125,0,0,3650,0,8342.85703125,0,9733.333984375,320,0,14400,0,0,0,2085.7142578125,6257.14296875,0,0,0,9385.7140625,5214.285546875,0,15642.8578125,4171.428515625,1460,4692.85708007813,6257.1427734375,13035.7142578125,2085.7142578125,417.14287109375,3545.7142578125,0,35352.8565429688,3754.285546875,0,0,0,0,11795.76328125,4171.428125,0,0,0,0,0,0,0,0,0,0,0,5492.38125,0,0,208.571435546875,0,15086.6669921875,201465.859375,8807.837890625
"NGA",3,1,"LSMS-ISA2015",2015,4,4,417,678,1,40016,2,9125,6000,9125,0,0,3041.66674804688,0,0,0,21922.619140625,0,0,21291.666015625,0,0,0,24333.333984375,3000,0,287979.03125,0,0,0,0,0,0,0,0,10428.5712890625,5214.28564453125,0,5214.28564453125,15642.857421875,0,0,39107.1435546875,52403.5709228516,0,0,3910.71435546875,0,0,0,0,0,0,378801.15625,7372.35205078125,0,0,0,0,0,0,16740.6015625,2085.71459960938,6674.28564453125,0,3389.28576660156,167280.953125,0,3128.57153320313,0,10809.8664855957,0,608.333312988281,1114631,8807.837890625
"NGA",3,1,"LSMS-ISA2015",2015,4,4,417,678,1,40017,2,6083.33349609375,6000,0,0,0,7908.33349609375,0,0,4800,11508.095703125,0,0,12166.6669921875,0,20857.142578125,0,30416.666015625,7583.33349609375,5214.28564453125,69140.6796875,0,0,0,3910.71435546875,0,15642.857421875,2607.14282226563,0,15642.857421875,0,0,52142.85546875,20857.1430664063,5735.71435546875,13817.8571777344,10950,17728.5712890625,7821.4287109375,521.428588867188,4692.85693359375,0,33892.8566894531,6257.14306640625,0,0,0,10763.4345703125,0,0,0,0,0,0,0,0,0,2905.70288085938,4792.54174804688,0,0,0,0,0,391.071441650391,0,912.5,413665.21875,8807.837890625
"NGA",3,1,"LSMS-ISA2015",2015,4,4,417,678,1,40018,7,4866.6669921875,1714.28576660156,0,0,0,4866.66685267857,0,0,700,2078.33325195313,0,0,0,0,4469.38783482143,0,10254.7626953125,0,0,6857.14306640625,0,0,0,0,8938.77566964286,2234.69391741071,1787.75516183036,0,1638.7754952567,0,0,14897.9587053571,2979.591796875,4916.32645089286,3128.57142857143,0,6182.65293666295,2607.14285714286,0,223.469395228795,0,4469.3876953125,372.448974609375,0,0,0,0,0,0,0,0,0,0,0,0,0,0,0,0,0,0,0,0,0,0,6952.38134765625,97137.1875,8807.837890625
"NGA",3,1,"LSMS-ISA2015",2015,4,4,417,678,1,40019,3,4258.33349609375,4000,0,0,0,1703.33333333333,0,0,1000,3103.8095703125,0,0,2230.55550130208,0,12166.6666666667,0,20277.779296875,0,0,50019.921875,0,0,0,0,7300,5214.28580729167,5214.28580729167,0,5214.28564453125,0,0,8690.47591145833,6083.33333333333,1390.47623697917,4258.33329264323,0,5735.71415201823,3476.1904296875,0,3997.61905924479,0,8342.85709635417,6083.33341471354,0,0,0,0,0,0,0,0,0,0,0,0,0,0,0,0,0,0,0,0,0,0,0,169761.59375,8807.837890625
"NGA",3,1,"LSMS-ISA2015",2015,4,4,417,678,1,40020,7,3128.57153320313,3428.57153320313,0,0,0,2085.71428571429,0,0,2371.42857142857,5321.15625,0,0,1738.09528459821,0,10428.5714285714,0,6952.38134765625,0,0,24000,0,0,0,2234.69391741071,6704.08147321429,2979.591796875,2234.69391741071,0,372.448974609375,2234.69391741071,0,12663.265625,0,893.877580915179,3352.04073660714,0,7672.44897460938,1862.24483816964,297.959193638393,3128.57135881696,2979.591796875,40224.489327567,2160.20413643973,0,0,0,0,0,0,0,1117.34695870536,0,0,0,0,0,0,0,0,0,0,0,0,0,0,24333.33203125,176900.0625,8807.837890625
"NGA",3,1,"LSMS-ISA2015",2015,4,4,416,0,1,40021,5,535.333374023438,2400,0,0,0,973.33330078125,0,0,640,1376.61901855469,0,0,9733.33359375,0,2607.1427734375,0,3893.33349609375,460,0,7200,0,0,0,0,3128.571484375,2607.1427734375,1355.7142578125,0,1251.42861328125,1251.42861328125,0,5214.285546875,3128.571484375,625.714306640625,2398.571484375,0,3024.28579101562,1668.571484375,417.14287109375,625.714306640625,0,20961.428515625,2711.428515625,0,0,0,0,0,0,0,0,0,0,0,0,0,1001.14287109375,0,0,0,0,0,0,250.285717773438,0,4866.6669921875,86307.1875,15903.0400390625
"NGA",3,1,"LSMS-ISA2015",2015,4,4,416,616,1,40022,7,521.428588867188,1714.28576660156,0,0,0,2085.71428571429,0,521.428588867188,971.428571428571,627.823120117188,0,0,0,0,8938.77566964286,0,6952.38134765625,114.285713195801,0,5142.85693359375,0,0,0,744.89794921875,2979.591796875,0,1489.7958984375,0,1340.81633649554,1489.7958984375,0,2607.14285714286,1489.7958984375,0,1266.32655552455,1117.34695870536,2607.14285714286,1117.34695870536,0,1638.77553013393,0,12365.3062220982,1266.32655552455,0,0,0,0,0,0,0,0,0,0,0,0,0,695.238071986607,0,0,0,0,0,0,89.3877563476563,0,0,61895.4453125,15903.0400390625
"NGA",3,1,"LSMS-ISA2015",2015,4,4,416,616,1,40023,6,304.166656494141,2000,0,0,0,2027.77783203125,0,608.333312988281,583.333333333333,544.642883300781,0,0,0,0,4345.23795572917,0,8111.111328125,200,0,6000,0,0,0,0,3041.66666666667,0,869.047607421875,0,1738.09525553385,2607.14282226563,0,2607.14290364583,3476.1904296875,0,1303.57141113281,434.523803710938,2867.85713704427,2172.61897786458,0,434.523803710938,0,4779.7617594401,173.809529622396,0,0,0,0,0,0,0,0,0,0,0,0,0,0,0,0,0,0,0,0,104.285715738932,0,0,51334.8359375,15903.0400390625
"NGA",3,1,"LSMS-ISA2015",2015,4,4,416,0,1,40025,5,3406.66674804688,1200,0,0,0,3893.333203125,0,486.666656494141,2480,5708.2861328125,0,0,7300,0,23985.7140625,0,9733.3330078125,0,0,7200,0,0,0,0,4692.85703125,4171.428515625,1355.7142578125,0,2502.8572265625,2294.2857421875,0,4692.85703125,8864.2853515625,1564.2857421875,5214.28566894531,1564.2857421875,3545.71428222656,3128.571484375,417.14287109375,1564.2857421875,0,36604.286328125,3024.28564453125,0,0,0,0,0,0,0,0,0,0,0,0,0,0,0,0,0,0,0,0,375.428564453125,0,7300,158270.859375,15903.0400390625
"NGA",3,1,"LSMS-ISA2015",2015,4,4,416,616,1,40026,5,730,6000,0,0,0,4380,0,1216.66674804688,9320,8673.095703125,0,0,9733.33359375,0,3128.571484375,0,14600,4000,0,36000,0,0,0,0,0,12514.2859375,0,0,6257.14296875,4171.42861328125,0,7300,3128.571484375,1251.42861328125,0,6465.71430664063,4692.85712890625,0,0,4275.71435546875,0,14078.571484375,4588.571484375,0,0,0,8610.74765625,0,2590.9857421875,4308.04296875,0,0,0,0,0,3476.190625,2190,0,3217.959375,2188.4587890625,0,5214.285546875,0,208.571435546875,0,37351.66796875,235862.875,15903.0400390625
"NGA",3,1,"LSMS-ISA2015",2015,4,4,416,616,1,40027,4,1520.83337402344,2400,0,0,0,2433.33325195313,0,0,1490,3952.5,0,0,1825,0,17598.21484375,0,5170.83349609375,0,0,6000,0,0,0,1694.64282226563,7821.4287109375,2607.14282226563,1825,0,3128.57141113281,1955.35717773438,0,6517.85699462891,2607.14282226563,1955.35717773438,2998.21426391602,2607.14282226563,4171.42858886719,3258.92846679688,782.142883300781,3258.92858886719,3910.71435546875,32328.572265625,5344.64300537109,0,0,0,0,0,0,0,0,0,0,0,0,0,1303.57153320313,0,0,0,0,0,0,0,0,6083.33349609375,138550.828125,15903.0400390625
"NGA",3,1,"LSMS-ISA2015",2015,4,4,416,616,1,40028,2,2433.33325195313,4800,0,0,0,4258.33349609375,0,0,1500,3395.83325195313,0,0,0,0,15121.4287109375,0,3041.66674804688,1200,0,20375.416015625,0,0,0,0,7821.4287109375,3910.71435546875,3650,0,3128.57141113281,0,0,0,11992.8576660156,2346.42846679688,0,0,4953.57141113281,3910.71435546875,0,2346.42846679688,0,35196.4278564453,7821.42846679688,0,0,0,0,0,0,0,0,0,0,0,0,0,4258.33349609375,0,521.428588867188,0,0,0,0,52.1428565979004,0,0,148036.5,15903.0400390625
"NGA",3,1,"LSMS-ISA2015",2015,4,11,1102,0,0,40029,6,0,1200,0,0,0,9125,0,0,8966.66666666667,7723.41259765625,0,0,0,0,13904.76171875,0,18250,10000,0,14351.7978515625,0,17380.9518229167,0,0,34761.9036458333,2172.61897786458,0,17380.9518229167,3476.1904296875,3476.1904296875,0,0,11297.6188151042,347.619059244792,1564.28564453125,434.523803710938,2607.14282226563,1303.57145182292,0,2780.95247395833,0,15990.4762369792,434.523803710938,0,0,0,0,0,9245.40478515625,0,0,2216.64567057292,0,0,0,521.428588867188,778.666666666667,0,768.77294921875,0,0,0,0,0,0,1013.88891601563,213475.96875,15903.0400390625
"NGA",3,1,"LSMS-ISA2015",2015,4,4,416,616,1,40030,3,4055.5556640625,3200,0,0,0,4866.66666666667,0,0,4466.66666666667,7603.33349609375,0,0,0,0,10428.5716145833,0,16222.22265625,0,0,32214.265625,0,0,0,0,0,0,2085.71435546875,1738.09521484375,5214.28580729167,0,0,6952.380859375,12166.6663411458,1042.85717773438,0,1738.09521484375,4171.42854817708,2607.14290364583,347.619059244792,4866.66674804688,0,37021.4296875,0,0,0,0,3587.8115234375,0,0,0,0,0,0,0,0,0,2920,3222.71842447917,695.238118489583,0,0,2979.59204101563,0,130.357147216797,0,405.555541992188,176950.9375,15903.0400390625
"NGA",3,1,"LSMS-ISA2015",2015,4,4,414,2176,1,40032,6,1216.66662597656,5000,0,0,0,6083.33333333333,0,1013.88891601563,2333.33333333333,2407.42065429688,0,0,12166.6666666667,0,17380.9518229167,0,16222.22265625,2666.66674804688,0,34738.05859375,0,0,0,1738.09521484375,0,0,2780.95247395833,0,1738.09521484375,2607.14290364583,0,13035.71484375,3041.66666666667,3041.66666666667,0,4519.04760742188,6083.33325195313,1738.09521484375,0,869.047607421875,0,7734.52392578125,3128.5712890625,0,0,0,6278.669921875,2457.45068359375,0,0,0,0,0,0,0,0,3331.34912109375,0,0,0,434.523763020833,4997.02408854167,0,695.238118489583,0,912.5,172391.921875,6920.44384765625
"NGA",3,1,"LSMS-ISA2015",2015,4,4,414,2176,1,40033,1,0,182500,0,0,0,0,0,0,0,2259.52392578125,0,0,0,0,26071.427734375,0,36500,1000,0,31674.4921875,0,0,0,5214.28564453125,7821.4287109375,0,2607.14282226563,0,7300,0,0,10428.5712890625,31285.7138671875,0,15642.8569335938,2607.14282226563,15642.8569335938,0,0,6257.14282226563,0,54750.0004882813,2607.14282226563,0,0,0,0,0,0,0,0,0,0,0,0,0,0,0,2607.14282226563,0,0,0,0,0,0,0,444776.90625,6920.44384765625
"NGA",3,1,"LSMS-ISA2015",2015,4,4,414,2176,1,40034,5,0,720,0,0,0,0,0,0,7000,288.571441650391,0,0,0,0,10428.57109375,0,10463.333984375,2000,0,9971.232421875,0,0,0,0,7821.42890625,5214.285546875,2711.428515625,0,6570.0001953125,0,0,4171.428515625,5735.714453125,834.2857421875,3650,2085.7142578125,6048.57143554688,3128.571484375,0,4067.1427734375,4171.428515625,22734.2859375,2085.71430664063,0,0,0,0,0,1727.323828125,0,0,7708.07421875,0,0,0,0,973.33330078125,625.7142578125,0,0,0,0,0,0,0,0,132936.15625,6920.44384765625
"NGA",3,1,"LSMS-ISA2015",2015,4,4,414,2176,1,40036,7,869.047668457031,3171.42846679688,0,0,0,1911.90471540179,0,0,771.428571428571,4296.39453125,0,0,869.047642299107,0,4320.408203125,0,3302.380859375,0,0,8571.4287109375,0,0,0,3724.48981584821,7151.02064732143,2607.14285714286,2085.71428571429,0,3277.55099051339,3724.48981584821,0,4469.38783482143,2607.14285714286,1564.28571428571,3352.04073660714,0,5810.20411900112,1862.24483816964,372.448974609375,1340.81626674107,0,31881.6330217634,4916.32648577009,0,0,0,0,0,0,0,0,0,0,0,0,0,0,0,0,0,0,0,0,0,0,8690.4755859375,117520.8828125,6920.44384765625
"NGA",3,1,"LSMS-ISA2015",2015,4,4,414,2176,1,40037,5,1460,4800,0,0,0,2190,0,0,1520,3332,0,0,4136.666796875,0,8342.85703125,0,4623.3330078125,0,0,48294.65625,0,0,0,0,0,5214.285546875,0,0,521.428564453125,1042.85712890625,0,5214.285546875,4692.85703125,0,5318.57133789062,2085.7142578125,5422.85712890625,2085.7142578125,0,0,0,32328.57109375,3024.28579101562,0,0,4019.3453125,6996.23203125,0,3446.605859375,0,0,0,0,0,0,0,0,4285.72421875,0,0,0,0,0,0,0,0,164398.859375,6920.44384765625
"NGA",3,1,"LSMS-ISA2015",2015,4,4,414,2176,1,40039,1,4866.66650390625,6000,0,0,0,9733.3330078125,0,0,6600,15009.5234375,0,0,0,0,31285.71484375,0,24333.333984375,400,0,18000,0,0,0,2607.14282226563,12514.2861328125,0,6257.14306640625,0,10428.5712890625,0,0,10428.5712890625,10428.5712890625,2085.71435546875,0,6257.14306640625,24507.1428222656,6257.14306640625,1042.85717773438,7300,0,36500.0004882813,6778.5712890625,0,0,0,0,0,0,0,0,0,0,0,0,0,67785.7109375,9668.1552734375,0,0,0,0,0,417.142852783203,0,19466.666015625,356959.09375,6920.44384765625
"NGA",3,1,"LSMS-ISA2015",2015,4,4,414,2176,1,40040,2,3041.66674804688,6000,0,0,0,6083.33349609375,0,0,2500,5171.4287109375,0,0,4866.66650390625,0,2607.14282226563,0,4866.66650390625,2500,0,30490.37109375,0,0,0,1303.57141113281,0,0,5214.28564453125,0,5214.28564453125,0,0,5214.28564453125,18249.9995117188,1042.85717773438,1303.57141113281,2607.14282226563,8603.57141113281,4692.85693359375,521.428588867188,6778.57153320313,0,5214.28588867188,6778.5712890625,0,0,0,8072.5751953125,14744.7041015625,0,0,0,5214.28564453125,0,0,0,0,5179.52392578125,0,1564.28576660156,0,0,2607.14306640625,0,234.642852783203,0,0,178483.734375,6920.44384765625
"NGA",3,1,"LSMS-ISA2015",2015,4,4,415,2108,1,40041,2,0,3600,0,0,0,1825,0,0,1200,521.428588867188,0,0,0,0,6517.85693359375,0,18250,0,0,19917.1484375,0,0,0,0,5587.87598363876,0,1396.96899590969,0,6984.84499062483,0,0,11175.7519672775,13969.689737109,0,5587.87598363876,0,10058.1769924456,4190.90712087576,0,3911.51325509746,0,8102.42025390291,5587.87610570907,0,0,0,0,0,0,0,0,8199.6001736851,0,0,0,0,0,1396.96899590969,2793.93799181938,0,0,0,0,0,0,0,140775.84375,4403.9189453125
"NGA",3,1,"LSMS-ISA2015",2015,4,4,415,2108,1,40042,8,0,900,0,0,0,456.25,0,0,150,130.357147216797,0,0,0,0,1303.57141113281,0,3041.66674804688,75,0,13758.626953125,0,0,0,0,1825,0,977.678588867188,0,2281.24993896484,0,0,3910.71435546875,4236.60693359375,0,651.785705566406,325.892852783203,2281.24996948242,1303.57141113281,0,912.5,1303.57141113281,3650,1303.57144165039,0,0,1086.30944824219,0,1843.08801269531,0,0,0,2869.27416992188,0,0,0,0,0,0,0,0,0,0,0,0,0,0,50577.5390625,4403.9189453125
"NGA",3,1,"LSMS-ISA2015",2015,4,4,415,2108,1,40043,2,7300,12000,0,0,0,3650,0,0,15100,17844.642578125,0,0,9125,0,13035.7138671875,0,54750,2000,0,656666.9375,0,0,0,3910.71435546875,260714.28125,0,0,0,14078.5715332031,0,0,39107.14453125,33892.8564453125,16946.427734375,10428.5712890625,13035.7141113281,14860.7142333984,0,0,32849.9995117188,10428.5712890625,161903.57421875,9125.00012207031,0,0,0,0,5214.28564453125,0,0,0,0,0,0,0,0,0,0,0,2735.57348632813,0,0,0,0,0,2433.33325195313,1423137.625,4403.9189453125
"NGA",3,1,"LSMS-ISA2015",2015,4,4,415,0,1,40044,1,0,7200,0,0,0,24333.333984375,0,0,10000,1216.66662597656,0,0,0,0,31285.71484375,0,48666.66796875,0,0,204436.953125,0,0,0,7821.4287109375,13035.7138671875,15642.857421875,2607.14282226563,0,15642.857421875,0,0,41714.28515625,28678.572265625,10428.5712890625,10428.5712890625,36500,27114.2856445313,5214.28564453125,1042.85717773438,40149.9985351563,0,7300,41192.8576660156,0,0,0,0,0,0,0,0,15268.7177734375,0,0,0,0,0,3434.91040039063,5214.28564453125,0,0,0,0,0,0,0,655571.5,4403.9189453125
"NGA",3,1,"LSMS-ISA2015",2015,4,4,415,2108,1,40045,3,0,6000,0,0,0,2433.33333333333,0,0,466.666666666667,639.365051269531,0,0,0,0,5214.28580729167,0,6488.888671875,0,0,7072.75,0,0,0,0,11032.6578021526,7584.95189600504,0,0,689.541112634539,0,0,9193.88102122193,10572.963025608,1379.08222526908,5976.0226777575,4596.94051061096,4137.24661185946,4596.94051061096,459.69407896597,3677.5524573169,0,0,10113.2691675466,0,0,6193.10071953796,0,0,5976.0226777575,0,3447.70548759609,6895.41097519219,0,0,0,0,2758.16424126241,3148.59646547748,0,0,0,0,0,0,0,0,130745.0390625,4403.9189453125
"NGA",3,1,"LSMS-ISA2015",2015,4,4,415,2108,1,40046,2,0,3000,0,0,0,1825,0,0,0,660.714294433594,0,0,0,0,0,0,2433.33325195313,1200,0,14984.939453125,0,0,0,0,5806.24181833951,8064.22482907397,3870.82818905749,0,6451.37996091542,0,0,3225.68998045771,16128.4499022886,1935.41409452874,6451.37996091542,0,6773.94903220338,3225.68998045771,645.138028758587,1935.41409452874,0,0,5161.1042300687,0,0,0,0,0,0,0,0,12902.7599218308,0,0,0,0,0,0,6451.37996091542,0,0,3041.3649458055,0,354.82589544343,0,0,116529.2265625,4403.9189453125
"NGA",3,1,"LSMS-ISA2015",2015,4,4,415,2108,1,40047,3,0,2000,0,0,0,1135.55558268229,0,0,0,200,0,0,0,0,0,0,811.111083984375,2666.66674804688,0,4896.17529296875,0,0,0,0,0,4455.8992354101,0,1549.87800958427,0,0,0,0,11624.0845312359,0,0,0,5037.10333638767,0,387.469502396068,0,0,1162.40850427904,968.673710936322,0,0,0,5998.6674285101,5478.33711769279,3099.7556703744,0,0,8999.42094580455,0,0,0,0,3874.69484374529,1948.74361011778,1937.34742187264,4221.37820100386,0,0,0,0,0,243.33332824707,72696.6953125,4403.9189453125
"NGA",3,1,"LSMS-ISA2015",2015,4,4,415,2108,1,40048,1,0,6000,0,0,0,9733.3330078125,0,0,8000,7641.66650390625,0,0,0,0,20857.142578125,0,24333.333984375,1800,10428.5712890625,11721.2392578125,0,0,0,0,12514.2861328125,13035.7138671875,0,0,10428.5712890625,10428.5712890625,0,10428.5712890625,13035.7138671875,4171.4287109375,0,5214.28564453125,10950.0001220703,7821.4287109375,1042.85717773438,9385.71435546875,0,145999.999023438,0,0,0,0,0,0,0,0,0,0,0,0,0,0,9455.23779296875,0,0,0,0,0,0,391.071441650391,0,1216.66662597656,366035.40625,4403.9189453125
"NGA",3,1,"LSMS-ISA2015",2015,4,4,415,2108,1,40049,1,0,30000,0,0,0,1825,0,0,0,60,0,0,0,0,17207.142578125,0,0,0,0,118051.9140625,0,0,0,0,12514.2861328125,9907.142578125,0,0,0,0,0,20857.142578125,17207.142578125,3128.57153320313,0,0,7300.00012207031,5214.28564453125,0,3128.57153320313,0,0,8864.28588867188,0,0,14049.603515625,0,0,5214.28515625,0,7821.4287109375,7821.4287109375,0,0,0,0,4866.66650390625,7142.873046875,0,0,0,0,0,0,0,0,302181.78125,4403.9189453125
"NGA",3,1,"LSMS-ISA2015",2015,4,4,413,1540,0,40052,2,0,3600,0,0,0,10524.1669921875,0,0,0,1842.38098144531,0,0,0,0,3910.71435546875,0,21900,0,0,170931.703125,0,0,0,0,7821.4287109375,46928.5703125,2607.14282226563,5214.28564453125,3389.28564453125,10428.5712890625,0,13035.7138671875,9125,0,10950,5214.28564453125,21117.8571777344,13035.7138671875,0,5214.28564453125,0,13557.1430664063,0,0,0,0,0,0,0,0,0,0,0,0,0,0,0,38795.3078613281,0,0,0,0,0,41.714282989502,0,0,419185.28125,3669.93237304688
"NGA",3,1,"LSMS-ISA2015",2015,4,4,413,1540,0,40053,6,608.333312988281,3000,0,0,0,7097.22200520833,0,0,3733.33333333333,5435.71435546875,2433.33325195313,0,0,0,17380.9518229167,0,9125,4000,0,17356.37109375,0,0,0,0,0,0,0,0,5735.71423339844,4345.23795572917,0,24333.3333333333,10428.5716145833,0,0,0,5214.28576660156,0,434.523803710938,1738.09521484375,6952.380859375,53880.9516601563,4345.23795572917,0,0,8690.47591145833,8969.529296875,7372.3515625,3476.19010416667,0,1303.57145182292,9710.662109375,0,0,0,1448.41276041667,3186.50797526042,4508.15869140625,1564.28572591146,5471.14713541667,0,10211.3095703125,0,86.9047648111979,0,2027.77783203125,255605.84375,3669.93237304688
"NGA",3,1,"LSMS-ISA2015",2015,4,4,413,1540,0,40054,7,0,4285.71435546875,0,0,0,6083.33314732143,0,0,3714.28571428571,4675.17041015625,1738.09533691406,0,6952.38113839286,0,22346.9397321429,0,10428.5712890625,2857.14282226563,0,14876.8896484375,0,0,0,0,0,0,0,0,4841.83663504464,4469.38783482143,0,14897.9587053571,9683.67327008929,0,1787.75516183036,3724.48967633929,6331.63253348214,0,0,1489.7958984375,2979.591796875,23836.7349330357,7821.42857142857,0,0,9931.97209821429,9610.20982142857,6319.15848214286,4820.38399832589,0,0,8323.42466517857,0,0,0,3103.74162946429,1191.83677455357,3530.61676897321,595.918387276786,3907.96233258929,1862.24483816964,9683.67327008929,5586.73493303571,126.632655552455,0,1216.66674804688,229633.96875,3669.93237304688
"NGA",3,1,"LSMS-ISA2015",2015,4,4,413,1540,0,40055,7,0,0,0,2085.71428571429,0,347.619035993304,0,0,0,0,0,0,2607.14285714286,0,1862.24483816964,0,11123.8095703125,0,0,3449.5078125,0,0,0,0,0,0,1515.91540029959,0,3031.83080059917,0,0,5305.70397080302,0,6063.66160119835,1667.50698330987,0,606.366188773385,0,901.969675262042,0,0,4547.74634792533,3410.80961579684,0,0,0,5867.21882091952,8573.26413205884,1420.88572236406,0,397.927798186109,5684.68307629501,0,0,3191.40109950551,0,1263.26290521686,0,2420.8709882472,2385.88660910709,0,227.387320790019,0,75.7957735966731,0,0,80036.140625,3669.93237304688
"NGA",3,1,"LSMS-ISA2015",2015,4,4,413,1540,0,40056,6,0,4000,0,0,0,283.888895670573,0,0,66.6666666666667,664.880920410156,0,0,0,0,2607.14290364583,0,4258.33349609375,0,0,6477.103515625,0,0,0,0,3476.1904296875,0,3476.1904296875,0,4345.23795572917,0,0,0,5214.28580729167,0,2172.61897786458,0,3302.38098144531,4345.23795572917,1042.85717773438,0,0,26853.5710042318,5214.28580729167,0,0,13035.71484375,0,12287.2526041667,1922.9990234375,0,0,0,0,0,0,0,926.984130859375,6272.25634765625,0,0,0,0,0,0,0,0,112246.078125,3669.93237304688
"NGA",3,1,"LSMS-ISA2015",2015,4,4,413,0,0,40057,8,760.416687011719,3000,0,0,0,4562.5,0,0,5250,3377.08325195313,0,0,4562.5,0,7821.4287109375,912.5,9125,13416.6669921875,0,2186.24536132813,0,0,0,0,0,5866.0712890625,0,0,5866.07153320313,18250.0002441406,0,13687.5001220703,7821.42846679688,0,3128.57141113281,11080.3570556641,10428.5712890625,7169.64306640625,0,3258.92846679688,0,28678.5714111328,0,0,0,0,5189.02197265625,0,2946.1298828125,0,0,0,0,0,7821.4287109375,0,1746.78570556641,0,521.428588867188,0,728.252075195313,4752.60400390625,8147.3212890625,6021.63120651245,0,5475,213559.640625,3669.93237304688
"NGA",3,1,"LSMS-ISA2015",2015,4,4,413,1540,0,40058,8,0,2250,0,0,0,4562.5,0,0,1325,4235.71435546875,0,0,1520.83337402344,0,3258.92846679688,0,6387.5,550,0,8771.517578125,0,0,0,0,0,0,1564.28576660156,0,2281.25,4562.5,0,6517.85693359375,11732.1433105469,2933.03576660156,15316.9644775391,2085.71426391602,4953.57144165039,3258.92846679688,0,716.964263916016,0,3258.92858886719,1303.57141113281,0,0,0,2749.35034179688,0,0,0,0,4973.408203125,0,0,0,0,0,381.300598144531,0,0,0,0,0,65.1785736083984,0,1262.29174804688,102779.234375,3669.93237304688
"NGA",3,1,"LSMS-ISA2015",2015,4,4,413,1540,0,40059,3,0,6400,0,0,0,7462.22200520833,0,0,2200,1854.28576660156,0,0,0,0,10428.5716145833,0,13788.8876953125,133.33332824707,8690.47591145833,32261.458984375,0,0,0,0,4866.66666666667,8690.47591145833,3476.1904296875,0,3476.1904296875,5214.28580729167,0,6952.380859375,6952.380859375,2085.71435546875,8342.857421875,0,5214.28572591146,4171.4287109375,347.619059244792,7473.80973307292,22595.2379557292,22421.4280598958,7995.23779296875,0,0,0,0,0,0,0,0,0,0,0,0,0,0,521.428548177083,0,0,0,0,0,0,0,405.555541992188,204422.40625,3669.93237304688
"NGA",3,1,"LSMS-ISA2015",2015,4,4,413,1540,0,40060,12,0,1000,0,1216.66666666667,0,1318.05558268229,0,0,1358.33333333333,2668.25390625,0,0,5069.4443359375,0,5214.28580729167,0,6387.5,2422.22216796875,0,12488.3310546875,0,0,0,0,0,21726.1901041667,0,0,2824.40470377604,1303.57145182292,0,0,1564.28564453125,3041.66666666667,782.142862955729,869.047607421875,0,0,0,869.047607421875,0,11427.9759521484,2172.61897786458,0,0,5768.67838541667,5498.701171875,0,3476.19010416667,1495.84814453125,0,4855.3310546875,0,3089.94694010417,480.26318359375,0,34399.7963053385,2538.91986083984,3058.40681966146,3787.21809895833,325.892862955729,2172.61897786458,0,278.095246632894,0,486.666656494141,157436.625,3669.93237304688
"NGA",3,1,"LSMS-ISA2015",2015,4,4,405,722,0,40062,7,0,2571.42846679688,0,0,0,3476.19056919643,0,0,142.857142857143,638.877502441406,0,0,0,0,744.89794921875,0,4692.85693359375,1428.57141113281,0,19647.38671875,0,0,0,0,4022.44893973214,0,1862.24483816964,0,2532.65311104911,0,0,0,11173.4698660714,0,1713.26529366629,0,1489.7958984375,0,0,0,0,11918.3678152902,372.448974609375,0,0,12625.7502790179,0,1167.21916852679,1124.21484375,0,0,0,0,0,0,0,0,25580.4521484375,268.163260323661,0,0,0,0,0,0,0,109193.5625,6116.55419921875
"NGA",3,1,"LSMS-ISA2015",2015,4,4,405,722,0,40063,5,0,3600,0,0,0,0,0,0,800,523.333312988281,0,0,0,0,2085.7142578125,0,1703.33325195313,800,0,10401.123046875,0,0,0,0,0,3491.71813008859,0,0,232.781212718144,0,0,9311.24808648624,0,0,698.343634202618,0,5470.35830624297,3491.71813008859,581.95300540539,0,0,1396.68721957711,8380.12330024905,0,0,11037.0406434498,2945.74026516587,0,4655.62358938911,0,0,0,0,0,0,0,3103.74936216208,26533.0633379639,268.593709924428,0,0,0,0,0,0,0,101512.25,6116.55419921875
"NGA",3,1,"LSMS-ISA2015",2015,4,4,405,722,0,40064,5,486.666656494141,2880,0,2433.3333984375,0,365,0,0,600,2053.57153320313,0,0,0,0,2085.7142578125,0,9733.333984375,0,0,3271.31103515625,0,0,0,0,0,4171.428515625,0,0,0,0,0,0,6257.14296875,0,0,0,2085.7142578125,0,0,0,0,3128.57138671875,0,0,0,0,5381.717578125,0,977.48251953125,0,0,1394.25458984375,0,0,0,0,2780.95234375,2561.08330078125,3296.06064453125,0,0,0,0,2685.35739746094,0,0,58628.703125,6116.55419921875
"NGA",3,1,"LSMS-ISA2015",2015,4,4,405,722,0,40065,1,1825,0,0,0,0,2920,0,0,0,4270.71435546875,0,0,0,0,0,0,0,1000,0,7092.11767578125,0,0,0,10428.5712890625,0,0,0,0,0,0,0,15642.857421875,0,0,0,0,10428.5712890625,18250,11471.4287109375,0,0,5214.28564453125,15642.857421875,0,0,10165.962890625,13196.8828125,14744.7041015625,5768.9970703125,0,10337.8876953125,6971.27294921875,0,0,13512.01953125,0,6952.380859375,8741.595703125,5802.56420898438,19149.013671875,6257.14306640625,0,0,521.428588867188,0,0,226308.296875,6116.55419921875
"NGA",3,1,"LSMS-ISA2015",2015,4,4,405,722,0,40066,2,0,3000,0,0,0,10037.5,0,0,1000,921.428588867188,0,0,0,0,3650,0,9125,0,1303.57141113281,69290.515625,0,0,0,6898.39024775936,4414.97004039603,0,6898.39024775936,0,1379.67813661504,5518.71230231953,0,9657.74665919924,6898.39024775936,0,5518.71230231953,0,17108.008579167,4414.97004039603,0,1655.61376716595,2759.35615115977,3311.22753433189,12968.9737017271,0,0,7434.9321157734,0,15605.5470419447,0,0,3599.16020646535,30832.8047555662,0,0,0,0,0,8882.47501775101,1319.692083304,0,0,0,0,0,0,0,255405.765625,6116.55419921875
"NGA",3,1,"LSMS-ISA2015",2015,4,4,405,722,0,40067,4,517.083312988281,1200,0,0,0,5353.33349609375,0,0,2375,1294.88098144531,0,0,1825,0,3258.92846679688,0,6691.6669921875,0,0,4867.75390625,0,0,0,0,4330.98824944071,11504.1874265962,0,0,812.060294725081,8797.31938403426,0,4060.30142077045,5413.73504311964,1353.43376077991,2706.86752155982,0,9338.69307189234,1624.12058945016,541.373531180088,812.060294725081,0,11368.8435604743,1218.09041157004,0,0,31558.8808571879,0,0,13488.2635953465,0,1765.34839815305,1809.4820313881,0,0,0,0,4577.31292990039,2124.70976874107,0,0,0,0,0,0,0,0,146589.71875,6116.55419921875
"NGA",3,1,"LSMS-ISA2015",2015,4,4,405,722,0,40068,1,2433.33325195313,7200,0,0,0,0,0,0,1200,243.33332824707,0,0,0,0,5214.28564453125,0,30416.66796875,0,0,12912.263671875,0,0,0,0,6259.08831046296,20863.6267248073,6259.08831046296,0,0,0,0,0,20863.6267248073,3129.54415523148,0,0,9910.22315831973,6259.08831046296,0,4433.52082549942,0,6780.67888088787,1043.181385088,0,0,40832.9569583232,0,0,8345.45010362121,0,2721.34282863478,60901.3316463004,0,0,0,0,10431.8133624036,15657.180869601,0,0,0,0,0,0,0,0,284311.59375,6116.55419921875
"NGA",3,1,"LSMS-ISA2015",2015,4,4,405,722,0,40069,4,0,1500,0,0,0,4562.5,0,0,6350,8274.404296875,9125,0,6083.33349609375,0,13035.7138671875,0,12166.6669921875,16125,0,9715.6552734375,0,0,0,0,0,0,0,0,9255.35699462891,0,0,15642.857421875,7821.4287109375,3128.57153320313,0,8473.21435546875,2607.14282226563,6517.85693359375,1303.57141113281,2607.14282226563,0,32589.28515625,7821.4287109375,0,0,17380.951171875,16817.8671875,14744.7041015625,10320.421875,0,1520.83325195313,45873.63671875,0,0,5214.28564453125,0,3563.09533691406,7629.72631835938,14995.7620849609,0,0,5214.28588867188,0,65.1785736083984,0,1520.83337402344,329567.71875,6116.55419921875
"NGA",3,1,"LSMS-ISA2015",2015,4,4,405,722,0,40070,6,2027.77783203125,1000,0,0,0,6083.33333333333,0,0,3666.66666666667,6130.75390625,3041.66674804688,0,6083.33333333333,0,34761.9036458333,0,10138.888671875,3333.33325195313,0,8667.6025390625,0,0,0,0,0,0,0,0,1738.09521484375,3476.1904296875,0,13035.7142740885,6083.33333333333,1042.85717773438,4171.4287109375,0,1738.09521484375,0,0,6257.14298502604,1738.09521484375,25202.3810221354,3128.5712890625,0,0,11587.30078125,8969.529296875,8690.4765625,7515.53230794271,0,0,6631.2109375,0,0,0,0,1390.47623697917,3250.00528971354,7100.94706217448,5471.14713541667,1303.5712890625,2172.61897786458,4345.23795572917,130.357147216797,0,1013.88891601563,222119.484375,6116.55419921875
"NGA",3,1,"LSMS-ISA2015",2015,4,4,405,484,0,40071,3,811.111083984375,1920,0,5272.22233072917,0,567.777791341146,0,0,0,811.111083984375,0,0,0,0,0,0,16222.22265625,0,0,8130.505859375,0,0,0,0,86904.7604166667,0,5561.90494791667,0,0,0,0,0,0,0,7821.42838541667,0,5214.28556315104,0,0,0,0,6083.33333333333,0,0,0,6592.775390625,0,14744.703125,3476.19010416667,0,0,2323.75764973958,0,0,0,0,2317.46028645833,0,2335.83052571615,0,0,0,0,0,0,0,177111.375,2862.54736328125
"NGA",3,1,"LSMS-ISA2015",2015,4,4,405,484,0,40072,5,0,2400,0,0,0,1460,0,0,2720,1375.23803710938,0,0,0,0,8342.85703125,730,4866.6669921875,600,0,11019.216796875,0,0,0,0,1251.42861328125,0,0,0,3128.571484375,0,0,0,3128.571484375,0,5214.285546875,1042.85712890625,2294.28569335937,3128.571484375,208.571435546875,730,0,43487.1421875,1564.28569335938,0,0,0,0,0,1699.63515625,0,0,0,0,0,0,0,834.2857421875,0,0,0,0,0,0,0,0,0,101226.46875,2862.54736328125
"NGA",3,1,"LSMS-ISA2015",2015,4,4,405,484,0,40073,5,0,0,0,0,0,1898,0,0,1140,1158,0,0,3260.6666015625,0,4380,0,10706.6669921875,480,0,11211.0869140625,0,0,0,0,6152.8572265625,0,0,0,4171.428515625,0,0,0,3650,4171.428515625,2607.1427734375,0,7821.42861328125,4171.428515625,834.2857421875,4275.71423339844,2502.8572265625,1460,1355.71430664063,0,0,0,0,0,6257.1421875,0,0,27962.415625,0,0,0,0,22247.61875,0,0,0,625.714306640625,0,0,0,0,0,134501.59375,2862.54736328125
"NGA",3,1,"LSMS-ISA2015",2015,4,4,405,484,0,40074,9,337.962982177734,666.666687011719,0,1351.85188802083,0,189.259263780382,0,0,444.444444444444,673.042297363281,0,0,0,0,1738.09526909722,0,6083.33349609375,0,0,1817.39501953125,0,0,0,0,57936.5069444444,17380.953125,0,0,3476.19053819444,0,0,2896.82530381944,2896.82530381944,0,0,0,6952.38107638889,3939.68272569444,0,579.365071614583,0,2896.82541232639,0,0,0,0,0,0,2293.42708333333,0,0,0,0,0,1062.16927083333,0,1544.97352430556,0,987.18157280816,3156.01497395833,0,0,0,0,0,0,121301.3828125,2862.54736328125
"NGA",3,1,"LSMS-ISA2015",2015,4,4,405,484,0,40075,2,304.166656494141,4800,0,0,0,3650,0,0,6200,3339.76196289063,0,0,0,0,0,0,0,0,0,22848.498046875,0,0,0,0,20857.142578125,0,5214.28564453125,0,0,0,0,0,26071.427734375,0,3128.57153320313,0,3910.71423339844,13035.7138671875,0,0,0,0,10428.5714111328,0,0,0,0,10428.5712890625,0,0,0,1530.27954101563,0,0,0,0,0,9068.322265625,0,0,0,0,0,0,0,18250,163066.03125,2862.54736328125
"NGA",3,1,"LSMS-ISA2015",2015,4,4,405,484,0,40076,5,48.6666641235352,0,0,0,0,730,0,0,2280,3147,0,0,4866.666796875,0,7300,0,7300,400,0,15542.3125,0,0,0,0,0,18771.428125,0,0,5527.14282226563,0,0,1042.85712890625,11471.4286132813,0,10115.7142578125,1251.42861328125,4692.85708007813,3337.14296875,0,208.571435546875,0,37021.428125,1564.28569335938,0,0,3964.65546875,4838.85703125,0,2085.7140625,0,5214.285546875,2403.10546875,16268.571875,0,0,0,973.33330078125,6887.20244140625,1564.28569335938,0,0,0,1862.244921875,0,0,730,183411.21875,2862.54736328125
"NGA",3,1,"LSMS-ISA2015",2015,4,4,405,484,0,40077,2,0,0,0,0,0,2555,0,0,2500,1290.71435546875,0,0,0,0,5214.28564453125,0,9733.3330078125,0,0,14069.4375,0,0,0,0,6733.60459032946,15150.610206171,6396.92446871614,0,2356.76163890378,11110.4478252678,0,0,30301.2204123419,6060.24438252072,1346.72098264284,5723.56409551088,8080.32561629851,5386.88393057135,673.360491321419,2693.44196528567,0,69019.4459838774,8080.32589585702,0,0,0,0,0,0,0,7026.37056883896,0,0,0,0,0,0,1223.93161033361,0,0,0,0,0,0,0,0,222726.96875,2862.54736328125
"NGA",3,1,"LSMS-ISA2015",2015,4,4,405,484,0,40078,1,0,0,0,0,0,12166.6669921875,0,0,1400,3154.76171875,0,0,18250,0,0,0,9733.3330078125,0,10428.5712890625,101444.53125,0,0,0,0,0,31285.71484375,0,88642.859375,0,0,0,26071.427734375,15642.857421875,0,11471.4287109375,0,5214.28564453125,26071.427734375,0,0,0,22942.8569335938,0,0,0,0,0,0,0,0,0,0,0,0,0,0,0,6517.857421875,1629.46435546875,0,0,0,0,260.714294433594,0,0,392328.78125,2862.54736328125
"NGA",3,1,"LSMS-ISA2015",2015,4,4,405,484,0,40079,5,0,720,0,0,0,6083.333203125,0,0,4520,2878.57153320313,0,0,0,0,7300,0,4866.6669921875,2000,0,3600,0,0,0,5571.94718933988,0,0,0,0,6129.14204496429,13372.6738794157,0,11143.8943786798,7800.72629945083,0,0,0,11812.5282874376,5349.06962989129,445.755802490941,3343.16846985393,11701.089195185,25630.9573834068,4011.80190989013,0,0,0,18802.7875293188,9453.64877965659,10382.655628754,0,0,0,0,0,0,2785.97378998244,2971.70531738752,5829.15262809961,891.511604981881,0,0,6129.14204496429,0,33.431684576469,0,5596.6669921875,201158.015625,2862.54736328125
"NGA",3,1,"LSMS-ISA2015",2015,4,4,405,484,0,40080,5,1216.66674804688,480,0,0,0,7300,0,0,0,4673.5712890625,2433.33349609375,0,7300,0,7300,730,10950,3600,0,26896.818359375,0,0,0,0,0,6257.14296875,0,0,6257.1427734375,4171.428515625,0,6257.14296875,5214.2857421875,0,0,2607.1427734375,2085.7142578125,0,312.857153320312,3128.571484375,5214.2857421875,29199.9998046875,0,0,0,17380.9515625,17595.8421875,0,6932.13876953125,0,0,4806.2109375,0,0,4539.49609375,0,2954.7619140625,2857.14921875,10801.0801025391,7112.49140625,0,5214.2857421875,0,4242.55368347168,0,1460,229483.078125,2862.54736328125
"NGA",3,1,"LSMS-ISA2015",2015,4,4,419,296,0,40081,3,0,0,0,0,0,0,0,0,0,695.238098144531,0,0,0,0,0,0,3244.4443359375,0,0,5224.01904296875,0,0,0,0,5214.28580729167,0,0,0,0,0,0,0,4345.23795572917,0,0,0,2433.33341471354,8690.47591145833,0,521.428588867188,0,0,869.047607421875,0,0,0,0,9829.802734375,1629.13753255208,0,2607.14290364583,0,0,0,0,0,2317.46028645833,0,0,0,0,0,0,0,0,0,47621.05078125,7339.86474609375
"NGA",3,1,"LSMS-ISA2015",2015,4,4,419,296,0,40082,10,0,480,0,0,0,304.166674804687,0,0,460,208.571441650391,0,0,365,0,1042.85712890625,0,5353.33349609375,0,0,7321.9267578125,0,0,0,0,52142.85625,0,0,3389.285546875,0,0,0,3128.571484375,2346.428515625,0,3128.571484375,0,2867.85712890625,2607.1427734375,0,0,0,4171.428515625,677.857153320312,0,0,1977.8326171875,0,0,1568.31870117188,1795.0177734375,1060.99375,0,0,0,0,0,4171.428515625,1042.85712890625,1276.83159179688,0,0,260.714282226562,0,0,0,0,103149.8515625,7339.86474609375
"NGA",3,1,"LSMS-ISA2015",2015,4,4,419,296,0,40083,3,0,4000,0,0,0,4055.5556640625,0,0,0,5076.58740234375,0,0,0,0,12166.6666666667,0,12166.6669921875,4000,0,3767.150390625,0,0,0,0,0,6952.380859375,0,0,1738.09521484375,8690.47591145833,0,8690.47591145833,10428.5712890625,0,0,0,11297.6189778646,6257.142578125,0,3476.1904296875,15642.8567708333,31285.7141927083,0,0,0,13035.71484375,10997.40234375,0,3476.19010416667,0,0,10201.8626302083,0,0,0,0,5496.49267578125,3771.43391927083,1042.85717773438,0,0,11297.6194661458,5214.28580729167,52.1428578694661,0,811.111083984375,215089.28125,7339.86474609375
"NGA",3,1,"LSMS-ISA2015",2015,4,4,419,296,0,40084,4,0,3000,0,0,0,6083.33349609375,0,0,3750,4643.75,0,0,0,0,13035.7138671875,0,12166.6669921875,2000,0,11619.724609375,0,0,0,0,0,6517.85693359375,0,0,5214.28564453125,5214.28564453125,0,7821.4287109375,16294.6430664063,0,1955.35717773438,0,11080.3571777344,0,0,5214.28564453125,3910.71435546875,44321.4287109375,9646.42846679688,0,0,18250,14799.72265625,0,10614.2014160156,0,0,14565.9931640625,0,0,0,0,4643.79809570313,6410.50415039063,4357.65289306641,8206.720703125,0,11080.357421875,16294.6430664063,52.1428565979004,0,1520.83337402344,284286.8125,7339.86474609375
"NGA",3,1,"LSMS-ISA2015",2015,4,4,419,296,0,40085,8,0,0,0,0,0,760.416687011719,0,0,4450,3125.89282226563,0,0,9125,0,3910.71435546875,0,6387.5,850,0,7006.92919921875,0,0,0,0,0,19553.572265625,0,1303.57141113281,4497.32147216797,3910.71423339844,0,3258.92846679688,3258.92852783203,15642.8568725586,2085.71429443359,1629.46423339844,3584.82138061523,0,0,782.142883300781,0,6517.85717773438,3128.57153320313,0,0,0,4673.8955078125,0,2698.94360351563,0,0,0,0,0,0,0,1303.57141113281,3948.06359863281,325.892852783203,1709.73352050781,130.357147216797,0,0,586.607162475586,0,1140.625,121288.6015625,7339.86474609375
"NGA",3,1,"LSMS-ISA2015",2015,4,4,419,296,0,40086,4,0,0,0,0,0,912.5,0,0,775,1204.16662597656,0,0,12166.6669921875,0,0,0,6083.33349609375,750,0,13958.2783203125,0,0,0,0,0,11732.142578125,0,0,5214.28564453125,0,0,0,6517.85693359375,0,0,651.785705566406,260.714294433594,2346.42846679688,0,1694.6428527832,0,13035.7144775391,2607.14282226563,0,0,7968.97723388672,3299.220703125,0,1081.68688964844,0,0,4978.52319335938,0,0,10428.5712890625,0,2621.40063476563,2417.03881835938,2070.70352172852,0,0,0,2085.71435546875,6033.67379760742,0,0,122896.1640625,7339.86474609375
"NGA",3,1,"LSMS-ISA2015",2015,4,4,419,296,0,40088,5,0,6000,0,0,0,4866.666796875,0,0,1180,1774.52380371094,0,0,9733.33359375,0,4171.428515625,0,3285,2660,0,48829.41796875,0,0,0,0,4171.428515625,12514.2859375,4171.428515625,0,2085.7142578125,0,0,10949.9996582031,12514.2859375,3128.571484375,5735.71416015625,0,5735.7142578125,2607.1427734375,521.428564453125,3650,0,10950,4692.85717773438,0,0,0,0,0,1544.316015625,0,0,0,0,0,0,0,0,5548.8689453125,0,0,0,0,0,0,0,0,173022.125,7339.86474609375
"NGA",3,1,"LSMS-ISA2015",2015,4,4,419,296,0,40089,9,0,166.66667175293,0,0,0,1216.66666666667,0,0,444.444444444444,2433.33325195313,0,0,1351.85188802083,0,2317.46028645833,270.370361328125,11220.37109375,2888.88891601563,0,6228.38134765625,0,0,0,0,11587.3012152778,6952.38107638889,5793.65060763889,0,2549.20632595486,0,0,7531.74565972222,8690.4765625,1419.44444444444,2896.82530381944,0,3476.1904296875,2317.46028645833,579.365071614583,2027.77777777778,0,19988.0960286458,3186.50783962674,0,0,0,0,0,1143.93782552083,0,0,1700.31043836806,0,0,0,0,0,0,0,0,0,0,0,0,0,0,110379.1171875,7339.86474609375
"NGA",3,1,"LSMS-ISA2015",2015,4,4,419,296,0,40090,7,0,0,0,0,0,1355.71428571429,0,0,1000,863.265319824219,0,0,4171.42857142857,0,1489.7958984375,0,6952.38134765625,1378.57141113281,297.959193638393,10276.568359375,0,0,0,0,2383.67354910714,8938.77566964286,3724.48967633929,0,3575.51018415179,0,0,2234.69391741071,1489.7958984375,1042.85714285714,1787.75516183036,0,1117.34692382813,2234.69391741071,1042.85714285714,1825,0,9832.6532156808,1117.34692382813,0,0,0,0,0,0,0,0,0,0,0,0,0,0,2979.591796875,0,0,0,0,0,893.877580915179,0,0,74006.609375,7339.86474609375
"NGA",3,1,"LSMS-ISA2015",2015,4,4,401,1460,1,40092,4,0,1800,0,0,0,1520.83337402344,0,0,2500,260.714294433594,0,0,3041.66674804688,0,1303.57141113281,0,6083.33349609375,0,0,52107.08984375,0,0,0,0,0,0,4562.5,0,3258.92846679688,0,0,7821.4287109375,6517.85693359375,2346.42846679688,3258.92846679688,0,2607.14282226563,0,0,1825,0,5214.28576660156,0,0,0,4944.58154296875,10090.7197265625,22004.78515625,4048.4150390625,0,0,1742.81823730469,0,0,0,19553.572265625,9385.71466064453,0,1955.35711669922,6838.93408203125,0,5540.1787109375,0,65.1785736083984,0,0,192199.96875,6361.21630859375
"NGA",3,1,"LSMS-ISA2015",2015,4,4,401,1460,1,40093,6,0,1200,0,2433.33333333333,0,405.555541992188,0,0,1500,0,0,0,1013.88891601563,0,1738.09521484375,0,2838.888671875,0,0,40245.546875,0,60833.3333333333,0,1738.09521484375,0,39107.1432291667,0,0,1738.09521484375,2172.61897786458,0,0,5214.28580729167,0,0,0,1738.09521484375,4345.23795572917,0,3041.66666666667,0,4345.23811848958,0,0,0,0,4484.7646484375,0,4437.03841145833,0,0,2002.587890625,0,0,0,0,20857.1432291667,1902.74576822917,4330.12418619792,0,0,0,0,3257.68726730347,0,0,216921.203125,6361.21630859375
"NGA",3,1,"LSMS-ISA2015",2015,4,4,401,1460,1,40094,4,0,9000,0,0,0,8212.5,0,0,150,4776.78564453125,0,0,27375,0,0,0,28287.5,10520.8330078125,0,275501.6875,0,0,0,2607.14282226563,6517.85693359375,7821.4287109375,3910.71435546875,3258.92846679688,3910.71435546875,0,0,1955.35717773438,7821.4287109375,2737.5,7821.42834472656,1955.35717773438,5996.42846679688,2607.14282226563,1042.85717773438,5866.07153320313,0,22682.1437988281,651.785705566406,0,0,0,0,0,0,0,0,3825.69848632813,0,0,0,0,1216.66662597656,0,0,0,0,0,0,0,0,0,458030.9375,6361.21630859375
"NGA",3,1,"LSMS-ISA2015",2015,4,4,401,1460,1,40095,2,0,6000,0,0,0,12166.6669921875,0,0,0,8175,0,0,0,0,44321.4296875,0,12166.6669921875,6000,0,75029.8828125,0,0,0,0,0,0,0,0,5214.28564453125,15642.857421875,0,13035.7138671875,23464.2856445313,0,0,11732.142578125,13035.7141113281,0,260.714294433594,5214.28564453125,0,14339.2856445313,6257.14306640625,0,0,0,16145.150390625,14744.7041015625,9586.90405273438,0,0,10711.95703125,0,0,0,0,6604.76196289063,2607.14282226563,3337.14294433594,8521.240234375,0,13035.7143554688,0,91.25,0,1825,359267.03125,6361.21630859375
"NGA",3,1,"LSMS-ISA2015",2015,4,4,401,1460,1,40096,3,2595.55541992188,18000,0,0,0,3447.22233072917,0,0,2666.66666666667,10796.6669921875,0,0,10138.888671875,0,0,0,6488.888671875,3333.33325195313,0,80491.09375,0,0,0,0,173809.520833333,8690.47591145833,0,0,17380.9518229167,0,0,19988.0947265625,17380.9518229167,16164.2861328125,4345.23795572917,0,11297.6188964844,4345.23795572917,3476.1904296875,14078.5709635417,0,21726.1907552083,2607.14290364583,0,0,0,0,0,1715.90673828125,0,0,0,0,0,0,0,1622.22216796875,5724.85091145833,0,0,0,0,0,0,0,7908.33349609375,470220.0625,6361.21630859375
"NGA",3,1,"LSMS-ISA2015",2015,4,4,401,1460,1,40097,2,0,15000,0,0,0,9125,0,0,8000,2182.5,0,0,15208.3330078125,0,15642.857421875,0,5475,2500,0,85277.1640625,0,0,0,2607.14282226563,52142.85546875,18250,0,0,5214.28564453125,0,0,18250,13035.7138671875,18250,14339.2854003906,2607.14282226563,10428.5714111328,6517.85693359375,0,16946.427734375,0,27375,7039.28576660156,0,0,0,0,0,1286.93005371094,0,0,0,0,0,0,0,0,1564.28564453125,2607.14282226563,0,0,0,0,0,0,0,376872.75,6361.21630859375
"NGA",3,1,"LSMS-ISA2015",2015,4,4,401,1460,1,40098,2,1216.66662597656,9000,0,0,0,15208.3330078125,0,0,0,8991.666015625,0,0,0,0,20857.142578125,0,18250,4000,0,16889.9921875,0,0,0,5214.28564453125,0,0,0,0,5214.28564453125,18250,0,26071.4279785156,19553.5712890625,0,3910.71435546875,19553.5712890625,27375,0,0,15642.8569335938,0,39107.142578125,6517.85693359375,0,0,0,16145.150390625,14744.7041015625,6257.14306640625,0,0,0,0,0,10428.5712890625,0,6952.38110351563,0,1251.42858886719,10942.2939453125,0,0,0,12027.6195602417,0,1825,361398.8125,6361.21630859375
"NGA",3,1,"LSMS-ISA2015",2015,4,4,401,1460,1,40099,1,0,36000,0,0,0,3650,0,0,2000,2600,0,0,0,0,5214.28564453125,0,0,6000,0,34024.3125,0,0,0,0,0,0,0,0,0,12708.3976737526,0,0,3177.09941843814,0,5718.77901628308,0,12708.3976737526,0,0,0,0,3177.09941843814,1270.83981332323,0,0,15885.496790447,0,17968.0952951665,0,16937.1176057365,9531.29855705809,0,0,15885.496790447,9364.08247364045,0,14039.753571158,25500.3659592706,7879.20687291285,0,0,0,0,635.419906661615,0,0,261875.53125,6361.21630859375
"NGA",3,1,"LSMS-ISA2015",2015,4,4,401,1460,1,40100,3,2920,12000,0,1622.22216796875,0,2433.33333333333,0,0,966.666666666667,4236.66650390625,0,0,0,0,2780.95247395833,0,8111.111328125,400,0,2000,0,0,0,0,0,0,0,0,1140.66264098179,4562.65056392715,0,0,9125.30129061473,912.530164684703,0,3650.12048062266,4106.38561133298,3650.12065873881,0,4562.65082342351,0,0,1596.92772332414,0,0,0,7063.7365964052,0,9918.94469151986,0,0,0,0,0,0,0,2433.41370211641,0,1688.1807171442,0,114.066270585588,0,0,0,0,2027.77783203125,94024.4140625,6361.21630859375
"NGA",3,1,"LSMS-ISA2015",2015,4,4,412,2592,0,40101,4,1216.66662597656,0,0,0,0,912.5,0,0,0,1722.02380371094,0,0,0,0,0,0,1216.66662597656,350,0,6472.330078125,0,0,0,0,0,5557.76612337539,0,0,0,0,0,0,9726.09059383662,833.664955127402,694.720765421924,0,4585.15710061282,0,277.888319427281,833.664955127402,1389.44153084385,833.664955127402,0,0,0,4168.32471460185,5736.22696974,0,2778.88280072338,0,2084.16235730093,8740.22132074652,0,0,7201.04818357091,0,2964.1419756871,8062.62902064176,4168.32459253154,2270.63990990788,0,0,0,166.732988604611,0,0,84963.5703125,4844.310546875
"NGA",3,1,"LSMS-ISA2015",2015,4,4,412,2592,0,40102,5,1460,0,0,0,0,2433.3333984375,0,0,320,3083.57153320313,0,0,4866.666796875,0,2085.7142578125,0,7300,1983.33337402344,0,3444.46411132813,0,0,0,0,0,4692.85703125,2085.7142578125,0,4171.428515625,0,0,4171.428515625,9907.1431640625,1251.42861328125,0,0,3337.14291992188,1564.2857421875,0,3024.28579101562,0,14599.9998046875,2085.7142578125,0,0,2085.7142578125,2639.3765625,0,0,0,0,6560.047265625,0,0,0,0,3205.04755859375,1048.9916015625,2398.57138671875,0,312.857153320312,0,0,135.571423339844,0,0,96254.671875,4844.310546875
"NGA",3,1,"LSMS-ISA2015",2015,4,4,412,2592,0,40103,10,912.5,0,0,0,0,0,0,0,230,1529.16674804688,0,0,0,0,0,0,1216.66674804688,300,0,2588.93212890625,0,0,0,0,2632.2857631824,2193.57136751444,548.392841878609,548.392841878609,0,0,0,0,6032.32130638184,438.714293345236,0,0,2029.05352263355,1096.78568375722,219.357146672618,1206.46431019926,0,4112.94634317011,2412.92859598445,0,0,0,0,0,2193.571159758,0,0,3998.03403957123,0,0,0,0,1462.38091375028,1471.87010034663,1370.98208183795,0,0,0,0,0,0,121.666664123535,40866.98828125,4844.310546875
"NGA",3,1,"LSMS-ISA2015",2015,4,4,412,2592,0,40104,9,1757.40747070313,0,0,0,0,1081.4814453125,0,0,0,2912.9365234375,0,0,243.333333333333,0,5793.65060763889,0,2027.77783203125,2703.70385742188,0,6121.787109375,0,0,0,0,0,2896.82530381944,0,0,2607.14282226563,695.238118489583,0,4055.55555555556,4171.42849392361,2259.52387152778,2607.14279513889,0,4113.49202473958,2317.46028645833,347.619059244792,2838.88894314236,0,1332.53971354167,3070.63490125868,0,0,3822.20008680556,5381.71701388889,0,2199.955078125,0,0,2607.142578125,0,0,0,0,0,1994.56469726563,289.682535807292,0,0,0,0,0,0,0,72250.8359375,4844.310546875
"NGA",3,1,"LSMS-ISA2015",2015,4,4,412,2592,0,40105,6,1622.22216796875,0,0,0,0,2230.55550130208,0,0,2383.33333333333,2439.4443359375,0,0,5069.4443359375,0,6083.33333333333,0,4258.33349609375,0,0,13245.71484375,0,0,0,0,0,0,0,0,2346.42854817708,0,0,4779.76204427083,3041.66666666667,3128.5712890625,4345.23799641927,1303.57145182292,2172.61901855469,2172.61897786458,869.047607421875,4866.66650390625,2607.14290364583,21291.6671549479,5301.1904703776,0,0,3910.71451822917,7175.623046875,2457.45068359375,3741.21907552083,0,0,3476.1904296875,0,0,0,0,0,0,608.333333333333,0,0,0,0,0,0,0,116928.109375,4844.310546875
"NGA",3,1,"LSMS-ISA2015",2015,4,4,412,2592,0,40106,7,1042.85717773438,0,0,0,0,1564.28571428571,0,0,985.714285714286,2101.87084960938,0,0,0,0,3352.04073660714,0,3128.57153320313,2433.33349609375,0,7870.86865234375,0,0,0,0,0,3352.04073660714,0,0,1787.75509207589,744.89794921875,0,4469.38783482143,2532.65318080357,1787.75516183036,3352.04073660714,0,3501.02043805804,2607.14285714286,446.938790457589,1787.75516183036,1117.34695870536,8566.32652064732,5512.24494280134,0,0,2607.14285714286,5381.71707589286,0,2948.69196428571,0,0,2234.69391741071,0,0,0,0,0,1661.72112165179,0,0,0,0,0,0,0,0,78878.8203125,4844.310546875
"NGA",3,1,"LSMS-ISA2015",2015,4,4,412,2592,0,40107,3,0,4000,0,405.555541992188,0,1622.22216796875,0,0,3000,1751.58728027344,0,0,1622.22216796875,0,0,0,17033.333984375,266.666656494141,869.047607421875,8178.30859375,0,0,0,0,4345.23795572917,0,0,0,2433.33333333333,1738.09521484375,0,0,8690.47623697917,0,3476.1904296875,0,3476.1904296875,0,0,0,6952.380859375,12340.4760742188,2607.14282226563,0,0,1738.09505208333,0,0,255.708658854167,0,0,4345.23795572917,0,0,0,0,0,0,1738.09521484375,0,0,0,0,0,0,0,92885.59375,4844.310546875
"NGA",3,1,"LSMS-ISA2015",2015,4,4,412,2592,0,40108,9,0,1333.33337402344,0,270.370361328125,0,540.74072265625,0,0,488.888888888889,360.317474365234,0,0,2027.77777777778,0,2317.46028645833,0,6759.259765625,44.4444427490234,289.682535807292,4016.1904296875,0,0,0,0,4345.23828125,0,0,0,1042.85716417101,0,0,1738.09526909722,2317.46028645833,231.746039496528,1738.09521484375,1158.73014322917,4345.23809136285,1448.41265190972,115.873019748264,463.492078993056,2317.46028645833,2317.46028645833,2027.77780490451,0,0,0,0,0,2317.46006944444,0,0,2363.81564670139,0,0,0,0,0,579.365071614583,579.365071614583,0,0,0,0,0,0,135.185180664063,50031.6015625,4844.310546875
"NGA",3,1,"LSMS-ISA2015",2015,4,4,412,2592,0,40109,6,304.166656494141,2000,0,2027.77783203125,0,6083.33333333333,0,0,2966.66666666667,3648.8095703125,0,0,7097.22200520833,0,2607.14290364583,0,14194.4443359375,2333.33325195313,0,48634.13671875,0,0,0,0,0,3476.1904296875,2607.14290364583,0,4345.23795572917,0,0,3910.71419270833,8690.47591145833,0,0,0,434.523803710938,2172.61897786458,0,4953.57149251302,0,4345.23803710938,4171.4287109375,0,0,5933.498046875,6278.669921875,0,0,0,0,8690.47591145833,0,0,0,4345.23828125,3331.34912109375,5577.59195963542,1042.85717773438,0,0,5431.54752604167,0,1651.19053141276,0,811.111083984375,174097.703125,4844.310546875
"NGA",3,1,"LSMS-ISA2015",2015,4,4,412,2592,0,40110,5,973.333312988281,2400,0,2433.3333984375,0,6813.33359375,0,0,5400,6445.9521484375,0,0,9733.33359375,0,16685.7140625,0,9733.333984375,10316.666015625,1877.1427734375,9295.779296875,0,0,0,2085.7142578125,3650,3650,3128.571484375,0,1564.2857421875,0,0,4171.428515625,5214.285546875,834.2857421875,0,1564.2857421875,5527.1427734375,2085.7142578125,0,1668.571484375,0,3545.7142578125,0,0,0,0,0,0,0,0,0,7821.42890625,0,0,0,0,2050.95244140625,2857.14921875,2085.7142578125,0,0,0,0,4044.33049316406,0,365,140022.5,4844.310546875
"NGA",3,1,"LSMS-ISA2015",2015,4,4,412,1606,0,40111,3,0,0,0,0,0,1216.66666666667,0,0,1733.33333333333,1379.36511230469,0,0,0,0,4345.23795572917,0,4055.5556640625,1000,0,8629.7734375,0,0,0,0,417.142862955729,0,1738.09521484375,0,0,0,0,3476.1904296875,13904.7620442708,695.238118489583,0,22595.2384440104,5301.1904296875,2607.14290364583,347.619059244792,4519.04768880208,0,2607.14290364583,4519.04752604167,0,0,0,0,9779.90559895833,3476.19010416667,0,2607.14290364583,10064.3645833333,0,0,0,0,3476.1904296875,20857.1432291667,6257.14298502604,0,0,0,6952.38151041667,278.095235188802,0,0,148836.34375,5284.70263671875
"NGA",3,1,"LSMS-ISA2015",2015,4,4,412,1606,0,40112,3,0,0,0,0,0,2838.88899739583,0,0,0,547.619079589844,0,0,0,0,3476.1904296875,0,3244.4443359375,2333.33325195313,0,8629.7734375,0,0,0,0,0,7909.6289620459,3954.81448102295,988.703620255738,0,0,0,0,19774.072475405,0,0,0,6525.4440577448,1977.40724051148,395.481464378337,0,0,4350.2960267815,5141.25875763264,0,0,0,6122.70585282821,0,0,0,2966.11095971998,8196.80439506617,0,0,0,1186.44439313501,3954.81448102295,1326.02606017127,2966.11095971998,0,0,0,0,217.514791443798,0,0,99023.8828125,5284.70263671875
"NGA",3,1,"LSMS-ISA2015",2015,4,4,412,1606,0,40113,8,0,1500,0,0,0,1490.41662597656,0,0,275,762.5,0,0,0,0,8147.3212890625,0,2585.41674804688,0,0,7006.92919921875,0,0,0,0,6257.14306640625,3715.17846679688,0,0,2216.07147216797,0,0,4236.60723876953,2411.60717773438,1564.28576660156,2867.85705566406,0,2737.49998474121,2607.14282226563,391.071441650391,1564.28576660156,977.678588867188,13687.5,3975.8928527832,0,0,4299.97509765625,0,0,2580.10546875,0,0,2281.25,0,0,0,0,0,0,0,0,0,0,0,0,0,0,80138.7421875,5284.70263671875
"NGA",3,1,"LSMS-ISA2015",2015,4,4,412,1606,0,40114,7,0,1714.28576660156,0,0,0,2085.71428571429,0,0,1028.57142857143,1519.01354980469,0,0,1564.28571428571,0,9683.67299107143,0,3476.19067382813,0,0,17497.16015625,0,0,0,0,7597.95926339286,4469.38783482143,0,0,3203.06119210379,0,0,3724.48967633929,3798.9794921875,2234.69391741071,3798.9794921875,0,5363.26529366629,2979.591796875,744.89794921875,2234.69391741071,2234.69391741071,20335.7140764509,5139.7960030692,0,0,4914.25725446429,0,0,2828.513671875,0,0,2234.69391741071,0,0,0,0,0,523.619454520089,372.448974609375,0,0,0,0,0,0,0,117302.625,5284.70263671875
"NGA",3,1,"LSMS-ISA2015",2015,4,4,412,1606,0,40115,8,0,1500,0,0,0,304.166656494141,0,0,1125,352.678588867188,0,0,456.25,0,1955.35717773438,0,7604.16650390625,125,0,8187.75146484375,0,0,0,0,3258.92846679688,0,0,0,1042.8571472168,0,0,2281.25,5866.07153320313,0,2281.24996948242,0,1629.46426391602,977.678588867188,0,1694.6428527832,2607.14282226563,9059.82147216797,2867.85720825195,0,0,651.78564453125,0,3910.71435546875,0,0,0,3405.73596191406,0,0,0,0,0,325.892852783203,651.785705566406,0,0,0,0,0,0,0,64123.25,5284.70263671875
"NGA",3,1,"LSMS-ISA2015",2015,4,4,412,1606,0,40116,3,0,1600,0,4055.5556640625,0,8111.111328125,0,0,3200,2821.03198242188,0,0,0,0,3476.1904296875,0,18250,6666.66650390625,0,32068.421875,0,0,0,0,4345.23795572917,0,0,0,1738.09521484375,0,0,0,6952.380859375,1825,2607.14282226563,0,4345.23803710938,3476.1904296875,0,1564.28564453125,0,0,5214.28556315104,0,0,0,0,0,0,101295.322916667,0,5100.93131510417,0,0,0,0,0,2559.34505208333,1738.09521484375,0,0,0,0,0,0,608.333312988281,223618.859375,5284.70263671875
"NGA",3,1,"LSMS-ISA2015",2015,4,4,412,1606,0,40117,6,0,2000,0,0,0,811.111083984375,0,0,1400,620.238098144531,0,0,0,0,8690.47591145833,0,14194.4453125,166.66667175293,0,8667.6025390625,0,0,0,0,4345.23795572917,6517.857421875,1303.57145182292,0,3476.1904296875,5100.93131510417,0,6952.380859375,9559.52376302083,0,1911.90478515625,0,2780.95239257813,2607.14290364583,0,1216.66666666667,0,2085.71427408854,608.333333333333,0,0,0,0,0,0,0,0,5100.93131510417,0,0,0,0,0,434.523803710938,869.047607421875,0,0,0,0,0,0,0,91421.4375,5284.70263671875
"NGA",3,1,"LSMS-ISA2015",2015,4,4,412,1606,0,40118,3,0,48666.66796875,0,3244.4443359375,0,6488.888671875,0,0,3400,1804.92077636719,0,0,0,0,3476.1904296875,0,4055.5556640625,6000,0,9975.3935546875,0,0,0,0,3516.20340863478,5274.30527804431,0,0,879.050852158695,0,0,7911.45758921391,4395.25417591568,0,0,0,4043.63398480099,5274.30527804431,0,0,0,1758.10170431739,0,0,0,3334.33103822172,0,0,1406.48126439863,0,0,0,0,0,0,4395.25450609996,2402.7390945671,2588.80460548406,1054.86107211808,0,0,6592.88176148167,0,175.810178686346,0,1216.66662597656,143332.203125,5284.70263671875
"NGA",3,1,"LSMS-ISA2015",2015,4,4,412,1606,0,40119,9,0,533.333312988281,0,1351.85188802083,0,2703.70377604167,0,0,2311.11111111111,3235.3173828125,2027.77783203125,0,8111.11111111111,0,5793.65060763889,0,16222.22265625,3333.33325195313,0,22076.791015625,0,0,0,2027.77777777778,0,0,3070.63483344184,0,3476.19053819444,0,0,3765.87282986111,2896.82530381944,1042.85709635417,0,0,4345.23803710938,1738.09526909722,0,1042.85709635417,0,19698.4134114583,1390.47618272569,0,0,2637.11002604167,5376.5078125,0,0,0,0,2317.46028645833,0,0,0,0,1834.65608723958,0,579.365071614583,0,0,0,0,202.777777777778,0,337.962982177734,125481.2734375,5284.70263671875
"NGA",3,1,"LSMS-ISA2015",2015,4,4,412,1606,0,40120,2,1216.66662597656,2400,0,3650,0,12166.6669921875,0,0,0,7520.83349609375,0,0,15208.3330078125,0,10428.5712890625,0,18858.33203125,4000,0,57837.38671875,0,0,0,0,0,7821.4287109375,0,0,0,0,0,10428.5712890625,13035.7138671875,2607.14282226563,0,0,13557.1428222656,0,0,4562.49987792969,0,0,10428.5712890625,0,0,0,5381.71728515625,0,0,7180.0712890625,5304.96875,13035.7138671875,0,0,0,0,0,0,2607.14282226563,2735.57348632813,0,5214.2861328125,0,0,0,2737.5,239924.828125,5284.70263671875
"NGA",3,1,"LSMS-ISA2015",2015,4,4,410,4036,0,40121,3,2027.77783203125,4000,0,0,0,6083.33333333333,0,0,2533.33333333333,3557.53979492188,0,0,0,0,0,0,6488.888671875,166.66667175293,3476.1904296875,8000,0,0,0,0,0,7821.42838541667,5214.28580729167,0,7647.61897786458,0,0,3476.1904296875,10428.5716145833,1390.47623697917,3476.1904296875,1738.09521484375,11819.0476888021,2607.14290364583,347.619059244792,3128.57145182292,0,10428.5716145833,5909.52392578125,0,0,0,5865.28125,0,0,0,0,4345.23795572917,0,0,0,0,1332.53963216146,0,0,0,0,0,0,304.166666666667,0,8719.4443359375,132333.734375,5627.2294921875
"NGA",3,1,"LSMS-ISA2015",2015,4,4,410,4036,0,40122,7,0,3428.57153320313,0,0,0,1390.47614397321,0,0,1542.85714285714,1238.16320800781,0,0,2607.14285714286,0,2979.591796875,0,6952.38134765625,1428.57141113281,0,6689.3544921875,0,0,0,1489.7958984375,0,0,0,0,2234.69391741071,1489.7958984375,0,3724.48967633929,2607.14285714286,1489.7958984375,0,0,3501.0204031808,0,0,1191.83677455357,0,2607.14285714286,148.979596819196,0,0,0,6150.53404017857,2106.38630022321,3692.79213169643,0,0,0,0,0,0,0,1663.60546875,3360.80426897321,2642.76834542411,2840.41350446429,0,0,4965.98604910714,1734.21562848772,0,521.428588867188,78420.734375,5627.2294921875
"NGA",3,1,"LSMS-ISA2015",2015,4,4,410,4036,0,40123,6,0,2000,0,0,0,912.5,0,0,2700,640.476196289063,0,0,0,0,2607.14290364583,0,12166.6669921875,333.333343505859,0,6024.28564453125,0,0,0,0,3476.1904296875,7821.42838541667,0,0,4345.23803710938,0,0,6952.380859375,4345.23795572917,0,2346.42858886719,0,3215.47623697917,1738.09521484375,0,4258.33337402344,3476.1904296875,11645.2380371094,173.809529622396,0,0,2317.46028645833,0,0,0,0,0,6096.18912760417,0,0,0,0,0,1267.36116536458,869.047607421875,0,0,0,0,104.285715738932,0,0,91832.796875,5627.2294921875
"NGA",3,1,"LSMS-ISA2015",2015,4,4,410,4036,0,40124,2,0,6000,0,0,0,2433.33325195313,0,0,4400,420.714294433594,0,0,0,0,15642.857421875,0,24333.333984375,500,2607.14282226563,26002.80859375,0,0,0,2607.14282226563,6517.85693359375,7821.4287109375,2607.14282226563,0,8864.28588867188,0,0,9125,10428.5712890625,0,7039.28576660156,0,7039.28564453125,5214.28564453125,0,7039.28564453125,10428.5712890625,34935.7143554688,4432.14294433594,0,0,0,0,0,0,0,0,9181.6767578125,0,0,0,0,0,5105.65490722656,2607.14282226563,0,0,0,0,260.714294433594,0,0,223595.375,5627.2294921875
"NGA",3,1,"LSMS-ISA2015",2015,4,4,410,4036,0,40125,1,0,6000,0,0,0,3650,0,0,0,921.428588867188,0,0,0,0,0,0,2433.33325195313,3600,0,38862.62109375,0,0,0,0,0,0,0,0,0,0,0,0,22181.5632157096,0,0,0,12199.8597750567,0,0,0,0,0,6654.46925061302,0,0,0,8585.18063484474,15680.9872162727,11090.7805606062,0,0,13506.8232288799,0,12323.0899458124,22181.5632157096,0,11225.7193382595,5578.01085168547,11090.7818519954,6041.55751895502,0,0,0,554.539105690378,0,608.333312988281,214970.625,5627.2294921875
"NGA",3,1,"LSMS-ISA2015",2015,4,4,410,4036,0,40126,6,811.111083984375,0,0,0,0,1013.88891601563,0,0,133.333333333333,1287.69836425781,0,0,0,0,2607.14290364583,0,1216.66662597656,133.33332824707,0,1487.56726074219,0,0,0,0,4774.86218296843,5305.40245912802,0,663.175307391003,2652.70122956401,0,0,0,10610.8054180638,1591.62083712363,0,0,6233.84799030146,3979.05200998805,530.540279041209,1591.62083712363,0,2652.70139520605,4111.68691482672,0,0,2652.70122956401,0,0,2652.70098254177,0,1989.52600499403,1518.97413821483,0,0,0,0,4244.32223232968,5857.43311248155,1989.52600499403,0,0,0,0,0,0,202.777770996094,74496.7265625,5627.2294921875
"NGA",3,1,"LSMS-ISA2015",2015,4,4,410,4036,0,40128,7,0,0,0,0,0,869.047642299107,0,0,228.571428571429,1056.15649414063,0,0,0,0,6704.08147321429,0,1042.85717773438,0,0,1996.201171875,0,0,0,0,7151.02064732143,5214.28571428571,0,0,446.938790457589,0,0,0,6331.63267299107,0,1489.7958984375,0,3575.51018415179,3724.48967633929,0,0,0,0,2905.10215541295,0,0,2870.9609375,0,0,1103.55238560268,0,0,3724.48967633929,0,0,0,0,0,0,372.448974609375,0,0,0,0,0,0,0,50807.140625,5627.2294921875
"NGA",3,1,"LSMS-ISA2015",2015,4,4,410,4036,0,40129,3,0,8000,0,0,0,2027.77783203125,0,0,3466.66666666667,2182.77758789063,0,0,0,0,12166.6666666667,0,2433.33325195313,0,0,70460.796875,0,0,0,0,6257.142578125,3476.1904296875,0,0,4692.85709635417,0,0,7821.42838541667,8690.47623697917,2607.14290364583,7821.42838541667,0,3302.38098144531,2607.14290364583,695.238118489583,2607.14290364583,0,1216.66666666667,11645.2384440104,0,0,6698.90885416667,0,0,2433.33333333333,0,0,3476.1904296875,0,0,0,0,0,0,869.047607421875,0,0,0,0,347.619059244792,0,0,178003.59375,5627.2294921875
"NGA",3,1,"LSMS-ISA2015",2015,4,4,410,4036,0,40130,2,0,18000,0,0,0,2433.33325195313,0,0,2600,5471.54736328125,0,0,6083.33349609375,0,15642.857421875,0,6691.66650390625,0,0,474541.84375,0,0,0,3389.28564453125,0,4692.85693359375,0,0,782.142883300781,0,0,15642.857421875,5214.28564453125,6257.14306640625,6778.5712890625,2607.14282226563,4562.50003051758,3910.71435546875,521.428588867188,8864.28588867188,0,7300.00012207031,7821.42883300781,0,0,0,8072.5751953125,0,4171.42822265625,0,5304.96875,6517.85693359375,0,0,0,0,2433.33325195313,3571.4365234375,0,0,0,0,0,651.785705566406,0,0,640532.625,5627.2294921875
"NGA",3,1,"LSMS-ISA2015",2015,4,4,407,796,0,40131,6,0,0,0,0,0,3650,0,0,2333.33333333333,657.142883300781,0,0,6083.33333333333,0,0,0,0,1883.33337402344,0,1432.7353515625,0,0,0,1738.09521484375,0,5214.28580729167,1738.09521484375,0,0,0,0,0,10428.5716145833,2607.14290364583,7995.23803710938,0,2346.42858886719,4345.23795572917,869.047607421875,3041.66666666667,0,0,2172.61901855469,0,0,1496.19287109375,2932.640625,0,0,0,0,0,0,0,0,0,0,3816.5673828125,434.523803710938,0,0,0,0,0,0,0,67216.21875,4403.9189453125
"NGA",3,1,"LSMS-ISA2015",2015,4,4,407,796,0,40133,4,0,0,0,0,0,5475,0,0,6900,1951.78564453125,0,0,15208.3330078125,0,0,152.08332824707,6083.33349609375,2564.58349609375,0,11632.9638671875,0,0,0,0,0,32589.28515625,0,0,0,0,0,0,13035.7138671875,9776.7861328125,21508.9282836914,0,6517.85699462891,6517.85693359375,1303.57141113281,8082.14306640625,0,0,651.785705566406,0,0,9323.21850585938,5498.70068359375,0,782.142883300781,0,0,3825.69848632813,0,0,0,0,0,5404.38977050781,2607.14282226563,0,0,0,0,0,0,0,177393.28125,4403.9189453125
"NGA",3,1,"LSMS-ISA2015",2015,4,4,407,796,0,40134,9,0,0,0,0,0,946.296332465278,0,0,1866.66666666667,1355.66137695313,0,0,2703.70377604167,0,2607.14279513889,0,3244.4443359375,888.888916015625,1738.09526909722,1768.1748046875,0,0,0,0,0,0,0,0,4037.28246913369,0,0,0,611.70944732392,244.683790636031,2569.17971245357,0,1529.27361545724,0,61.1709476590077,244.683790636031,3058.54717666101,0,0,0,0,10122.9025617258,5160.60282119426,8648.8109974692,1223.41878043578,1223.41889464784,0,0,0,3717.31145295333,10902.821644483,0,2097.28930362785,0,1709.26989756004,0,0,0,0,764.63680772862,0,0,75046.0859375,4403.9189453125
"NGA",3,1,"LSMS-ISA2015",2015,4,4,407,796,0,40135,3,0,0,0,0,0,1622.22216796875,0,0,2033.33333333333,2016.66662597656,0,0,6083.33333333333,0,6083.33333333333,0,8111.111328125,666.666687011719,0,8308.5400390625,0,0,0,0,0,20857.1432291667,0,0,4866.66666666667,0,0,0,10428.5716145833,6952.38102213542,0,0,3476.1904296875,0,0,0,0,11297.619140625,5909.52392578125,0,0,14112.3232421875,5132.12076822917,0,3476.19010416667,0,0,10000.8671875,0,7724.8671875,1280.70174153646,0,6455.78198242188,13791.4069010417,3232.85709635417,0,434.523763020833,2085.71435546875,0,4649.40519205729,0,0,171090.0625,4403.9189453125
"NGA",3,1,"LSMS-ISA2015",2015,4,4,407,796,0,40136,7,0,0,0,0,0,695.238071986607,0,0,342.857142857143,259.523803710938,0,0,2607.14285714286,0,2234.69391741071,0,2085.71435546875,457.142852783203,0,1094.515625,0,0,0,0,0,5670.6029702507,0,0,4725.50234128862,0,0,5670.6029702507,0,0,1323.1406692033,0,472.550232611392,2268.24122388308,0,0,0,2835.30137596582,0,0,0,2948.16438534844,3986.60518040047,0,0,3780.40186089113,0,0,0,0,2362.75129724246,0,2967.3005437206,7786.84016686312,2285.8709543936,0,0,0,0,850.590444179254,0,434.523803710938,60145.82421875,4403.9189453125
"NGA",3,1,"LSMS-ISA2015",2015,4,4,407,796,0,40137,3,0,0,0,0,0,0,0,0,0,695.238098144531,0,0,0,0,0,0,6488.888671875,0,0,12048.5712890625,0,0,0,0,0,0,0,0,0,0,0,11668.6654933134,0,4375.74959857288,0,2917.16637332834,2333.73319800672,14585.8314470823,583.433299501679,9334.93262926644,0,0,1166.86659900336,0,0,0,12305.1368991335,24747.0629075468,2734.29507790572,0,0,6722.16565974127,0,0,0,0,15558.2204294854,0,3208.88308516921,0,0,0,0,1458.58318666417,0,0,132933.4375,4403.9189453125
"NGA",3,1,"LSMS-ISA2015",2015,4,4,407,796,0,40138,5,0,0,0,0,0,3650,0,0,0,2855.23803710938,0,0,0,0,6257.14296875,0,7300,800,0,7436.7294921875,0,0,0,0,0,0,0,0,4171.428515625,4171.428515625,0,5214.285546875,8864.285546875,0,0,0,3128.571484375,0,0,3128.571484375,2607.1427734375,16685.714453125,0,0,0,0,8797.92109375,8846.821875,5278.8880859375,0,0,10352.5638671875,0,0,6257.14296875,0,3406.666796875,1748.319140625,6846.36140136719,0,0,0,0,6356.07756652832,0,1216.66674804688,135377.96875,4403.9189453125
"NGA",3,1,"LSMS-ISA2015",2015,4,4,403,0,0,40139,5,1703.33337402344,0,0,0,0,1606,0,0,1040,3378,0,0,7543.33359375,0,6048.571484375,0,5353.3330078125,320,0,2400,0,0,0,0,3754.285546875,0,0,0,3128.571484375,2085.71430664063,0,3128.571484375,3337.14296875,1564.2857421875,4901.428515625,1564.2857421875,4797.14296875,2502.8572265625,834.2857421875,1564.2857421875,0,16685.714453125,2294.2857421875,0,0,0,0,4150.254296875,1725.1296875,0,0,0,0,0,0,0,0,0,0,0,0,0,0,250.285717773438,0,2433.33349609375,90094.4375,4403.9189453125
"NGA",3,1,"LSMS-ISA2015",2015,4,4,407,796,0,40140,4,0,0,0,0,0,3041.66674804688,0,0,0,5204.1669921875,0,0,0,0,9125,0,9125,1500,0,2149.10302734375,0,0,0,0,0,7821.4287109375,0,0,5214.28564453125,6517.85693359375,0,9125,11080.3569335938,0,2607.14282226563,0,6517.85717773438,7821.4287109375,0,5214.28564453125,0,16946.4287109375,0,0,0,9776.7861328125,10997.4013671875,0,6994.23486328125,0,0,0,0,0,0,0,2694.04772949219,0,2726.4128112793,0,0,6517.85717773438,13035.7138671875,6200.0933303833,0,912.5,168866.078125,4403.9189453125
"NGA",3,1,"LSMS-ISA2015",2015,4,4,410,3192,1,40141,5,486.666656494141,0,0,0,0,2433.3333984375,0,0,0,3423.33325195313,0,0,0,0,4171.428515625,0,4866.6669921875,1200,0,10268.267578125,0,0,0,0,0,5276.44545944106,0,0,3283.12168311833,5862.71710608453,0,4690.17377129345,8207.80424929997,2345.08688564673,2345.08688564673,0,9966.61942604701,0,0,1172.54344282336,0,6448.98898954464,0,0,0,5471.8691976125,8902.80165634532,0,4717.56811008953,0,0,13101.8981777692,0,0,4690.17377129345,0,1250.71303074339,1172.54344282336,703.526098103703,4921.21681201358,586.271667395538,4397.03816403629,0,1217.49099962434,0,973.333312988281,128554.734375,2862.54736328125
"NGA",3,1,"LSMS-ISA2015",2015,4,4,410,3192,1,40142,7,5.2142858505249,0,0,1738.09528459821,0,1738.09528459821,0,0,5742.85714285714,2601.36059570313,0,0,0,0,3724.48967633929,0,6952.38134765625,857.142883300781,0,8711.5341796875,0,0,0,0,0,0,0,0,446.938790457589,1489.7958984375,0,7448.97935267857,7448.9794921875,0,1117.34695870536,0,5959.18373325893,0,0,2234.69391741071,0,17132.6525530134,4469.3876953125,0,0,3972.7890625,4713.17243303571,4212.77260044643,4748.66587611607,0,0,9155.13560267857,0,0,0,893.877580915179,10487.041922433,3915.68031529018,1787.75516183036,4869.28013392857,744.897879464286,0,0,26.0714285714286,0,695.238098144531,130041.5,2862.54736328125
"NGA",3,1,"LSMS-ISA2015",2015,4,4,410,3192,1,40143,7,347.619049072266,0,0,0,0,869.047642299107,0,0,2657.14285714286,263.265319824219,0,0,1738.09528459821,0,0,0,695.238098144531,1142.85717773438,0,2735.095703125,0,0,0,1501.84760998673,3003.69521997347,2628.23335176574,3379.15708504373,0,2252.77137892632,0,0,3754.61895482019,3003.69521997347,5256.46670353148,2252.77141380355,0,3904.80386128356,1877.30947741009,750.923804993367,6007.39043994693,0,4580.63523009167,1877.30951228733,0,0,0,0,3316.04545296658,0,0,0,0,0,0,0,0,0,3128.84936257752,0,0,0,0,0,0,0,0,62924.8828125,2862.54736328125
"NGA",3,1,"LSMS-ISA2015",2015,4,4,410,3192,1,40144,2,0,18000,0,0,1216.66662597656,2433.33325195313,0,0,2800,9800,0,0,9125,0,5214.28564453125,0,30416.666015625,1200,0,186647.25,0,0,0,0,0,0,0,0,5214.28564453125,0,0,2607.14282226563,52142.85546875,7821.4287109375,3128.57153320313,1303.57141113281,10428.5712890625,0,0,0,0,151214.283203125,9385.7138671875,0,0,3049.7890625,5381.71728515625,7372.35205078125,2163.37377929688,2085.71435546875,0,8993.537109375,0,13904.76171875,41714.28515625,0,7711.0595703125,6398.36328125,1683.77978515625,5680.8271484375,391.071441650391,3128.57153320313,0,2607.14294433594,0,1216.66662597656,623582.625,2862.54736328125
"NGA",3,1,"LSMS-ISA2015",2015,4,4,410,0,1,40145,4,0,0,0,3041.66674804688,0,6083.33349609375,0,0,0,1342.85717773438,0,0,0,0,5214.28564453125,0,2737.5,12500,0,29151.927734375,0,0,0,0,0,0,3258.92846679688,0,5214.28564453125,6517.85693359375,0,3910.71435546875,10428.5712890625,0,1955.35717773438,0,9124.99987792969,0,0,0,0,3910.71435546875,3258.92846679688,0,0,0,8302.4345703125,5214.2861328125,0,0,0,6788.41015625,0,0,0,0,3493.57141113281,1907.01245117188,782.142883300781,4214.07470703125,546.189086914063,4067.14306640625,0,9008.9832572937,0,1520.83337402344,153497.015625,2862.54736328125
"NGA",3,1,"LSMS-ISA2015",2015,4,4,410,3192,1,40146,4,0,9000,0,0,0,1825,0,0,4950,12270.833984375,1216.66662597656,0,18250,0,9125,0,31025,7495.83349609375,0,60368.3203125,0,0,0,0,0,0,0,651.785705566406,4562.5,0,0,6517.85693359375,9125,3910.71435546875,9125,3910.71423339844,2216.07147216797,0,0,6257.14306640625,0,11341.0714111328,0,0,0,5214.28564453125,6727.14697265625,7372.35205078125,3128.57153320313,0,0,6842.92419433594,0,0,18215.6951904297,8864.2861328125,6952.38098144531,2476.78564453125,3727.91796875,4103.3603515625,391.071441650391,7691.07116699219,0,1825.00006103516,0,2889.58349609375,299566.96875,2862.54736328125
"NGA",3,1,"LSMS-ISA2015",2015,4,4,410,3192,1,40147,9,337.962982177734,1333.33337402344,0,0,0,189.259263780382,0,0,444.444444444444,569.708984375,0,0,675.925944010417,0,1448.41265190972,0,3244.4443359375,177.777770996094,0,5069.6298828125,0,0,0,0,57936.5069444444,17380.953125,0,0,0,0,0,2896.82530381944,0,0,2607.14279513889,0,2085.71430121528,0,1274.60319010417,0,0,2259.52376302083,1738.09526909722,0,0,1318.55501302083,0,0,543.045844184028,0,2357.76388888889,0,0,0,0,11587.3020833333,3089.94704861111,1717.64702690972,289.682535807292,3039.52625868056,144.841254340278,8690.4765625,0,0,0,0,134449.0625,2862.54736328125
"NGA",3,1,"LSMS-ISA2015",2015,4,4,410,3192,1,40148,6,608.333312988281,2000,0,0,0,405.555541992188,0,0,0,608.333312988281,0,0,912.5,0,2607.14290364583,0,2433.33325195313,666.666687011719,0,19675.318359375,0,0,0,0,5017.34199721468,0,0,0,0,0,0,0,4013.87368534321,8027.74737068642,0,0,1003.4684213358,8027.74737068642,0,0,0,0,2006.93684267161,0,0,0,0,8512.67743990332,3010.40496369853,0,2041.84004569283,1341.59360227899,0,0,0,0,5351.83154301211,2238.54108282049,2153.27599510242,3279.75721286382,0,0,0,250.867105333951,0,0,86195.09375,2862.54736328125
"NGA",3,1,"LSMS-ISA2015",2015,4,4,410,3192,1,40149,3,811.111083984375,0,0,0,0,2433.33333333333,0,0,1666.66666666667,3264.28588867188,0,0,0,0,5214.28580729167,0,0,1666.66662597656,0,9636.0908203125,0,0,0,0,3476.1904296875,6952.380859375,6952.380859375,0,4692.85701497396,6083.33333333333,0,7821.42838541667,6083.33333333333,6083.33333333333,8690.47599283854,0,6604.76188151042,8690.47591145833,1738.09521484375,5214.28580729167,0,3302.38094075521,6083.33341471354,0,0,5793.650390625,0,0,0,0,0,0,0,0,0,0,0,0,0,0,0,0,0,0,0,0,118955.1484375,2862.54736328125
"NGA",3,1,"LSMS-ISA2015",2015,4,4,406,0,1,40150,1,3650,27000,0,0,0,12166.6669921875,0,0,11000,20416.666015625,0,0,0,0,31285.71484375,0,24333.333984375,6000,0,48000,0,0,0,5214.28564453125,10428.5712890625,0,13035.7138671875,0,3128.57153320313,10428.5712890625,0,18250,23464.2861328125,0,15642.8569335938,5214.28564453125,35457.1428222656,9385.7138671875,0,10428.5712890625,0,36500,0,0,0,0,0,0,2301.3779296875,0,0,0,0,0,0,0,10845.7143554688,0,1251.42858886719,0,0,0,0,250.285705566406,0,58400.00390625,453479.78125,2862.54736328125
"NGA",3,1,"LSMS-ISA2015",2015,4,4,410,3414,1,40151,3,0,2000,0,0,0,0,0,0,633.333333333333,6130.95263671875,0,0,6083.33333333333,0,6083.33333333333,0,12166.6669921875,2000,3476.1904296875,26402.421875,0,0,0,0,9038.09505208333,34761.9036458333,0,0,5214.28580729167,0,32154.7630208333,6083.33333333333,6952.380859375,3476.1904296875,3476.19059244792,9559.52376302083,11297.6193033854,0,0,3476.1904296875,10428.5712890625,10428.5716145833,6257.142578125,0,0,0,0,0,0,0,0,0,0,0,0,0,0,858.823486328125,0,0,4345.23795572917,0,0,69.5238087972005,0,1013.88891601563,223868.453125,3302.93920898438
"NGA",3,1,"LSMS-ISA2015",2015,4,4,410,3414,1,40152,3,0,0,0,0,0,1013.88891601563,0,0,0,840.476257324219,0,0,0,0,1738.09521484375,0,0,0,0,7544.26953125,0,0,0,0,0,7696.90148948446,2886.33805855667,0,0,0,0,0,4810.56333108686,2309.07055188588,962.112686185558,0,5387.83130004086,3463.60556522747,192.422545605891,2693.91565002043,0,0,5002.9862019063,0,0,0,0,0,0,0,2509.85918908559,12929.9402450954,0,0,0,0,0,384.845091211783,0,0,0,0,0,0,0,0,62367.125,3302.93920898438
"NGA",3,1,"LSMS-ISA2015",2015,4,4,410,3414,1,40153,1,1216.66662597656,14400,0,0,0,6083.33349609375,0,0,4000,6125,0,0,36500,0,26071.427734375,0,10950,800,0,63118.94921875,0,0,0,0,104285.7109375,104285.7109375,0,0,10428.5712890625,0,0,31285.71484375,0,22421.4287109375,13035.7138671875,0,10428.5712890625,26071.427734375,0,18250,23464.28515625,101678.568359375,13035.7141113281,0,0,8690.4755859375,0,0,0,0,0,0,0,0,0,0,0,47136.384765625,0,0,0,0,0,0,0,0,703763.6875,3302.93920898438
"NGA",3,1,"LSMS-ISA2015",2015,4,4,410,3414,1,40154,7,312.857147216797,857.142883300781,0,0,0,260.714285714286,0,0,0,461.836730957031,0,0,0,0,893.877580915179,0,2085.71435546875,142.857147216797,0,8358.7509765625,0,372.448974609375,0,0,1862.24483816964,7448.97935267857,2979.591796875,0,744.897984095982,0,0,0,2234.69391741071,1117.34695870536,3352.04073660714,0,1489.7958984375,1117.34695870536,1638.77553013393,1340.81626674107,0,2607.14278738839,3724.48967633929,0,0,744.89794921875,0,0,1489.79575892857,0,0,0,0,0,0,0,2284.35372488839,374.639857700893,0,0,74.4897984095982,1064.13999720982,0,1926.0933140346,0,0,53362.7734375,3302.93920898438
"NGA",3,1,"LSMS-ISA2015",2015,4,4,410,0,1,40155,5,0,0,0,0,0,486.666650390625,0,0,440,543.476196289063,0,0,0,0,2085.7142578125,0,2920,800,0,2472.97265625,0,0,0,0,2493.96301200947,3740.94459654476,0,0,0,2493.96301200947,0,0,8105.37989827765,0,0,1870.47224944426,3117.45380427712,3117.45366836947,0,0,0,1870.47229827238,0,0,0,6234.90733673894,0,0,0,0,5083.09023246836,2493.96301200947,0,0,0,997.585364473375,1396.6192885798,3416.39531365356,1213.08921754191,0,174.15940153929,1246.98150600474,0,13659.7919120928,0,243.33332824707,72718.8515625,3302.93920898438
"NGA",3,1,"LSMS-ISA2015",2015,4,4,410,3414,1,40156,2,1216.66662597656,0,0,0,0,1642.5,0,0,6100,1929.76196289063,0,0,9125,0,0,0,5475,500,0,6674.06884765625,0,0,0,0,27032.6226836316,32439.1489166447,0,0,0,0,0,21626.0985948675,0,0,9191.09181285313,0,6758.15579297821,13516.3113418158,540.652489883012,2162.60995953205,8109.78722916117,10272.397176748,9461.41837342252,0,0,0,0,0,0,0,0,18070.7215893023,0,0,0,0,0,21179.6672685417,0,0,0,0,0,0,0,0,213023.703125,3302.93920898438
"NGA",3,1,"LSMS-ISA2015",2015,4,4,410,3414,1,40157,4,0,0,0,0,0,0,0,0,340,1256.25,0,0,0,0,0,0,0,2000,0,7227.06787109375,0,0,0,3224.0577211329,3224.0577211329,16120.2882066306,0,0,0,3224.0577211329,0,0,16120.2884507712,0,0,0,5158.49242705482,3224.0577211329,0,0,0,0,0,0,0,0,0,0,5340.12908582339,0,4836.08667795411,3714.67502275774,0,0,0,644.811642583571,3828.56870376302,967.217279018033,1450.82598601609,0,241.804338240241,967.217352960963,0,145.082597486017,0,0,83255.0546875,3302.93920898438
"NGA",3,1,"LSMS-ISA2015",2015,4,4,410,3414,1,40158,9,405.555541992188,0,0,0,0,189.259263780382,0,0,1400,2127.51318359375,0,0,2703.70377604167,0,0,0,8111.111328125,2027.77783203125,0,9934.404296875,0,0,0,579.365071614583,57936.5069444444,17380.953125,5214.28559027778,0,3476.1904296875,0,0,2896.82530381944,1738.09526909722,0,0,0,2433.33333333333,8458.73003472222,0,1738.09526909722,0,8690.47607421875,579.365071614583,0,0,2896.82530381944,0,0,0,0,0,1335.05859375,0,0,1219.71603732639,1158.73025173611,3089.94704861111,971.288411458333,1322.46373155382,3156.01497395833,1375.99207899306,1738.09526909722,0,1506.34916178385,0,0,157792.046875,3302.93920898438
"NGA",3,1,"LSMS-ISA2015",2015,4,4,410,3414,1,40159,8,0,3000,0,0,0,5322.91650390625,0,0,5750,4416.369140625,0,0,3802.08325195313,0,11080.357421875,0,9125,1750,0,14756.4892578125,0,0,0,0,7821.4287109375,1955.35717773438,0,0,1694.64288330078,1955.35717773438,0,14339.2861328125,7169.64282226563,2346.42846679688,0,4171.42858886719,11666.9644165039,5866.0712890625,0,8473.21423339844,5866.0712890625,15642.8571777344,8473.21411132813,0,0,9776.7861328125,0,0,7476.76446533203,0,0,10162.177734375,2998.21435546875,0,0,2172.619140625,1911.90484619141,858.727600097656,0,0,1629.46423339844,2444.19653320313,3258.92846679688,19.5535717010498,0,2281.25,201435.765625,3302.93920898438
"NGA",3,1,"LSMS-ISA2015",2015,4,4,410,3414,1,40160,3,0,0,0,0,0,4055.5556640625,0,0,0,714.285705566406,0,0,0,0,8690.47591145833,0,0,1000,0,14285.7666015625,0,0,0,0,0,0,0,0,2911.13090206667,0,0,5458.37036540972,12736.1972517362,0,0,0,9097.28379774311,0,0,0,0,2729.18509049481,9279.22920241393,0,0,12129.710833389,13814.6372253504,10289.9430401769,14513.2743479235,0,0,21596.1600081741,0,0,0,0,4453.75627381898,4311.86879217741,909.728363498269,5727.25555144258,0,0,0,63.6809864482032,0,0,158767.484375,3302.93920898438
"NGA",3,1,"LSMS-ISA2015",2015,4,4,401,738,1,40161,6,0,0,0,0,0,3041.66666666667,0,0,1666.66666666667,2408.33325195313,0,0,0,0,5214.28580729167,0,44611.109375,1333.33337402344,0,12968.2421875,0,0,0,1898.57343973644,0,3797.14687947289,0,0,2847.86015960466,3797.14687947289,0,3797.14687947289,4746.4336586958,0,1423.93012049244,1898.57343973644,6645.00717981245,4176.86166948153,379.714705875244,1898.57343973644,0,1898.57343973644,3797.14687947289,0,0,0,8008.52715861828,0,3037.71727743009,0,0,7243.4702228285,0,0,0,2689.64574331248,1139.14402247958,1139.14402247958,569.572057436271,0,0,3085.18172132732,0,33.225035540342,0,405.555541992188,141597.53125,3963.52685546875
"NGA",3,1,"LSMS-ISA2015",2015,4,4,401,738,1,40162,6,0,4000,0,0,0,6083.33333333333,0,0,10000,7141.66650390625,10138.888671875,0,5069.4443359375,0,17380.9518229167,0,12166.6669921875,15500,0,37803.80078125,0,0,0,2607.14290364583,0,5214.28580729167,0,0,6517.85725911458,4345.23795572917,0,19119.0470377604,19119.0475260417,3128.5712890625,1738.09521484375,8255.95231119792,10776.1905924479,0,0,11297.6189778646,10428.5716145833,46059.5240885417,5214.28580729167,0,0,0,8969.529296875,0,2780.9521484375,0,0,0,0,0,0,2172.619140625,1940.873046875,0,1526.50105794271,5680.82682291667,1086.30948893229,4345.23795572917,0,39.1071421305339,0,1216.66662597656,308864.78125,3963.52685546875
"NGA",3,1,"LSMS-ISA2015",2015,4,4,401,738,1,40163,6,0,1400,0,0,0,2027.77783203125,0,0,1133.33333333333,2961.11108398438,0,0,0,0,4345.23795572917,0,4055.5556640625,1000,0,14315.8056640625,0,0,0,0,6952.380859375,5214.28580729167,0,0,3997.61901855469,3476.1904296875,0,5214.28580729167,6517.85709635417,0,4345.23795572917,0,6083.33337402344,0,217.261901855469,1738.09521484375,0,13470.23828125,6604.76171875,0,0,0,0,0,5094.31136067708,0,0,8690.47591145833,0,0,0,0,1158.73014322917,1894.01253255208,0,0,0,0,0,26.0714289347331,0,1013.88891601563,112947.859375,3963.52685546875
"NGA",3,1,"LSMS-ISA2015",2015,4,4,401,738,1,40164,3,0,0,0,0,0,283.888895670573,0,0,0,695.238098144531,0,0,0,0,5214.28580729167,0,0,0,0,13278.0986328125,0,0,0,0,0,0,0,17451.7775924098,0,9972.44416202116,0,7479.33328427629,7479.33328427629,3739.66664213814,0,0,6232.77752820705,0,5983.4666925252,3739.66664213814,0,9723.13278997398,0,0,0,0,8413.11646196968,0,2991.7333462626,8582.53455613845,5072.93884115232,0,0,0,0,0,13296.5922160282,3415.22824639854,1610.13423504522,13580.8941534015,623.277701172175,0,0,124.655556094275,0,0,148984.203125,3963.52685546875
"NGA",3,1,"LSMS-ISA2015",2015,5,9,909,0,1,40165,5,3650,20400,4380,0,0,4380,0,1216.66674804688,16000,16083.333984375,0,0,19466.6671875,0,5214.285546875,0,27253.333984375,42500,0,50000,0,0,0,0,0,5214.285546875,0,0,13244.2859375,13557.142578125,20857.1421875,2085.7142578125,10428.571484375,9072.85751953125,0,22942.856640625,17207.1427734375,1564.2857421875,10428.57109375,18771.428125,0,47971.4283203125,4171.428515625,0,0,0,8739.9078125,0,3818.912890625,0,0,0,0,0,0,2404.705859375,4154.04755859375,0,732.331518554687,0,0,2502.8572265625,0,175.2,0,4866.6669921875,435456.03125,3963.52685546875
"NGA",3,1,"LSMS-ISA2015",2015,4,4,401,738,1,40166,3,0,0,0,0,0,2027.77783203125,0,0,986.666666666667,1486.11120605469,0,0,0,0,10428.5716145833,0,4055.5556640625,4533.33349609375,0,8980.607421875,0,0,0,0,0,12166.6666666667,0,0,0,1738.09521484375,0,0,5214.28564453125,5214.28580729167,5909.52376302083,3128.57145182292,7821.42854817708,0,0,695.238118489583,0,0,695.238118489583,0,0,0,3587.8115234375,0,2159.15478515625,7180.07161458333,5214.28580729167,0,0,6517.857421875,0,0,0,1738.09521484375,0,3647.43131510417,0,0,0,4668.02726236979,0,1825,111619.6875,3963.52685546875
"NGA",3,1,"LSMS-ISA2015",2015,4,4,401,738,1,40167,4,0,0,0,0,0,1216.66662597656,0,0,2350,2239.58349609375,0,0,0,0,2607.14282226563,0,2433.33325195313,300,0,5298.662109375,0,0,0,0,0,0,0,0,0,2607.14282226563,0,3910.71435546875,4562.5,0,7039.28570556641,0,3650.00006103516,2085.71435546875,0,1303.57141113281,0,0,782.142852783203,0,0,2933.03564453125,3849.09057617188,0,2698.94360351563,0,1955.35717773438,0,0,0,3258.92846679688,0,0,8928.5908203125,625.714294433594,0,0,0,0,0,0,304.166656494141,66940.2890625,3963.52685546875
"NGA",3,1,"LSMS-ISA2015",2015,4,4,401,738,1,40168,2,0,9000,0,0,0,0,0,0,0,5258.3330078125,0,0,0,0,10428.5712890625,0,12166.6669921875,2000,0,58551.58984375,0,0,0,0,0,8754.36544141844,7587.11646391105,0,5836.24348593121,5836.24348593121,0,14590.608619971,8754.36544141844,0,5836.24348593121,2918.12174296561,18967.7916480589,0,0,5836.24348593121,0,0,0,0,0,0,9035.4685900741,0,0,0,0,8564.05239013099,0,0,11672.4869718624,0,6030.7852474024,2772.21560496768,6419.86809675522,12247.4862415499,0,4168.74559575135,0,13462.2690291318,0,1520.83337402344,258216.734375,3963.52685546875
"NGA",3,1,"LSMS-ISA2015",2015,4,4,401,738,1,40169,2,0,9000,0,0,0,9125,0,0,2000,1621.42858886719,0,0,0,0,5214.28564453125,912.5,0,1500,0,44704.8203125,0,0,0,0,130357.140625,26071.427734375,0,0,0,9125,0,0,18249.9995117188,18250,54749.9986572266,0,7560.71423339844,6517.85693359375,0,16946.427734375,0,0,1303.57141113281,0,0,3476.1904296875,0,0,0,0,0,0,0,0,0,0,1738.09521484375,2862.42553710938,0,0,0,0,0,0,0,0,371286.90625,3963.52685546875
"NGA",3,1,"LSMS-ISA2015",2015,4,4,401,738,1,40170,2,0,15000,0,0,0,6083.33349609375,0,0,2800,5316.66650390625,0,0,0,0,13035.7138671875,0,5779.16650390625,1500,0,11430.923828125,0,0,0,5214.28564453125,4171.4287109375,0,5214.28564453125,0,5866.07135009766,0,0,0,15642.857421875,1825,12514.2857666016,0,7821.42846679688,0,1042.85717773438,1825,0,26071.4287109375,3910.71423339844,0,0,0,0,0,0,0,0,0,0,0,0,0,0,0,1303.57141113281,0,0,0,0,0,0,0,153369.015625,3963.52685546875
"NGA",3,1,"LSMS-ISA2015",2015,4,4,421,800,1,40171,6,1013.88891601563,0,0,6083.33333333333,0,1013.88891601563,0,0,1226.66666666667,2093.0556640625,0,0,7097.22200520833,0,4779.76204427083,0,6488.88916015625,1000,0,3190.94506835938,0,0,0,1738.09521484375,2433.33333333333,0,0,0,4866.66662597656,5214.28564453125,0,6083.33333333333,3476.1904296875,3302.38094075521,3650,2172.61901855469,3563.09517415365,3128.5712890625,0,1824.99997965495,0,11992.8570963542,1738.09521484375,0,0,0,0,0,3598.59147135417,0,0,0,0,0,11732.1432291667,0,1052.3623046875,0,417.142862955729,0,217.261881510417,0,0,391.071441650391,0,344.722229003906,106925.46875,6361.21630859375
"NGA",3,1,"LSMS-ISA2015",2015,4,4,421,800,1,40172,5,973.333312988281,0,0,2433.3333984375,0,973.33330078125,0,0,200,3514.47607421875,0,0,0,0,6257.14296875,0,5840,2400,0,5781.654296875,0,0,0,0,5214.285546875,6257.14296875,0,0,208.571435546875,0,0,0,6778.57138671875,0,2085.7142578125,1042.85712890625,2815.7142578125,2920,0,0,0,17937.1427734375,208.571435546875,0,0,8031.040625,0,0,2884.4984375,0,0,0,0,0,12514.2859375,0,1441.228515625,0,625.714306640625,0,0,0,0,4044.79615478516,0,0,103383.421875,6361.21630859375
"NGA",3,1,"LSMS-ISA2015",2015,4,4,421,0,1,40173,8,684.375,750,0,0,0,912.5,0,0,975,2429.97021484375,0,0,2129.16674804688,0,9776.7861328125,0,3345.83325195313,75,0,5448.265625,0,0,0,0,6517.85693359375,3910.71435546875,0,0,2346.42846679688,651.785705566406,0,4562.5,4562.5,1564.28576660156,3063.39282226563,0,3975.89286804199,3910.71435546875,782.142883300781,1564.28576660156,0,16946.428527832,4953.57150268555,0,0,0,0,0,1943.71813964844,0,0,2828.50415039063,0,0,0,0,0,1454.00598144531,0,0,0,0,0,0,0,0,92065.625,6361.21630859375
"NGA",3,1,"LSMS-ISA2015",2015,4,4,421,800,1,40174,4,760.416687011719,0,0,1216.66662597656,0,5262.08349609375,0,0,2725,2864.04760742188,0,0,3650,0,3128.57153320313,0,12166.6669921875,0,1825,14712.0361328125,0,0,0,3863.9212735519,4057.11741383371,8693.82289013473,3863.9212735519,0,4829.90159389807,8693.82289013473,25115.487153667,965.980318387974,18353.6256663504,2511.54882131358,3863.9212735519,10046.1954073246,15262.489373339,4829.90150234534,1159.17643011041,10239.391280781,15455.6853383482,30524.9783804672,12364.547855965,0,0,0,0,0,0,0,0,0,0,0,0,0,3863.9212735519,0,0,0,0,0,0,0,0,0,236869.875,6361.21630859375
"NGA",3,1,"LSMS-ISA2015",2015,4,4,421,800,1,40175,6,811.111083984375,600,0,709.722249348958,0,851.666666666667,0,0,466.666666666667,1379.08728027344,0,0,0,0,1738.09521484375,0,3650,666.666687011719,260.714294433594,800,0,0,0,869.047607421875,17380.9518229167,8690.47591145833,5214.28580729167,0,1738.09521484375,3910.71419270833,0,0,6952.380859375,2085.71435546875,3476.1904296875,0,1564.28572591146,4345.23795572917,434.523803710938,1303.57145182292,0,3563.09525553385,6083.33317057292,0,0,0,0,0,0,0,0,0,0,0,0,0,0,3250.00528971354,0,0,0,0,0,0,0,811.111083984375,83606.734375,6361.21630859375
"NGA",3,1,"LSMS-ISA2015",2015,4,4,421,800,1,40176,5,0,1200,0,730,0,1216.66669921875,0,0,9080,3709.33325195313,0,0,7300,0,10428.57109375,0,12410,4400,521.428564453125,66902.4921875,0,0,0,3923.74548611529,12817.568369262,10463.3209838581,9155.40597804432,0,6408.78400892573,7847.49087457432,0,11117.2785355931,9155.40597804432,9678.57216783944,2615.83024596452,6539.57577110432,11248.0700928455,3138.99643575963,784.749108939908,7062.74160948886,10463.3209838581,42376.4503597543,6539.5759175887,0,0,0,0,0,0,0,0,29939.8823916714,0,0,0,0,2615.83048030154,2871.9635954192,0,0,0,0,0,0,0,365,325028.0625,6361.21630859375
"NGA",3,1,"LSMS-ISA2015",2015,4,4,421,800,1,40177,2,6083.33349609375,3000,0,0,0,12166.6669921875,0,0,500,15119.0478515625,0,0,18250,0,15642.857421875,0,24333.33203125,8000,0,75029.8828125,0,0,0,0,0,0,0,0,3910.71435546875,13035.7138671875,0,26071.427734375,27375,0,0,0,33110.71484375,0,0,13035.7143554688,0,28678.5712890625,0,0,0,17380.951171875,20181.439453125,29489.408203125,15642.85546875,0,0,15642.857421875,0,0,0,0,6952.38110351563,7560.71411132813,2085.71435546875,11361.654296875,0,0,0,18028.3950881958,0,6083.33349609375,473752.6875,6361.21630859375
"NGA",3,1,"LSMS-ISA2015",2015,4,4,421,800,1,40178,4,608.333312988281,2100,0,608.333312988281,0,608.333312988281,0,0,2500,2614.58325195313,0,0,0,0,2607.14282226563,0,15208.3330078125,0,0,142093.78125,0,0,0,0,91250,0,4692.85693359375,0,0,0,0,0,4562.5,0,0,0,1303.57141113281,0,0,0,0,8342.85705566406,4692.85693359375,0,0,5504.54345703125,0,7372.35205078125,1825,0,2652.484375,3003.8818359375,0,0,0,0,3476.1904296875,0,2953.70211791992,7101.03369140625,0,0,0,130.357147216797,0,0,317813,6361.21630859375
"NGA",3,1,"LSMS-ISA2015",2015,4,4,421,800,1,40180,1,0,0,0,0,0,7300,0,0,6800,4371.66650390625,0,0,0,0,26071.427734375,0,24333.333984375,0,0,114965.53125,0,0,0,0,0,10428.5712890625,0,0,0,0,0,0,0,4171.4287109375,0,22942.857421875,0,0,0,15121.4287109375,0,101678.5703125,0,0,0,17614.5390625,0,0,0,0,0,0,0,0,0,0,695.238098144531,0,0,0,0,0,0,0,0,0,356494.5625,6361.21630859375
"NGA",3,1,"LSMS-ISA2015",2015,4,4,411,1486,1,40181,7,521.428588867188,5142.85693359375,0,3476.19056919643,0,1303.57142857143,0,0,285.714285714286,1272.61901855469,0,0,13904.7622767857,0,0,0,20857.142578125,4607.14306640625,0,16864.55859375,0,0,0,1117.34695870536,0,7448.97935267857,0,0,893.877580915179,5959.18373325893,0,8938.77566964286,3724.48981584821,0,2607.14289202009,744.89794921875,3128.57142857143,0,0,595.918387276786,7448.97935267857,24209.1834193638,1489.7958984375,0,0,0,6150.53404017857,0,0,0,0,0,0,0,0,0,830.200823102679,4438.66071428571,0,0,0,2234.69391741071,0,1883.19522530692,0,0,152080.421875,7266.46630859375
"NGA",3,1,"LSMS-ISA2015",2015,4,4,411,1486,1,40182,4,0,3000,0,0,0,4562.5,0,0,1350,1719.04760742188,0,0,0,0,5214.28564453125,0,15208.3330078125,1250,1303.57141113281,15779.7373046875,0,0,0,0,3650,0,2998.21435546875,0,1303.57141113281,0,0,7821.4287109375,2607.14282226563,1042.85717773438,3910.71423339844,0,4171.42858886719,0,651.785705566406,3910.71435546875,0,3258.92846679688,2607.14282226563,0,0,2541.49072265625,0,0,5408.43505859375,0,0,3003.8818359375,0,0,0,0,0,2694.38421630859,521.428588867188,0,0,0,0,2904.52020263672,0,456.25,104851.796875,7266.46630859375
"NGA",3,1,"LSMS-ISA2015",2015,4,4,411,1486,1,40183,5,121.666664123535,7200,0,0,0,6813.33359375,0,0,4320,1295.95239257813,0,0,0,0,4171.428515625,0,12653.333984375,1200,0,19328.55859375,0,0,0,0,6257.14296875,4171.428515625,3128.571484375,0,1564.2857421875,2085.7142578125,0,0,5214.285546875,834.2857421875,0,1042.85712890625,2398.57143554687,2085.7142578125,0,2294.2857421875,0,13557.1430664063,0,0,0,0,0,0,0,0,0,0,0,0,0,0,2050.95244140625,0,625.714306640625,0,0,0,0,312.857153320312,0,1216.66674804688,105944.7578125,7266.46630859375
"NGA",3,1,"LSMS-ISA2015",2015,4,4,411,1486,1,40184,5,365,720,0,0,0,730,0,0,400,573.571411132813,0,0,0,0,10428.57109375,0,9733.333984375,320,0,27125.05078125,0,0,0,1042.85712890625,4171.428515625,10950,1042.85712890625,0,3545.71435546875,2607.14287109375,0,6257.14296875,6778.57109375,625.714306640625,2085.7142578125,0,4171.428515625,1564.2857421875,417.14287109375,3754.2857421875,0,10428.5715332031,2607.14282226563,0,0,0,0,0,0,0,0,0,0,0,0,0,0,1981.428515625,1042.85712890625,0,0,0,0,0,0,0,115469.8125,7266.46630859375
"NGA",3,1,"LSMS-ISA2015",2015,4,4,411,1486,1,40185,1,2433.33325195313,3600,0,0,0,14600,0,0,5400,5715,0,0,0,0,52142.85546875,0,60833.33203125,4000,0,38515.75390625,0,0,0,5214.28564453125,10428.5712890625,0,5214.28564453125,0,16164.2860107422,0,0,26071.427734375,57357.14453125,4171.4287109375,23464.2854003906,20857.142578125,20857.142578125,7821.4287109375,46928.5703125,15642.857421875,0,103242.857910156,10428.5715332031,0,0,0,0,0,0,0,0,26071.427734375,0,0,0,0,0,15631.9936523438,5214.28564453125,0,0,0,0,0,0,1216.66662597656,609238.9375,7266.46630859375
"NGA",3,1,"LSMS-ISA2015",2015,4,4,411,1486,1,40186,3,1622.22216796875,0,0,0,0,1622.22216796875,0,0,1466.66666666667,2566.66674804688,0,0,0,0,26071.4296875,0,25955.5546875,200,0,38321.84375,0,0,0,0,6952.380859375,3476.1904296875,8342.857421875,0,7647.61881510417,0,0,10428.5711263021,8690.47591145833,695.238118489583,6952.380859375,0,5561.90478515625,1738.09521484375,347.619059244792,6778.57145182292,6952.380859375,49014.2853190104,6430.95255533854,0,0,0,0,0,0,0,0,0,0,0,0,0,1042.85717773438,3302.380859375,0,0,0,0,0,0,0,0,232181.375,7266.46630859375
"NGA",3,1,"LSMS-ISA2015",2015,4,4,411,1486,1,40187,1,6083.33349609375,12000,0,0,0,4866.66650390625,0,0,800,13254.76171875,0,0,4866.66650390625,0,10428.5712890625,0,24333.333984375,1400,0,419779.15625,0,0,0,0,0,22718.6632504312,8519.49896305232,0,17038.9979261046,11359.3316252156,0,22718.6632504312,39757.6601999733,0,0,2839.8329063039,19310.8640742032,10223.3981088048,0,6247.63257081318,0,2839.8329063039,11359.3316252156,0,0,0,11724.0817949762,0,0,0,0,0,0,0,0,4543.73338698538,8898.14319899843,35460.6808514323,5679.6658126078,0,851.949911367909,6815.59929094328,0,567.966607578606,0,1216.66662597656,748504.6875,7266.46630859375
"NGA",3,1,"LSMS-ISA2015",2015,4,4,411,1486,1,40188,2,4866.66650390625,6000,0,0,0,3041.66674804688,0,0,0,5727.380859375,0,0,0,0,0,0,2433.33325195313,1500,0,39913.63671875,0,0,0,0,0,16130.6866685169,0,0,5376.89538012042,0,0,5376.89538012042,13442.2382128062,2150.75825369186,0,0,8871.87747551952,6452.27475442984,537.689563422965,2150.75825369186,0,0,7527.65362716655,0,0,13442.2382128062,8324.32192322581,0,5376.8948785477,0,1881.91340679164,10753.7907602408,0,0,0,0,6093.81477545741,1075.37912684593,2688.44769006021,0,0,0,0,322.613731950263,0,0,181459.8125,7266.46630859375
"NGA",3,1,"LSMS-ISA2015",2015,4,4,411,1486,1,40189,4,1216.66662597656,3000,0,0,0,1825,0,0,950,4453.6904296875,0,0,3954.16674804688,0,10428.5712890625,0,5475,0,0,56705.703125,0,0,0,0,7821.4287109375,5214.28564453125,0,0,2607.14282226563,0,0,6517.85693359375,9776.78564453125,1564.28576660156,5996.42846679688,0,4823.21438598633,3258.92846679688,260.714294433594,1564.28576660156,0,22942.8571777344,3910.71441650391,0,0,5024.181640625,0,0,5160.2109375,0,0,5866.07080078125,0,0,0,0,0,0,651.785705566406,0,0,0,0,0,0,0,180969.96875,7266.46630859375
"NGA",3,1,"LSMS-ISA2015",2015,4,4,411,1486,1,40190,6,1013.88891601563,2000,0,0,0,811.111083984375,0,0,633.333333333333,1533.01599121094,0,0,0,0,4345.23795572917,0,1622.22216796875,0,0,10519.8251953125,0,0,0,0,4171.4287109375,0,2085.71435546875,0,1303.57145182292,0,0,3476.1904296875,2172.61897786458,0,2259.52376302083,0,2346.42858886719,1738.09521484375,0,0,0,9820.23795572917,5648.8096110026,0,0,3349.45442708333,0,0,0,0,0,2607.14290364583,0,0,0,0,926.984130859375,0,869.047607421875,0,0,0,0,0,0,0,65253.8828125,7266.46630859375
"NGA",3,1,"LSMS-ISA2015",2015,4,4,401,2106,0,40191,1,0,36000,0,0,0,4866.66650390625,0,0,1540,3325,0,0,0,0,0,0,4866.66650390625,4000,0,46825.48046875,0,0,0,0,0,15642.857421875,0,0,0,5214.28564453125,0,15642.857421875,26071.427734375,0,8342.85717773438,2607.14282226563,18249.9997558594,20857.142578125,0,0,0,0,0,0,0,0,6598.44140625,0,0,12565.125,5168.94384765625,0,0,13035.7138671875,41714.28515625,0,4171.4287109375,8082.142578125,2607.14282226563,0,0,0,0,16350.5104370117,0,0,324346.09375,3523.13500976563
"NGA",3,1,"LSMS-ISA2015",2015,4,4,401,2106,0,40192,5,0,0,0,0,0,365,0,0,1600,1940,0,0,0,0,6257.14296875,486.666650390625,9733.333984375,1600,0,5261.72119140625,0,0,0,0,0,8342.85703125,0,0,4797.14282226563,0,0,20857.1421875,8864.285546875,0,2607.1427734375,0,14182.85703125,0,625.714306640625,2085.7142578125,1564.2857421875,18771.428515625,0,0,0,10428.57109375,6598.44140625,0,4745.27724609375,0,0,14214.59609375,0,9269.840625,0,3476.190625,1390.476171875,4620.6953125,1042.85712890625,6565.3765625,0,9125.00048828125,2085.7142578125,8330.86623840332,0,730,192566.34375,3523.13500976563
"NGA",3,1,"LSMS-ISA2015",2015,4,4,401,2106,0,40193,8,0,1500,0,0,0,912.5,0,0,2250,742.708312988281,0,0,7604.16650390625,0,1955.35717773438,760.416687011719,2661.45825195313,1450,0,3288.57568359375,0,0,0,0,3611.20023592771,0,2257.00011693724,0,3009.3334689046,0,0,3761.666640057,3761.666640057,4890.16672789794,1504.66668924856,0,3385.50008499838,1880.8333200285,752.33334462428,5642.50026297077,0,3385.50008499838,1128.50001326488,0,0,0,0,0,0,0,0,0,0,0,0,0,702.177775619424,19322.1552847285,0,0,0,0,0,0,0,0,82120.390625,3523.13500976563
"NGA",3,1,"LSMS-ISA2015",2015,4,4,401,2106,0,40194,3,0,1600,0,2433.33333333333,0,2027.77783203125,0,0,0,347.619049072266,0,0,0,0,3476.1904296875,0,19466.666015625,0,0,21667.396484375,0,0,0,0,0,8690.47591145833,0,0,0,0,0,5214.28580729167,0,0,4345.23795572917,1390.47623697917,3476.1904296875,0,0,1216.66666666667,0,4519.04768880208,869.047607421875,0,0,3296.3876953125,6278.669921875,0,2085.71435546875,0,3536.64583333333,1990.515625,0,0,4116.54134114583,0,1622.22216796875,0,2596.60896809896,3787.21809895833,0,10533.9108072917,0,17.3809521993001,0,0,120602.2265625,3523.13500976563
"NGA",3,1,"LSMS-ISA2015",2015,4,4,401,2106,0,40195,2,0,3000,0,0,0,1216.66662597656,0,0,1000,8820.833984375,0,0,2433.33325195313,0,0,0,36500,0,0,290081.875,0,0,0,0,260714.28125,169464.28125,0,52142.85546875,0,0,0,0,0,0,117321.4296875,0,2085.71435546875,0,0,18250,0,17467.8571777344,13035.7138671875,0,0,0,0,0,2443.70629882813,0,7821.4287109375,6007.763671875,0,7995.23779296875,0,39107.14453125,4171.4287109375,2622.47900390625,3128.57153320313,9574.5068359375,0,7821.4287109375,0,6309.28592300415,0,0,1090537.75,3523.13500976563
"NGA",3,1,"LSMS-ISA2015",2015,4,4,401,2106,0,40196,1,0,7200,0,0,0,18250,0,0,0,15350,0,0,36500,0,20857.142578125,0,24333.333984375,6000,0,70715.4296875,0,0,0,0,0,0,0,0,0,15642.857421875,0,31285.71484375,36500,0,0,10428.5712890625,39107.1430664063,0,0,10428.5712890625,0,20857.142578125,0,0,0,17380.951171875,16145.150390625,20857.142578125,10092.7731933594,0,0,24031.0546875,0,0,0,0,10776.1909179688,18082.009765625,3128.57153320313,13677.8681640625,0,18250.0009765625,0,14193.9900970459,0,2433.33325195313,532505,3523.13500976563
"NGA",3,1,"LSMS-ISA2015",2015,4,4,401,2106,0,40197,3,0,20000,0,0,0,12166.6666666667,0,0,7333.33333333333,16785.712890625,0,0,36500,0,8690.47591145833,0,24333.333984375,11111.1123046875,0,28478.59375,0,0,0,0,0,52142.859375,0,35630.9519856771,0,0,0,0,13904.76171875,0,8342.85709635417,6430.95231119792,6083.33325195313,0,0,4171.4287109375,0,0,0,0,0,5214.2861328125,6278.669921875,0,0,0,3445.96256510417,2323.75764973958,7995.23828125,8690.47591145833,29730.576171875,4519.04801432292,5967.46012369792,0,3848.03743489583,4559.28938802083,434.523763020833,2085.71435546875,0,2172.61912027995,0,6083.33349609375,385455.375,3523.13500976563
"NGA",3,1,"LSMS-ISA2015",2015,4,4,401,2106,0,40198,9,0,10138.888671875,0,540.74072265625,0,270.370361328125,0,0,0,637.301574707031,0,0,0,0,0,0,3244.4443359375,0,0,7222.46533203125,0,0,0,0,34761.90625,0,0,0,0,0,0,0,1448.41265190972,0,0,0,926.984130859375,2896.82530381944,0,0,0,869.047634548611,2085.71419270833,0,0,858.335611979167,0,4914.90104166667,543.045844184028,0,0,1335.05859375,0,0,0,0,1544.97352430556,0,289.682535807292,0,0,0,0,11.5873014662001,0,0,74540.6953125,3523.13500976563
"NGA",3,1,"LSMS-ISA2015",2015,4,4,401,2106,0,40199,5,0,0,0,0,0,4866.666796875,0,0,200,3170,0,0,0,0,3128.571484375,0,9246.6669921875,4000,0,5660.96044921875,0,0,0,0,0,0,0,0,6257.14296875,4171.428515625,0,6257.14296875,15642.85703125,0,0,2607.1427734375,9385.7142578125,7508.57109375,0,3128.571484375,0,15121.4287109375,8968.57109375,0,0,0,5278.753125,5897.881640625,7791.39423828125,0,0,11652.79453125,0,0,0,0,1668.571484375,3545.7142578125,1042.85712890625,0,1303.57138671875,7300.000390625,0,41.7142852783203,0,0,154844.671875,3523.13500976563
"NGA",3,1,"LSMS-ISA2015",2015,4,4,401,2106,0,40200,5,0,2400,0,0,0,12166.66640625,0,0,1680,800,0,0,48666.665625,0,5214.285546875,0,20440,21800,0,25919.607421875,0,0,0,0,5214.285546875,0,0,0,6257.1427734375,2607.1427734375,0,18771.428125,4171.428515625,10428.571484375,4171.428515625,1042.85712890625,8342.85708007813,3754.285546875,521.428564453125,6465.714453125,0,21378.5707519531,1564.28569335938,0,0,1738.0951171875,0,4171.428515625,0,0,0,0,0,0,0,3476.190625,0,2289.9404296875,0,0,0,0,0,0,0,0,245454.296875,3523.13500976563
"NGA",3,1,"LSMS-ISA2015",2015,4,4,402,1080,0,40201,2,0,0,0,0,0,1216.66662597656,0,0,2000,2179.76196289063,0,0,6083.33349609375,0,7821.4287109375,0,6083.33349609375,4150,0,49670.625,0,0,0,0,0,13035.7138671875,0,0,0,0,0,5214.28564453125,20857.142578125,1564.28576660156,0,0,14339.2856445313,0,0,1303.57141113281,0,13296.4283447266,6778.5712890625,0,0,0,6598.44140625,0,8342.85668945313,0,0,12700.35546875,26071.427734375,0,0,0,6952.380859375,12396.2651367188,5214.28564453125,4260.6201171875,0,0,0,0,0,608.333312988281,238739.390625,8807.837890625
"NGA",3,1,"LSMS-ISA2015",2015,4,4,402,1080,0,40202,4,0,0,0,0,0,1216.66662597656,0,0,1400,818.6904296875,0,0,9125,0,4562.5,0,3650,0,0,6155.17236328125,0,0,0,0,0,8603.5712890625,0,0,3128.57141113281,0,0,10428.5712890625,0,0,0,0,3650.00006103516,5866.0712890625,0,1042.85717773438,0,2346.42846679688,4953.57147216797,0,0,5024.181640625,6598.44140625,0,3650,0,0,5214.28564453125,0,0,0,0,1564.28564453125,2908.01196289063,2114.32928466797,0,0,0,0,0,0,0,94021.1953125,8807.837890625
"NGA",3,1,"LSMS-ISA2015",2015,4,4,402,1080,0,40203,2,0,0,0,0,0,6083.33349609375,0,0,8900,6384.04736328125,0,0,10950,0,14339.2861328125,0,8516.6669921875,0,0,10352.1533203125,0,0,0,3128.57153320313,9385.7138671875,4953.5712890625,3650,0,5214.28576660156,3910.71423339844,0,13035.7138671875,9125,3910.71435546875,0,0,7430.3571472168,2607.14282226563,1042.85717773438,3910.71435546875,0,13557.1428222656,16425.0006103516,0,0,0,0,0,0,0,0,0,0,0,0,0,5040.47631835938,0,0,0,0,0,0,0,0,0,171853.46875,8807.837890625
"NGA",3,1,"LSMS-ISA2015",2015,4,4,402,1080,0,40204,1,0,0,0,0,0,1825,0,0,0,60,0,0,0,0,10428.5712890625,0,0,0,0,33856.6484375,0,0,0,0,12514.2861328125,10428.5712890625,0,0,0,0,0,0,23464.2856445313,0,23985.7138671875,0,9125.00006103516,5214.28564453125,0,0,0,0,8864.28588867188,0,0,14049.603515625,0,0,7300,0,0,0,0,0,0,0,0,0,0,0,0,0,0,0,0,0,161116.25,8807.837890625
"NGA",3,1,"LSMS-ISA2015",2015,4,4,402,1080,0,40206,4,0,0,0,0,0,1216.66662597656,0,0,1600,820.714294433594,0,0,1825,0,10428.5712890625,0,6083.33349609375,250,0,3676.630859375,0,0,0,1303.57141113281,6517.85693359375,7821.4287109375,0,0,9385.71447753906,5214.28564453125,0,26071.427734375,19553.5712890625,782.142883300781,2607.14282226563,0,10689.2856445313,1303.57141113281,0,4627.67852783203,2607.14282226563,11210.7141723633,651.785705566406,0,0,0,0,0,2786.13891601563,0,0,0,0,0,0,0,0,651.785705566406,0,0,0,0,0,1610.94763183594,0,0,141297.09375,8807.837890625
"NGA",3,1,"LSMS-ISA2015",2015,4,4,402,1080,0,40207,6,0,0,0,0,0,1520.83333333333,0,0,500,1744.64294433594,0,0,8111.111328125,0,3476.1904296875,0,6083.33349609375,1333.33337402344,1564.28564453125,2914.99389648438,0,0,0,0,2737.5,0,1998.8095703125,0,1303.57145182292,869.047607421875,0,5648.80924479167,4345.23795572917,0,1042.85717773438,0,3302.38094075521,2172.61897786458,434.523803710938,0,0,9559.52360026042,2867.85709635417,0,0,3296.3876953125,0,4914.9013671875,0,0,0,0,0,0,0,2896.82552083333,1663.80574544271,0,0,0,0,3258.9287109375,0,173.809529622396,0,405.555541992188,80141.671875,8807.837890625
"NGA",3,1,"LSMS-ISA2015",2015,4,4,402,1080,0,40208,5,0,0,0,0,0,1216.66669921875,0,0,3200,2815.95239257813,0,0,4380,0,4171.428515625,0,7300,4000,0,2446.84350585938,0,0,0,0,3650,5214.285546875,0,0,4692.85703125,0,0,5214.285546875,0,2502.8572265625,0,0,3128.57138671875,0,0,2502.8572265625,0,521.428564453125,0,0,0,3955.665234375,0,0,18502.6015625,0,0,0,10428.57109375,0,1536.84208984375,0,2771.56665039063,1953.07041015625,2920,5680.826953125,0,5214.285546875,0,6018.7755859375,0,1460,117400.2421875,8807.837890625
"NGA",3,1,"LSMS-ISA2015",2015,4,4,402,1080,0,40209,1,0,0,0,0,0,8516.6669921875,0,0,0,1121.42858886719,0,0,0,0,0,0,0,10000,0,27687.515625,0,0,0,0,0,0,11355.9650643646,2838.99126609116,0,0,0,0,34067.8952535714,0,0,0,18169.5442001936,0,0,0,0,0,7381.37723998501,0,0,8516.97405753349,11720.6071205572,16055.9236878391,0,0,17033.948115067,11355.9650643646,0,0,0,4542.38678191265,9084.77246630772,14335.5150272096,15444.1125212249,8936.5293547747,851.697422496195,6813.57937996956,0,283.899139572116,0,608.333312988281,246723.640625,8807.837890625
"NGA",3,1,"LSMS-ISA2015",2015,4,4,402,1080,0,40210,1,0,0,0,0,0,18250,0,0,9800,1000,0,0,12166.6669921875,0,15642.857421875,0,12166.6669921875,400,0,1003871,0,0,0,0,0,16723.292242537,0,0,0,0,0,16723.292242537,39021.0133983789,1672.32925125031,0,2787.21527946326,18116.8994708632,6689.31700500123,0,9476.53200158574,0,15050.9630746189,0,0,0,0,11506.853074178,0,4459.54413867721,5016.98734880186,11342.7541021337,17532.8561682355,0,0,0,3344.65850250062,10108.3007234443,3738.14763907957,14493.5196461791,0,1114.88616319597,5016.98734880186,0,668.931686356186,0,0,1287902.5,8807.837890625
"NGA",3,1,"LSMS-ISA2015",2015,4,4,403,836,0,40211,4,0,0,0,4562.5,0,2129.16674804688,0,0,625,956.25,0,0,4562.5,0,5214.28564453125,0,3650,400,0,36766.6796875,0,0,0,0,0,0,3910.71435546875,0,2607.14282226563,1303.57141113281,0,3910.71435546875,14339.2854003906,1042.85717773438,2607.14282226563,651.785705566406,4823.21435546875,3128.57153320313,521.428588867188,5214.28588867188,0,13296.4284667969,6648.21417236328,0,0,0,3299.220703125,11058.52734375,2607.142578125,0,0,9193.66577148438,0,0,3872.37377929688,0,1798.92834472656,0,5043.81890869141,0,0,0,0,0,0,304.166656494141,160049.578125,4159.2568359375
"NGA",3,1,"LSMS-ISA2015",2015,4,4,403,836,0,40212,5,0,0,0,0,0,1946.6666015625,0,0,1720,1798.57153320313,0,0,2433.3333984375,0,4171.428515625,486.666650390625,2433.33349609375,2016.66674804688,0,29413.34375,0,0,0,0,3754.285546875,0,2085.7142578125,0,3128.571484375,2085.7142578125,0,2085.7142578125,5214.285546875,1251.42861328125,5214.28564453125,521.428564453125,5631.428515625,3754.285546875,625.714306640625,2294.2857421875,0,4380.00009765625,0,0,0,0,0,11795.76328125,3174.6474609375,0,0,2510.6232421875,0,0,9293.69765625,0,278.095239257813,0,4746.918359375,0,0,0,0,182.5,0,365,120794.390625,4159.2568359375
"NGA",3,1,"LSMS-ISA2015",2015,4,4,403,836,0,40213,1,0,0,0,0,0,1825,0,0,0,840,0,0,0,0,0,0,0,0,0,26401.224609375,0,0,0,3128.57153320313,0,10428.5712890625,0,0,9385.71447753906,0,0,26071.427734375,10428.5712890625,0,1042.85717773438,0,5735.71423339844,7821.4287109375,2085.71435546875,3128.57153320313,0,0,45364.28515625,0,0,0,0,0,14422.4921875,0,0,0,0,0,0,0,2780.95239257813,0,5214.28564453125,0,0,0,0,0,0,0,176105.375,4159.2568359375
"NGA",3,1,"LSMS-ISA2015",2015,4,4,403,836,0,40214,1,1216.66662597656,0,0,17033.333984375,0,18250,0,0,0,7171.4287109375,0,0,0,0,15642.857421875,0,12166.6669921875,6000,0,35763.08984375,0,0,0,0,16382.4347878117,8191.21739390583,0,0,5460.81141625947,2730.40570812974,0,10921.6228325189,13652.0282711321,2184.32466923524,0,2730.40570812974,5460.81141625947,5460.81141625947,0,4368.64933847048,0,0,0,0,0,0,0,0,0,0,0,0,0,0,0,0,2912.43281093344,0,12559.866715459,0,0,0,0,7576.87663456603,0,1825,215661.734375,4159.2568359375
"NGA",3,1,"LSMS-ISA2015",2015,4,4,403,836,0,40215,1,243.33332824707,0,0,19466.666015625,0,7908.33349609375,0,0,6000,2520,0,0,0,0,23464.28515625,0,0,8000,10428.5712890625,28865.322265625,0,0,0,0,0,31285.71484375,0,0,6257.14306640625,31285.71484375,0,15642.857421875,31285.71484375,0,10428.5712890625,7821.42846679688,7821.42846679688,10428.5712890625,0,0,0,2607.14282226563,15642.8569335938,0,0,6099.578125,4398.9609375,0,4326.74755859375,0,0,6276.55810546875,0,0,0,0,0,0,3128.57153320313,0,0,0,0,42496.4280395508,0,1825,345955.5,4159.2568359375
"NGA",3,1,"LSMS-ISA2015",2015,4,4,403,836,0,40216,5,730,0,0,7300,0,1946.6666015625,0,0,1480,7322.61865234375,851.666687011719,0,7300,0,15642.8578125,0,8760,800,0,3444.46411132813,0,0,0,1251.42861328125,2502.8572265625,8342.85703125,2607.1427734375,0,2085.7142578125,2085.7142578125,0,6257.14296875,8864.285546875,834.2857421875,0,1042.85712890625,5944.2857421875,0,0,834.2857421875,0,0,3128.571484375,0,0,0,0,0,0,0,0,0,0,0,0,0,2190,0,0,4544.66171875,0,0,0,312.857153320312,0,973.333312988281,109380.546875,4159.2568359375
"NGA",3,1,"LSMS-ISA2015",2015,4,4,403,836,0,40217,1,0,0,0,0,0,1825,0,0,0,0,0,0,0,0,0,0,0,0,0,6347.0712890625,0,0,0,0,0,0,0,0,0,0,0,0,10536.2102385059,0,0,0,3160.86309655764,5268.10511925296,0,0,0,0,6321.7264372559,0,0,0,8155.89662917701,10536.2102385059,11657.0840368484,0,7902.15792302006,3938.89491782344,0,0,0,0,4214.48429249027,0,5268.10511925296,0,0,0,0,790.215804656988,0,0,85922.0234375,4159.2568359375
"NGA",3,1,"LSMS-ISA2015",2015,4,4,403,836,0,40218,7,0,0,0,0,0,1042.85714285714,0,0,1685.71428571429,34.2857131958008,0,0,834.285714285714,0,7448.97935267857,0,13209.5244140625,714.285705566406,744.89794921875,5932.11083984375,0,0,0,1862.24483816964,5214.28571428571,0,744.89794921875,0,2607.14278738839,1489.7958984375,0,3724.48967633929,7300,595.918387276786,2830.61223493304,1117.34692382813,893.877580915179,0,0,1825,4618.36732700893,25550.0002092634,1489.79593331473,0,0,0,0,0,698.201799665179,0,0,0,0,0,0,0,0,0,1117.34695870536,0,0,0,0,0,0,0,95326.2734375,4159.2568359375
"NGA",3,1,"LSMS-ISA2015",2015,4,4,403,836,0,40220,3,1216.66662597656,0,0,0,0,1825,0,0,1266.66666666667,900.952392578125,0,0,0,0,10428.5716145833,0,20277.779296875,266.666656494141,0,3600,0,0,0,1756.11820153808,2809.78925461639,10536.7095379945,1756.11820153808,0,3336.62469571883,878.059100769042,0,8780.59084330741,22829.5364361409,702.447313654097,4390.29550303391,0,6322.02556982195,2634.17738449864,351.223656827049,7200.08467627009,0,6848.861098795,878.059100769042,0,0,0,0,0,0,0,0,0,0,0,0,0,0,0,0,2869.86676392475,0,0,0,0,0,0,124662.890625,4159.2568359375
"NGA",3,1,"LSMS-ISA2015",2015,2,5,506,830,0,50001,6,0,0,0,0,0,0,0,0,2266.66666666667,898.015869140625,0,0,0,0,1738.09521484375,608.333333333333,5069.44482421875,0,0,5050.89599609375,0,915.357876893343,0,1647.64412363017,0,0,0,0,457.678938446671,0,0,1830.71575378669,1830.71575378669,915.357876893343,3203.7525592105,0,1373.03681038191,0,457.678938446671,0,0,457.678938446671,183.071583268784,0,0,4916.07230533792,3787.15891075875,0,0,0,0,0,0,0,0,0,0,0,0,4330.9287030357,0,0,0,0,0,0,41938.296875,2781.88696289063
"NGA",3,1,"LSMS-ISA2015",2015,2,5,506,830,0,50002,8,0,0,0,0,0,0,0,0,1475,682.5,0,0,0,0,0,0,1216.66662597656,37.5,0,2839.13403320313,0,0,0,0,0,0,0,2409.61617839127,0,0,0,0,0,0,1606.41071593721,0,722.884862672654,2248.97505279633,401.602678984302,0,0,401.602678984302,843.365639367337,3267.09233899749,0,13543.9839828995,5489.24231856858,0,0,0,0,0,0,0,0,0,0,0,0,0,0,0,0,0,0,304.166656494141,37489.7421875,2781.88696289063
"NGA",3,1,"LSMS-ISA2015",2015,2,5,506,830,0,50003,7,0,0,0,0,0,0,0,0,8714.28571428571,2333.33325195313,0,0,13904.7622767857,0,11173.4698660714,0,17380.953125,2857.14282226563,0,4329.33935546875,0,0,0,0,1862.24483816964,0,0,0,744.89794921875,1489.7958984375,0,0,1191.83677455357,0,5512.24483816964,744.89794921875,372.448974609375,1489.7958984375,1005.61223493304,6704.08161272321,0,22123.4690290179,372.448974609375,3748.64871651786,0,4000.59068080357,3081.90597098214,0,0,0,0,0,0,0,0,0,0,0,3934.17417689732,0,0,0,0,0,0,869.047668457031,119941.4296875,2781.88696289063
"NGA",3,1,"LSMS-ISA2015",2015,2,5,506,830,0,50004,7,0,0,0,0,0,0,0,0,4528.57142857143,657.482971191406,0,0,0,0,0,0,2607.14282226563,1428.57141113281,0,2739.65087890625,0,0,0,0,3012.35737301692,0,0,0,602.471485066554,0,0,0,1506.17868650846,0,3313.59319402397,1506.17868650846,903.707218880523,3012.35737301692,753.08934325423,0,0,1129.63404975858,376.544671627115,2707.05132888207,0,7269.7554453436,0,0,0,0,0,0,0,0,0,0,0,0,2133.69414720608,0,0,0,0,0,0,86.9047622680664,40274.94140625,2781.88696289063
"NGA",3,1,"LSMS-ISA2015",2015,2,5,506,830,0,50005,5,0,0,0,0,0,0,0,0,6920,512.90478515625,0,0,2433.3333984375,0,0,0,5840,2506.66650390625,0,6061.0751953125,0,0,2085.7142578125,7300,6257.14296875,0,0,0,1251.42861328125,0,0,0,1564.2857421875,0,3128.57138671875,1042.85712890625,2190.00004882812,2085.7142578125,1564.2857421875,0,0,7821.42861328125,1512.14282226563,0,0,0,0,0,0,0,0,0,0,0,0,0,0,0,0,0,0,0,0,0,0,486.666656494141,62564.22265625,2781.88696289063
"NGA",3,1,"LSMS-ISA2015",2015,2,5,506,830,0,50006,12,1013.88891601563,0,0,0,0,0,0,0,3208.33333333333,126.785713195801,0,0,0,0,0,0,4461.11083984375,0,0,7710.849609375,0,0,0,0,3476.1904296875,0,0,0,0,0,0,0,434.523803710938,0,869.047607421875,217.261901855469,651.785705566406,0,217.261901855469,0,0,10863.0950927734,304.166666666667,3123.87434895833,0,4000.59049479167,0,0,0,0,0,0,0,0,0,0,1062.98380533854,0,1828.3427734375,1779.87646484375,0,0,0,0,0,0,45349.96875,2781.88696289063
"NGA",3,1,"LSMS-ISA2015",2015,2,5,506,830,0,50007,7,0,0,0,0,0,0,0,0,7057.14285714286,173.809524536133,0,0,0,0,0,0,2607.14282226563,0,0,18387.595703125,0,0,0,3724.48967633929,1489.7958984375,0,0,0,0,0,0,0,0,744.89794921875,1489.7958984375,0,372.448974609375,0,0,0,0,3873.46944754464,819.387765066964,0,0,0,0,0,0,0,0,0,0,0,0,1489.7958984375,0,0,2158.29436383929,1525.6083984375,0,0,0,0,0,173.809524536133,46087.48046875,2781.88696289063
"NGA",3,1,"LSMS-ISA2015",2015,2,5,506,830,0,50008,5,0,0,0,0,0,0,0,0,3520,1077.61901855469,0,0,0,0,10428.57109375,730,2433.33349609375,1200,0,6508.73876953125,0,0,0,0,2607.1427734375,0,1042.85712890625,0,1251.42861328125,0,0,4171.428515625,0,0,3128.57143554687,0,1564.28569335938,2085.7142578125,1564.2857421875,0,0,5214.2857421875,417.14287109375,5248.108203125,5472.04453125,5754.370703125,0,0,0,0,0,0,0,0,0,0,0,3325.0439453125,1042.85717773438,0,0,0,0,0,0,0,69787.828125,2781.88696289063
"NGA",3,1,"LSMS-ISA2015",2015,2,5,506,830,0,50009,16,0,0,0,0,0,0,0,0,3512.5,1739.21130371094,0,0,1520.83337402344,0,0,0,6311.45849609375,1135.41674804688,0,5783.13720703125,0,0,0,0,0,0,0,0,0,0,0,0,1955.35711669922,0,1629.46426391602,162.946426391602,2770.08932495117,0,977.678588867188,0,0,8473.21429443359,1238.39288330078,2342.90576171875,0,7419.25964355469,0,0,0,0,0,0,0,0,0,0,0,0,133.616073608398,2002.36096191406,0,0,0,0,0,0,49107.83984375,2781.88696289063
"NGA",3,1,"LSMS-ISA2015",2015,2,5,506,830,0,50010,1,0,0,0,0,0,0,0,0,1400,243.33332824707,0,0,0,0,0,0,0,0,0,12829.912109375,0,0,0,0,0,0,0,0,0,0,0,0,0,0,3232.89713914756,0,0,0,5388.16177650896,0,32328.9715402629,32328.9715402629,5388.16177650896,23241.9094799776,0,0,0,0,0,0,0,0,0,0,0,0,0,0,269.408094928964,0,0,0,0,0,0,0,116651.7265625,2781.88696289063
"NGA",3,1,"LSMS-ISA2015",2015,2,5,502,2194,1,50011,14,434.523834228516,857.142883300781,0,1303.57142857143,0,434.523821149554,0,0,9428.57142857143,1826.53051757813,0,0,521.428571428571,0,0,0,5214.28564453125,428.571441650391,0,3850.83447265625,0,0,1489.7958984375,12290.8158482143,10428.5714285714,0,0,0,0,3724.48967633929,0,6704.08147321429,2420.91838727679,1787.75509207589,5586.73479352679,1862.24490792411,5772.95912388393,2979.591796875,1042.85714285714,2420.91835239955,0,7448.97942243304,558.673479352679,0,0,0,0,0,0,0,0,0,0,0,0,0,1596.2099609375,0,0,0,0,0,0,0,0,0,92415.578125,6027.42138671875
"NGA",3,1,"LSMS-ISA2015",2015,2,5,502,2194,1,50012,10,1216.66674804688,2400,0,1216.66669921875,0,340.666674804687,0,0,11900,2395.71435546875,0,0,1825,0,2607.1427734375,0,7300,3000,0,8238.01171875,0,0,2346.428515625,3128.571484375,10428.57109375,0,0,0,4692.85717773438,0,0,6257.14296875,4171.428515625,0,4275.71435546875,1042.85712890625,2033.57145996094,3128.57133789062,1303.57138671875,1355.71430664063,0,7195.71429443359,730,0,0,4000.590625,0,0,0,0,0,4648.04609375,0,0,0,0,330.557983398438,0,603.104125976563,0,0,0,0,0,0,243.33332824707,104356.2109375,6027.42138671875
"NGA",3,1,"LSMS-ISA2015",2015,2,5,502,2194,1,50013,12,202.777770996094,3000,0,2534.72216796875,0,0,0,0,11966.6666666667,5682.73828125,0,0,16830.5559895833,0,8690.47591145833,0,6083.33349609375,1313.88891601563,0,8758.6953125,0,0,18250,6083.33333333333,39107.1432291667,13035.71484375,0,1911.90478515625,2607.14290364583,1738.09521484375,0,7821.42838541667,0,3997.61897786458,10863.0950520833,0,6517.85701497396,2607.14290364583,3519.64290364583,651.785725911458,0,43452.380859375,1129.76190185547,0,0,0,0,0,0,0,0,0,3597.85709635417,0,0,0,0,0,0,0,0,0,0,0,0,0,231955.78125,6027.42138671875
"NGA",3,1,"LSMS-ISA2015",2015,2,5,502,2194,1,50014,7,0,1714.28576660156,0,260.714285714286,0,695.238071986607,0,0,6285.71428571429,622.789123535156,0,0,8690.47600446429,0,2234.69391741071,0,10428.5712890625,857.142883300781,1117.34695870536,10855.5546875,0,0,5214.28571428571,5214.28571428571,8193.87779017857,0,1117.34695870536,0,8193.87751116071,0,0,0,3724.48981584821,2607.14285714286,4245.91842215402,0,4990.81637137277,4022.44893973214,3724.48967633929,1042.85714285714,0,3575.51021902902,372.448974609375,0,0,0,0,0,0,0,0,0,0,0,0,0,0,0,0,0,2183.5302734375,0,0,0,0,86.9047622680664,102272.7578125,6027.42138671875
"NGA",3,1,"LSMS-ISA2015",2015,2,5,502,2194,1,50015,10,0,1800,0,2433.3333984375,0,0,0,0,6040,4880.47607421875,0,0,0,0,0,0,2433.33349609375,200,0,7598.88818359375,0,0,4171.428515625,22942.8578125,31285.715625,10428.57109375,0,0,0,0,0,0,2346.428515625,0,1147.14287109375,0,1303.57138671875,0,1407.85712890625,0,0,3650,834.285717773437,0,0,0,0,0,0,0,0,0,0,0,0,0,0,0,391.071435546875,3203.7775390625,0,0,0,0,0,0,108498.75,6027.42138671875
"NGA",3,1,"LSMS-ISA2015",2015,2,5,502,2194,1,50016,13,0,1846.15380859375,0,935.8974609375,0,935.8974609375,0,0,10153.8461538462,1844.68872070313,0,0,1123.07692307692,0,0,0,3743.58984375,615.384643554688,0,11234.6181640625,0,0,0,0,8222.52734375,0,0,0,0,6016.48377403846,0,7219.78004807692,2807.69230769231,1804.94504957933,1604.39558293269,601.648362379808,7420.32974008413,0,922.527493990385,2847.80220853365,0,14439.5603590745,802.197791466346,2883.57632211538,0,14206.3040865385,0,0,0,0,0,0,0,0,0,0,0,0,451.236215444712,2464.44426081731,0,0,0,0,0,187.179473876953,107335.7734375,6027.42138671875
"NGA",3,1,"LSMS-ISA2015",2015,2,5,502,2194,1,50017,6,0,4000,0,2433.33333333333,0,608.333333333333,0,0,6366.66666666667,3322.22192382813,12166.6669921875,0,2027.77783203125,0,3476.1904296875,608.333333333333,5272.22265625,2861.111328125,0,6237.55322265625,0,0,1564.28564453125,3476.1904296875,11732.1432291667,5214.28580729167,0,0,869.047607421875,3476.1904296875,0,0,3910.71419270833,0,1911.90478515625,0,4345.23811848958,0,2346.42854817708,0,0,23898.8087565104,869.047648111979,0,0,0,0,0,0,0,0,0,0,0,0,0,0,0,0,0,0,0,0,0,0,0,112994.6875,6027.42138671875
"NGA",3,1,"LSMS-ISA2015",2015,2,5,502,2194,1,50018,5,1216.66674804688,2400,0,1216.66669921875,0,0,0,0,16000,3994.76171875,0,0,0,0,0,0,7300,800,0,7485.06396484375,0,0,0,4171.428515625,21900,3128.571484375,0,0,0,5214.285546875,0,19814.28515625,0,8238.571484375,8551.428515625,1042.85712890625,10428.5713378906,2085.7142578125,2607.1427734375,7404.2857421875,0,11992.8572265625,1042.85712890625,0,0,0,0,0,0,0,0,0,0,0,0,0,0,0,0,0,0,0,0,0,0,0,148036.015625,6027.42138671875
"NGA",3,1,"LSMS-ISA2015",2015,2,5,502,2194,1,50019,8,1520.83337402344,1050,0,760.416687011719,0,0,0,0,7025,4196.4287109375,0,0,760.416687011719,0,0,0,10645.8330078125,625,0,2610.29248046875,0,1759.82141113281,2607.14282226563,3910.71435546875,1303.57141113281,2607.14282226563,0,0,0,0,0,5866.0712890625,2607.14282226563,4562.5,7821.4287109375,0,0,3519.64282226563,1825,0,0,14730.3571777344,651.785705566406,0,0,0,0,0,0,0,0,0,0,0,0,0,0,0,7598.42388916016,0,0,0,0,0,0,0,90564.96875,6027.42138671875
"NGA",3,1,"LSMS-ISA2015",2015,2,5,502,2194,1,50020,5,584,4800,0,2433.3333984375,730,3650,0,0,8320,19166.666015625,7300,0,4866.666796875,0,3128.571484375,0,10706.6669921875,4976.6669921875,0,13486.8828125,0,0,2085.7142578125,3441.428515625,19710,7300,0,2398.571484375,1772.85717773438,2085.7142578125,0,9385.7140625,0,0,4901.428515625,0,3650.00004882812,2085.7142578125,2815.7142578125,834.2857421875,0,19814.2857421875,1251.42861328125,0,0,0,0,0,0,0,0,0,0,0,0,0,0,0,695.238134765625,0,0,0,0,0,0,0,168377.5625,6027.42138671875
"NGA",3,1,"LSMS-ISA2015",2015,2,5,515,18,0,50021,13,0,0,0,0,0,0,0,0,1153.84615384615,273.443206787109,0,0,748.717923677885,0,2005.49444110577,280.769230769231,0,638.461547851563,0,2152.88696289063,0,0,0,0,0,0,0,0,962.637394831731,401.098895733173,0,1604.39558293269,0,0,1283.51648888221,0,802.197791466346,0,601.648362379808,0,0,2206.0439453125,80.2197829026442,2306.86087740385,1503.30889423077,1161.57166466346,5808.20793269231,0,0,0,0,0,0,0,0,0,0,0,401.098933293269,1642.962890625,0,0,0,0,0,0,28019.388671875,6491.0693359375
"NGA",3,1,"LSMS-ISA2015",2015,2,5,515,18,0,50022,12,0,0,0,0,0,0,0,0,3266.66666666667,252.71826171875,0,0,0,0,5214.28580729167,0,0,500,0,5333.86572265625,0,0,0,0,5214.28580729167,3476.1904296875,0,1738.09521484375,0,0,0,6952.380859375,2172.61897786458,1086.30948893229,2607.14282226563,0,1607.73811848958,0,651.785725911458,0,0,1955.35709635417,608.333333333333,4373.42350260417,4560.037109375,5033.47721354167,0,0,0,0,0,0,0,0,0,0,0,0,1286.85904947917,3559.7529296875,0,0,0,0,0,152.08332824707,61603.41015625,6491.0693359375
"NGA",3,1,"LSMS-ISA2015",2015,2,5,515,18,0,50023,5,0,0,0,1460,0,0,0,0,3940,2690.95239257813,730,0,0,0,4692.85703125,1216.66669921875,0,400,0,10311.552734375,0,0,0,0,6570,0,0,0,1042.85712890625,1564.2857421875,0,5214.285546875,4171.428515625,2085.7142578125,6830.7142578125,2085.7142578125,3754.2857421875,3128.571484375,1668.571484375,0,0,11471.4287109375,1929.28569335938,0,10944.0890625,0,0,0,0,0,0,0,0,0,0,0,0,0,4388.02265625,0,0,0,0,0,0,1460,93751.28125,6491.0693359375
"NGA",3,1,"LSMS-ISA2015",2015,2,5,515,18,0,50024,5,0,0,0,0,0,0,0,0,3700,1962.619140625,973.333312988281,0,3893.333203125,0,8342.85703125,0,3893.33325195313,660,0,4346.2373046875,0,0,0,0,6570,0,1042.85712890625,0,1251.42861328125,0,0,0,5214.285546875,0,2502.85712890625,2294.2857421875,3128.57143554687,2085.7142578125,1564.2857421875,0,0,19292.85703125,1251.42856445313,0,5472.04453125,0,0,0,0,0,0,0,0,0,0,0,0,0,2925.3482421875,0,0,0,0,0,0,486.666656494141,82854.3359375,6491.0693359375
"NGA",3,1,"LSMS-ISA2015",2015,2,5,515,18,0,50025,18,0,0,0,0,0,0,0,0,1055.55555555556,220.171951293945,0,0,675.925944010417,0,0,202.777777777778,0,426.851867675781,0,2500.55249023438,0,0,0,0,0,0,0,0,701.958916961944,584.965736681819,0,1169.93147336364,584.965736681819,0,935.945195162791,0,497.22087884326,0,438.724316319531,0,0,1316.17289421552,58.4965763930954,1682.17188674965,1096.21866859694,1129.36337252363,1815.15737645085,0,0,0,0,0,0,0,0,0,0,0,517.469734564303,1198.05490395084,0,0,0,0,0,0,18808.65234375,6491.0693359375
"NGA",3,1,"LSMS-ISA2015",2015,2,5,515,18,0,50026,10,0,0,0,0,0,0,0,0,5540,234.642868041992,0,0,0,0,4171.428515625,0,0,560,0,3186.65844726563,0,0,0,0,5214.285546875,0,0,0,1251.42861328125,0,0,3650,1564.2857421875,625.714306640625,2085.7142578125,0,1564.28569335938,0,782.14287109375,0,0,625.714306640625,1355.71430664063,7497.2984375,5862.9046875,5033.47734375,0,0,0,0,0,0,0,0,0,0,0,0,2044.80229492188,5339.6296875,0,0,0,0,0,121.666664123535,58311.80078125,6491.0693359375
"NGA",3,1,"LSMS-ISA2015",2015,2,5,515,18,0,50027,5,0,0,0,0,0,0,0,0,3680,2445.95239257813,486.666656494141,0,3893.333203125,0,0,0,6813.33349609375,380,0,6908.0830078125,0,0,0,0,4380,0,0,1147.14287109375,2607.1427734375,2085.7142578125,0,8342.85703125,0,1042.85712890625,3806.428515625,2607.14287109375,3650,2085.7142578125,1564.2857421875,0,0,17207.1427734375,1251.42856445313,0,10944.0890625,0,0,0,0,0,0,0,0,0,0,0,0,0,2925.3482421875,0,0,0,0,0,0,608.333374023438,90863.0078125,6491.0693359375
"NGA",3,1,"LSMS-ISA2015",2015,2,5,515,18,0,50028,9,0,0,0,0,0,0,0,0,1244.44444444444,260.714294433594,0,0,0,0,1738.09526909722,0,0,0,0,2414.576171875,0,0,0,0,0,0,0,0,0,588.632283108047,0,0,588.632283108047,0,1294.99105643323,0,1294.99105643323,0,588.632283108047,0,0,1471.58073554901,117.726462275211,3385.43137343047,3529.88705366564,2272.88437347829,3653.06945047305,0,0,0,0,0,0,0,0,0,0,0,1041.42643698516,2411.12854652777,0,0,0,0,0,0,27896.845703125,6491.0693359375
"NGA",3,1,"LSMS-ISA2015",2015,2,5,515,18,0,50029,5,0,0,0,0,0,0,0,0,1200,347.619049072266,0,0,0,0,0,0,0,0,0,4346.2373046875,0,0,0,0,0,0,0,0,2502.8572265625,0,0,0,2085.7142578125,0,2294.2857421875,0,2398.57143554687,0,1042.85712890625,0,0,3650,208.571435546875,4498.378515625,4690.323828125,0,0,0,0,0,0,0,0,0,0,0,0,0,922.5275390625,4271.703515625,0,0,0,0,0,0,34459.6484375,6491.0693359375
"NGA",3,1,"LSMS-ISA2015",2015,2,5,515,18,0,50030,8,0,0,0,0,0,0,0,0,2875,200.997024536133,0,0,0,0,5214.28564453125,0,0,500,0,5706.140625,0,0,0,0,3910.71435546875,6517.85693359375,0,0,0,0,0,0,3258.92846679688,0,2607.14282226563,0,1890.17858886719,0,651.785705566406,0,0,0,847.321441650391,4685.8115234375,2442.876953125,5033.47705078125,0,0,0,0,0,0,0,0,0,0,0,0,2573.71826171875,9344.3515625,0,0,0,0,0,228.125,58488.7109375,6491.0693359375
"NGA",3,1,"LSMS-ISA2015",2015,2,5,502,3878,0,50031,6,0,0,0,2433.33333333333,0,0,0,0,6833.33333333333,1290.07934570313,0,0,2027.77783203125,0,0,0,4055.5556640625,333.333343505859,0,6248.591796875,0,6952.380859375,1216.66666666667,0,5214.28580729167,0,869.047607421875,0,0,4345.23811848958,0,8690.47591145833,0,0,3476.1904296875,869.047607421875,6952.38094075521,4692.85709635417,2607.14290364583,869.047607421875,0,9125.00008138021,869.047607421875,0,0,0,0,0,0,0,0,0,0,0,5691.267578125,0,0,0,0,0,0,0,0,0,0,0,85662.0859375,4752.39013671875
"NGA",3,1,"LSMS-ISA2015",2015,2,5,502,3878,0,50032,3,0,0,0,2027.77783203125,0,0,0,0,3800,898.015869140625,0,0,0,0,0,0,2027.77783203125,1333.33337402344,0,25033.0234375,0,0,0,0,0,0,0,0,0,0,0,0,0,0,0,0,0,0,0,0,0,3476.1904296875,0,8746.84700520833,2605.7353515625,0,10786.6705729167,2167.4462890625,0,0,0,0,0,0,17244.5416666667,3476.1904296875,794.557861328125,3476.1904296875,6729.54870605469,3559.7529296875,1975.57503255208,0,0,8920.77408854167,0,0,109079.953125,4752.39013671875
"NGA",3,1,"LSMS-ISA2015",2015,2,5,502,3878,0,50033,5,0,0,0,0,0,0,0,0,6400,1371.42846679688,0,0,2433.3333984375,0,0,0,1460,0,0,6572.1611328125,0,0,0,0,6257.14296875,0,0,0,0,0,0,4171.428515625,0,0,14600.0001953125,1042.85712890625,6257.14267578125,4692.85703125,2920,2607.14282226563,0,5214.2857421875,0,1499.4595703125,0,0,0,0,0,0,0,0,0,0,3790.384375,0,0,0,0,0,0,0,0,0,0,0,71289.625,4752.39013671875
"NGA",3,1,"LSMS-ISA2015",2015,2,5,502,3878,0,50034,11,0,0,0,0,0,0,0,0,3727.27272727273,596.969665527344,0,0,221.21211381392,0,9480.51917613636,0,0,909.090881347656,0,2544.32104492188,0,853.246715198864,2844.15589488636,14220.7798295455,0,0,0,0,948.051935369318,0,0,1422.07794744318,0,0,948.051935369318,474.025967684659,2844.15580610795,0,1185.06489701705,0,0,3318.18181818182,948.051935369318,0,0,0,0,0,0,0,0,0,0,0,7916.03622159091,0,0,0,0,0,0,0,0,0,0,110.606056213379,55511.87109375,4752.39013671875
"NGA",3,1,"LSMS-ISA2015",2015,2,5,502,3878,0,50035,9,0,0,0,0,0,0,0,0,4666.66666666667,836.243408203125,0,0,0,0,0,0,0,266.666656494141,2896.82530381944,5001.10498046875,0,0,1390.47623697917,289.682535807292,10428.5711805556,0,0,0,2027.77777777778,2317.46028645833,0,0,0,0,1158.73014322917,0,289.682535807292,2780.95247395833,869.047634548611,0,0,8980.15863715278,579.365098741319,8746.84722222222,0,0,0,0,0,0,0,0,0,0,4837.57769097222,0,0,0,3357.34678819444,0,0,0,0,0,0,0,61721.18359375,4752.39013671875
"NGA",3,1,"LSMS-ISA2015",2015,2,5,502,3878,0,50036,8,0,0,0,0,0,0,0,0,5100,477.083312988281,0,0,760.416687011719,0,0,4562.5,4866.6669921875,875,0,6965.79345703125,0,0,0,0,3910.71435546875,0,0,0,1759.82147216797,0,0,0,0,1955.35717773438,7039.28576660156,2281.25,5540.17852783203,4823.21435546875,1825,3193.75,0,24116.0714111328,782.142883300781,6560.13525390625,1465.72619628906,1258.36926269531,0,0,0,0,0,0,0,0,10884.5498046875,0,0,0,0,0,0,0,0,0,0,638.75,101641.7734375,4752.39013671875
"NGA",3,1,"LSMS-ISA2015",2015,2,5,502,3878,0,50037,8,0,0,0,0,0,0,0,0,2600,304.166656494141,0,0,0,0,0,0,912.5,0,0,2839.13403320313,0,0,0,0,4044.54234227519,0,0,0,0,0,0,0,0,0,0,0,0,0,0,0,0,3033.40663213996,269.636160345495,9692.32799699014,0,0,0,0,0,0,0,0,0,0,8917.33196984846,674.090370034146,616.311233079331,0,4108.49494412082,8283.53385727227,766.192838195571,0,0,94.37265316277,0,0,47156.0390625,4752.39013671875
"NGA",3,1,"LSMS-ISA2015",2015,2,5,502,3878,0,50038,6,0,0,0,0,0,0,0,0,5466.66666666667,2148.61108398438,0,0,0,0,0,0,0,1666.66662597656,0,5756.73583984375,0,2634.37669740824,1580.62591956806,2634.37669740824,7903.12976182134,0,0,0,1053.75069523934,0,0,0,0,1756.25107653826,1756.25107653826,878.125538269131,439.062769134566,3951.56488091067,1317.18834870412,439.062769134566,0,12732.8204312449,878.125579569553,0,0,0,0,0,0,0,0,0,0,0,20328.7861616537,0,0,0,3107.2137084681,0,0,0,0,0,0,0,78429.3828125,4752.39013671875
"NGA",3,1,"LSMS-ISA2015",2015,2,5,502,3878,0,50039,9,0,0,0,0,0,0,0,0,6600,1032.27514648438,0,0,0,0,0,270.370361328125,2433.33325195313,444.444458007813,0,1778.40625,0,0,1158.73014322917,0,6952.38107638889,0,0,0,0,0,0,0,0,0,3823.8095703125,2027.77777777778,4345.23806423611,0,1622.22222222222,2317.46034071181,0,6952.38096788194,869.047634548611,0,0,5592.75260416667,0,0,0,0,0,0,0,0,1972.97265625,0,0,0,0,2373.16861979167,0,0,0,0,0,0,52566.76953125,4752.39013671875
"NGA",3,1,"LSMS-ISA2015",2015,2,5,502,3878,0,50040,9,0,0,0,0,0,0,0,0,3311.11111111111,752.910034179688,0,0,1351.85188802083,0,2317.46028645833,3379.62955729167,2027.77783203125,1111.11108398438,0,5837.751953125,0,0,0,0,11587.3012152778,3476.19053819444,2896.82530381944,0,4055.55544704861,0,0,0,0,0,5793.65082465278,1738.09526909722,8111.11089409722,4345.23828125,4055.55555555556,1158.73014322917,0,5677.77772352431,579.365071614583,6247.74869791667,0,1689.81488715278,0,0,0,0,0,0,0,0,9675.15538194445,0,0,0,0,0,0,0,0,0,0,67.5925903320313,91245.3125,4752.39013671875
"NGA",3,1,"LSMS-ISA2015",2015,2,5,504,708,0,50041,4,0,0,0,0,0,0,0,0,8150,557.797607421875,0,0,0,0,6517.85693359375,1216.66662597656,4866.66650390625,850,0,16313.3564453125,0,0,0,0,0,0,0,0,1564.28576660156,0,0,3910.71435546875,0,0,2607.14282226563,0,3649.99987792969,0,651.785705566406,0,0,1955.35717773438,1694.6428527832,3748.64892578125,19543.015625,0,0,0,0,0,0,0,0,0,0,0,0,0,0,2669.81469726563,0,0,0,0,0,608.333312988281,81076.0859375,4056.91821289063
"NGA",3,1,"LSMS-ISA2015",2015,2,5,504,708,0,50042,16,0,0,0,266.145843505859,0,0,0,0,1812.5,292.782745361328,228.125,0,760.416687011719,0,977.678588867188,228.125,2281.25,505.208343505859,0,5783.13720703125,0,0,0,0,6517.85693359375,0,0,0,391.071441650391,0,0,977.678588867188,0,651.785705566406,6908.92834472656,0,2118.30352783203,2444.19653320313,814.732116699219,0,0,2933.03570556641,195.535720825195,19680.40625,12214.384765625,0,0,0,0,0,0,0,0,0,0,0,0,0,0,0,0,0,0,0,0,0,68983.28125,4056.91821289063
"NGA",3,1,"LSMS-ISA2015",2015,2,5,504,708,0,50043,9,0,0,0,0,0,0,0,0,2355.55555555556,876.455017089844,0,0,0,0,2896.82530381944,0,2162.962890625,444.444458007813,0,7827.234375,0,0,0,0,1100.79361979167,0,1158.73014322917,0,0,0,0,2896.82530381944,1274.60319010417,0,4750.79356553819,2896.82535807292,3476.1904296875,1853.96831597222,1738.09526909722,0,0,1158.73014322917,289.682535807292,0,12160.0989583333,0,0,0,0,0,0,0,0,0,0,0,0,0,1625.19346788194,0,0,0,0,0,0,270.370361328125,53214.37890625,4056.91821289063
"NGA",3,1,"LSMS-ISA2015",2015,2,5,504,708,0,50044,9,0,0,0,0,0,0,0,0,1511.11111111111,1180.68786621094,675.925964355469,0,1892.59266493056,0,3476.19053819444,0,2703.70385742188,333.333343505859,0,7827.234375,0,0,0,0,0,0,0,0,1158.73014322917,0,0,2896.82530381944,1158.73014322917,0,1853.96826171875,0,3765.87299262153,0,1738.09526909722,1390.47623697917,0,4750.79367404514,289.682535807292,3332.13237847222,6514.33854166667,0,0,0,579.365017361111,0,0,0,0,0,0,0,1417.31174045139,1158.73014322917,2437.79036458333,2373.16861979167,0,0,0,0,0,811.111083984375,57227.8984375,4056.91821289063
"NGA",3,1,"LSMS-ISA2015",2015,2,5,504,708,0,50045,11,0,0,0,0,0,0,0,0,1636.36363636364,323.917755126953,331.818176269531,0,2212.12127130682,0,0,331.818181818182,2212.12133789063,553.030334472656,0,4091.81323242188,0,0,0,0,0,0,0,0,0,0,0,0,0,0,3697.40261008523,0,1422.07790305398,0,237.01298384233,0,0,1659.0908647017,284.415593927557,21469.5340909091,22385.6377840909,0,0,0,0,0,0,0,0,0,0,0,0,0,0,970.841708096591,0,0,0,0,0,0,63819.01171875,4056.91821289063
"NGA",3,1,"LSMS-ISA2015",2015,2,5,504,708,0,50046,12,0,0,0,0,0,0,0,0,8250,123.869049072266,0,0,0,0,0,0,1622.22216796875,250,0,6365.95751953125,0,0,0,0,4345.23795572917,0,0,0,0,0,0,0,0,0,2607.14282226563,651.785725911458,2042.26192220052,0,434.523803710938,0,0,3128.57145182292,695.238087972005,1561.93717447917,5537.18815104167,0,0,0,0,0,0,0,0,0,0,0,0,0,0,3559.7529296875,0,0,0,0,0,304.166656494141,41479.85546875,4056.91821289063
"NGA",3,1,"LSMS-ISA2015",2015,2,5,504,708,0,50047,7,0,0,0,0,0,0,0,0,5057.14285714286,1848.29943847656,5214.28564453125,0,2607.14285714286,0,3724.48967633929,0,4171.4287109375,285.714294433594,0,6923.7822265625,0,0,0,0,4469.38783482143,0,1489.7958984375,1489.7958984375,2234.69391741071,3724.48967633929,0,11173.4690290179,0,0,5139.7958984375,3724.48981584821,5214.28571428571,0,2234.69391741071,0,0,15195.9181082589,893.877546037946,0,8933.94977678571,0,0,0,0,0,0,0,0,0,0,0,0,0,3134.30189732143,3051.216796875,0,0,0,0,0,347.619049072266,102284.0703125,4056.91821289063
"NGA",3,1,"LSMS-ISA2015",2015,2,5,504,708,0,50048,9,0,0,0,2027.77777777778,0,0,0,0,2897.77777777778,665.343933105469,0,0,0,0,1158.73014322917,0,3379.6298828125,111.111114501953,0,7827.234375,0,13980.9528980474,0,0,0,0,665.759648847398,0,399.455809234201,665.759648847398,0,0,0,0,3461.95025594573,332.879824423699,2929.3425346316,998.639506480701,332.879824423699,0,0,998.639467188228,399.455809234201,0,0,0,0,0,0,0,0,0,0,0,0,0,0,0,0,0,0,0,0,0,0,0,43233.31640625,4056.91821289063
"NGA",3,1,"LSMS-ISA2015",2015,2,5,504,708,0,50049,15,0,0,0,0,0,0,0,0,4346.66666666667,192.412689208984,0,0,811.1111328125,0,2085.71432291667,0,2433.33325195313,754.444458007813,0,4409.330078125,0,0,0,0,0,0,0,0,0,0,0,3128.57135416667,0,869.047591145833,695.2380859375,695.2380859375,1390.47620442708,0,521.428580729167,0,0,695.2380859375,695.2380859375,1999.27942708333,1563.44127604167,0,0,0,0,0,0,0,0,0,0,0,0,0,0,0,0,0,0,0,0,243.33332824707,27529.544921875,4056.91821289063
"NGA",3,1,"LSMS-ISA2015",2015,2,5,504,708,0,50050,5,0,0,0,0,0,0,0,0,2680,469.285736083984,0,0,0,0,0,0,0,200,0,6061.0751953125,0,2607.1427734375,1042.85712890625,0,0,0,0,0,0,0,0,0,0,0,4744.99990234375,0,5422.85712890625,1564.2857421875,521.428564453125,0,0,1042.85712890625,625.714306640625,0,0,0,0,0,0,0,0,0,0,0,0,0,0,0,0,0,0,0,0,0,0,0,26982.50390625,4056.91821289063
"NGA",3,1,"LSMS-ISA2015",2015,2,5,513,348,0,50051,11,0,0,0,0,0,0,0,0,3672.72727272727,550,0,0,3871.21200284091,0,9480.51917613636,0,1106.06066894531,2727.27270507813,0,5463.130859375,0,0,0,0,1896.10387073864,0,0,0,1896.10387073864,0,0,0,1659.09090909091,0,2749.35067471591,948.051935369318,3839.61041814631,2844.15589488636,379.220791903409,0,0,5735.71422230114,474.025967684659,5111.79438920455,5329.91335227273,0,0,0,0,0,0,0,0,0,0,0,0,0,0,0,0,0,0,0,0,110.606056213379,59844.66796875,1159.11950683594
"NGA",3,1,"LSMS-ISA2015",2015,2,5,513,348,0,50052,6,0,0,0,0,0,0,0,0,4400,1324.00793457031,0,0,0,0,0,0,0,0,0,2297.36083984375,0,0,0,0,3887.25329416362,0,1457.72003146595,0,0,0,0,6316.78660057718,971.813323540904,0,5830.87996310337,971.813323540904,5830.87996310337,0,2721.07735595297,1943.62664708181,0,5830.87996310337,971.813323540904,5589.24037816383,7284.66539572241,0,0,0,0,0,0,0,0,0,0,3887.25329416362,0,0,0,1990.34857994485,0,0,0,0,0,0,63507.41796875,1159.11950683594
"NGA",3,1,"LSMS-ISA2015",2015,2,5,513,348,0,50053,6,0,0,0,0,0,0,0,0,2383.33333333333,1536.11120605469,0,0,0,0,5214.28580729167,0,2027.77783203125,1333.33337402344,0,15421.69921875,0,0,0,43452.3802083333,0,2607.14290364583,0,0,0,0,0,1738.09521484375,0,0,2607.14290364583,0,3910.71423339844,0,695.238118489583,0,0,7821.42838541667,1042.85717773438,0,9771.5078125,0,12584.4505208333,0,0,0,0,0,0,0,0,0,0,0,0,0,0,0,0,0,0,0,114147.515625,1159.11950683594
"NGA",3,1,"LSMS-ISA2015",2015,2,5,513,348,0,50054,6,0,0,0,0,0,0,0,0,3066.66666666667,1530.119140625,0,0,3041.66666666667,0,0,0,0,666.666687011719,0,3575.20581054688,0,0,0,0,5214.28580729167,0,0,0,869.047607421875,0,0,1738.09521484375,1303.57145182292,0,4779.76188151042,0,6517.85705566406,0,1216.66666666667,1477.38098144531,0,6517.85709635417,869.047607421875,6247.74869791667,6514.33854166667,1333.53019205729,5393.33528645833,0,407.284383138021,0,0,0,0,0,0,3476.1904296875,0,0,0,3559.7529296875,0,0,0,0,0,0,69316.0859375,1159.11950683594
"NGA",3,1,"LSMS-ISA2015",2015,2,5,513,348,0,50055,6,0,0,0,0,0,0,0,0,3200,1087.89685058594,0,0,2027.77783203125,0,0,0,2027.77783203125,0,0,2297.36083984375,0,0,0,0,3651.20677753606,0,0,0,912.801694384015,0,0,4564.00837684381,1825.60338876803,1825.60338876803,5476.81017178251,912.801694384015,5933.21096595796,2738.40516727146,2555.84478011438,2738.40516727146,0,10040.8187113867,1825.60338876803,5249.84371348221,4105.39029865429,7003.34839122819,0,0,0,0,0,0,0,0,0,0,0,0,0,0,0,0,0,0,0,0,72000.5234375,1159.11950683594
"NGA",3,1,"LSMS-ISA2015",2015,2,5,513,348,0,50056,8,0,0,0,0,0,0,0,0,4425,929.166625976563,0,0,3497.91674804688,0,5214.28564453125,0,4562.5,1625,0,4989.04052734375,0,0,0,0,0,0,0,0,2607.14282226563,0,0,0,1955.35717773438,0,3584.82141113281,0,2933.03567504883,2607.14282226563,1042.85717773438,0,0,3910.71429443359,521.428588867188,4685.8115234375,12214.384765625,0,2696.66772460938,0,0,0,0,0,0,0,0,2607.14282226563,0,0,0,0,0,0,0,0,0,0,66609.421875,1159.11950683594
"NGA",3,1,"LSMS-ISA2015",2015,2,5,513,348,0,50057,6,0,0,0,0,0,0,0,0,5066.66666666667,843.333312988281,0,0,6083.33333333333,0,13035.71484375,0,6083.33349609375,666.666687011719,0,3196.25952148438,0,0,0,0,5214.28580729167,0,0,0,2607.14290364583,0,0,0,3823.80965169271,0,3823.8095703125,869.047607421875,2172.61905924479,8690.47591145833,0,0,0,9559.52360026042,434.523803710938,0,9120.07421875,0,0,0,0,0,0,0,0,0,0,0,0,0,1828.73225911458,0,0,0,0,0,0,202.777770996094,83322.1328125,1159.11950683594
"NGA",3,1,"LSMS-ISA2015",2015,2,5,513,348,0,50058,6,0,0,0,0,0,0,0,0,4600,1240.67468261719,0,0,0,0,0,0,1216.66662597656,500,0,5705.33837890625,0,0,0,0,5214.28580729167,0,0,0,0,0,0,3476.1904296875,1303.57145182292,869.047607421875,5214.28564453125,869.047607421875,6952.38094075521,3128.5712890625,2433.33333333333,869.047607421875,0,6952.380859375,1738.09521484375,4998.19856770833,6514.33854166667,2667.06038411458,0,0,0,0,0,0,0,0,0,0,0,0,0,0,0,0,0,0,0,0,66462.515625,1159.11950683594
"NGA",3,1,"LSMS-ISA2015",2015,2,5,513,348,0,50059,13,0,0,0,0,0,0,0,0,2184.61538461538,722.161193847656,0,0,0,0,2406.59344951923,0,0,0,0,24338.552734375,0,0,0,0,0,0,0,0,0,0,0,0,0,0,1002.74722055288,0,401.098895733173,0,1123.07692307692,0,0,2406.59344951923,641.758244441106,0,15033.0889423077,0,8297.43990384615,0,1831.52734375,0,0,0,0,0,13265.0324519231,2005.49444110577,0,0,2905.39633413462,0,0,0,0,0,0,0,78565.1796875,1159.11950683594
"NGA",3,1,"LSMS-ISA2015",2015,2,5,513,348,0,50060,5,0,0,0,0,0,0,0,0,9920,243.33332824707,0,0,0,0,0,0,1946.66662597656,0,0,6373.31689453125,0,0,0,0,0,0,1042.85712890625,0,0,0,0,0,0,0,1251.42861328125,0,312.857153320312,0,417.14287109375,0,0,3128.571484375,0,0,12507.5296875,0,0,0,0,0,0,0,0,0,0,3128.571484375,0,0,1564.2857421875,0,0,0,0,849.928564453125,0,0,42686.48828125,1159.11950683594
"NGA",3,1,"LSMS-ISA2015",2015,2,5,514,710,0,50061,12,0,0,0,0,0,0,0,0,2230,617.063537597656,10138.888671875,0,2027.77783203125,0,0,0,4055.5556640625,500,0,8344.4248046875,0,0,0,0,15208.3333333333,0,0,0,1564.28564453125,0,0,0,1738.09521484375,0,6952.38077799479,347.619059244792,4345.23803710938,5475,1303.57145182292,0,0,9211.90470377604,304.166666666667,8746.84700520833,0,0,0,0,0,0,0,0,0,0,0,0,0,0,0,0,0,0,0,0,0,405.555541992188,83516.7109375,8577.484375
"NGA",3,1,"LSMS-ISA2015",2015,2,5,514,710,0,50062,10,0,0,0,0,0,0,0,0,3270,1088.8095703125,1581.66674804688,0,0,0,2607.1427734375,486.666650390625,2433.33349609375,0,0,7044.5107421875,0,0,0,0,0,0,0,0,625.714306640625,0,0,0,0,0,4692.85708007813,260.714282226562,3649.99995117188,1564.2857421875,2242.1427734375,0,0,11992.8573242188,1042.85715332031,7497.2984375,5472.04453125,0,0,0,0,0,0,0,0,0,3175.7275390625,0,0,0,0,0,0,0,0,0,0,243.33332824707,60971.9609375,8577.484375
"NGA",3,1,"LSMS-ISA2015",2015,2,5,514,710,0,50063,9,0,0,0,0,0,0,0,0,1333.33333333333,394.973510742188,0,0,0,0,1738.09526909722,0,1757.40734863281,0,0,2225.89501953125,0,5686.77508929474,4623.88962367883,0,6769.97016178328,0,0,0,812.396467126819,0,0,2030.9911496066,1353.99405762456,947.795851187886,3046.4865802378,676.997028812279,1760.19228227168,3046.4865802378,1015.4955748033,0,0,1015.49553876028,406.198233563409,0,0,0,0,0,0,0,0,0,0,0,0,0,0,0,0,0,0,0,0,0,0,0,40642.86328125,8577.484375
"NGA",3,1,"LSMS-ISA2015",2015,2,5,514,710,0,50064,10,0,0,0,0,0,0,0,0,4080,880.476196289063,9733.333984375,0,1460,0,3128.571484375,0,3041.66674804688,400,1825,7044.5107421875,0,0,0,0,10950,0,0,0,1042.85712890625,0,0,0,1564.2857421875,0,4380,0,6257.14296875,2920,1825,0,0,10949.9998046875,365,9371.621875,3908.603125,0,0,0,0,0,0,0,0,0,0,0,0,0,0,0,0,0,0,0,0,243.33332824707,85371.3984375,8577.484375
"NGA",3,1,"LSMS-ISA2015",2015,2,5,514,710,0,50065,12,0,0,0,0,0,0,0,0,2700,1058.03576660156,0,0,2027.77783203125,0,3041.66666666667,0,3244.44458007813,291.666656494141,0,4038.873046875,0,3910.71419270833,0,0,9125,0,1086.30948893229,0,0,0,0,0,1955.35709635417,0,3476.1904296875,2607.14282226563,2389.88098144531,2281.25,1955.35709635417,0,0,9081.54744466146,304.166666666667,0,2931.45247395833,0,0,0,0,0,0,0,0,0,0,869.047607421875,0,0,1828.3427734375,0,0,0,0,0,0,253.472229003906,60457.69921875,8577.484375
"NGA",3,1,"LSMS-ISA2015",2015,2,5,514,710,0,50066,9,0,0,0,0,0,0,0,0,4084.44444444444,978.306884765625,0,0,1351.85188802083,0,0,0,3244.4443359375,400,0,11125.8994140625,0,0,0,0,4403.17447916667,0,1158.73014322917,0,695.238118489583,0,0,0,1158.73014322917,0,2896.82533094618,0,1158.73014322917,926.984157986111,1738.09526909722,0,0,15642.8570963542,405.555555555556,14578.078125,0,0,0,0,0,0,0,0,0,0,0,0,0,0,710.87744140625,0,0,0,0,0,0,540.74072265625,67199.5703125,8577.484375
"NGA",3,1,"LSMS-ISA2015",2015,2,5,514,710,0,50067,14,0,0,0,260.714285714286,0,0,0,0,2028.57142857143,268.197265625,0,0,0,0,0,0,2520.23828125,0,0,6609.2998046875,0,0,0,0,2979.591796875,0,0,0,0,0,0,0,1676.02036830357,0,1936.73468889509,1117.34695870536,4655.61216517857,1899.48981584821,1117.34695870536,0,0,1676.0204031808,744.89794921875,6694.015625,2791.859375,0,0,0,0,0,0,0,0,0,0,0,0,0,0,0,0,0,0,0,0,0,38975.9609375,8577.484375
"NGA",3,1,"LSMS-ISA2015",2015,2,5,514,710,0,50068,11,0,0,0,0,0,0,0,0,2327.27272727273,481.168853759766,0,0,2212.12127130682,0,1896.10387073864,0,3318.18188476563,553.030334472656,0,4091.81323242188,0,0,0,0,16923.3075668195,0,0,0,1160.45541468824,0,0,1450.56924471534,967.046133550754,0,1643.97848146362,0,1498.92151916014,5415.458420454,483.523066775377,0,0,3142.90000062376,290.11385367206,9733.18895159823,10148.5032889724,0,0,0,0,0,0,0,0,0,0,0,0,0,0,0,0,0,0,0,0,0,67737.6640625,8577.484375
"NGA",3,1,"LSMS-ISA2015",2015,2,5,514,710,0,50069,6,0,0,0,0,0,0,0,0,2766.66666666667,761.90478515625,0,0,0,0,0,0,3650,0,0,21452.1953125,0,0,0,0,12416.515041603,0,3104.12876040074,0,4257.09101438297,0,0,6208.25752080149,0,0,2039.85608950429,0,2305.92421785738,0,886.893919540444,0,0,1330.34092131985,532.136376797871,8926.46772744219,9307.35934209861,0,0,0,0,0,0,0,0,0,0,0,0,0,0,19072.484666975,0,0,0,0,0,0,99018.21875,8577.484375
"NGA",3,1,"LSMS-ISA2015",2015,2,5,514,710,0,50070,12,0,0,0,0,0,0,0,0,7933.33333333333,1262.89685058594,4055.5556640625,0,1520.83333333333,0,3476.1904296875,0,3244.4443359375,283.333343505859,0,8344.4248046875,0,0,0,0,18250,0,869.047607421875,0,521.428588867188,0,0,0,1738.09521484375,0,6648.21427408854,2259.52384440104,3693.45239257813,6083.33333333333,1955.35709635417,1564.28564453125,0,11992.857421875,304.166666666667,10933.55859375,0,0,0,0,0,0,0,0,0,0,0,0,0,0,2801.00748697917,0,0,0,0,0,0,608.333312988281,100343.6796875,8577.484375
"NGA",3,1,"LSMS-ISA2015",2015,2,5,501,60,0,50071,9,0,666.666687011719,0,0,0,0,0,0,5555.55555555556,1792.01062011719,0,0,1351.85188802083,0,0,0,3244.4443359375,666.666687011719,0,5385.1640625,0,0,0,8111.11111111111,6952.38107638889,0,0,0,0,3476.19053819444,0,6662.69835069444,1738.09526909722,0,8690.47580295139,579.365071614583,3997.61903211806,1564.28569878472,1738.09526909722,869.047634548611,0,15353.1745876736,0,0,0,4445.10069444444,0,0,0,0,0,0,0,0,0,0,0,0,0,0,0,0,0,0,0,0,82839.9921875,3477.35864257813
"NGA",3,1,"LSMS-ISA2015",2015,2,5,501,60,0,50072,11,0,1090.90905761719,0,0,0,0,0,0,8400,2338.31176757813,0,0,3318.18181818182,0,0,0,11724.2431640625,636.363647460938,0,50415.69140625,0,0,0,0,11376.6235795455,0,0,0,1943.50641424006,4740.25958806818,0,11850.6491477273,2844.15580610795,3081.16885653409,12324.6747159091,1896.10387073864,5214.28560014205,0,2844.15589488636,2986.36364746094,0,8295.45454545455,1422.07794744318,0,0,13246.265625,0,0,0,0,0,0,0,0,0,0,5322.634765625,0,0,3883.36683238636,0,0,0,0,0,0,171195.453125,3477.35864257813
"NGA",3,1,"LSMS-ISA2015",2015,2,5,501,60,0,50073,10,0,1200,0,0,0,0,0,0,3800,435,0,0,1825,0,0,0,2068.33349609375,900,0,18044.234375,0,1432.61185516902,0,0,1146.08949985598,0,1719.13430178749,0,0,0,0,0,2292.17899971195,0,9741.76057569113,573.044749927987,2578.70134867418,2292.17899971195,1146.08949985598,0,0,2292.17903682764,916.871645298093,6179.59170205666,0,4396.6088843598,0,0,0,0,0,0,0,0,0,0,0,0,1146.08955503491,0,0,0,0,0,0,0,66125.703125,3477.35864257813
"NGA",3,1,"LSMS-ISA2015",2015,2,5,501,60,0,50074,7,0,0,0,486.666678292411,0,0,0,0,1171.42857142857,721.428588867188,0,0,0,0,0,0,347.619049072266,3428.57153320313,0,2739.65087890625,0,4719.35675866478,1258.49515278003,4955.32450117187,8022.90641634537,0,786.559432863228,0,786.559432863228,0,0,6292.47546290583,0,0,4090.10909420656,393.279716431614,3067.58182798042,0,393.279716431614,0,0,1966.39863630529,393.279716431614,0,0,0,0,0,0,0,0,0,0,0,0,0,0,0,0,0,0,0,0,0,0,0,46020.97265625,3477.35864257813
"NGA",3,1,"LSMS-ISA2015",2015,2,5,501,60,0,50075,7,869.047668457031,0,0,869.047642299107,0,0,0,0,5571.42857142857,2038.77551269531,0,0,0,0,3352.04073660714,0,2259.52392578125,571.428588867188,0,9321.91796875,0,0,0,37244.8973214286,11173.4698660714,0,1117.34695870536,0,0,0,0,2979.591796875,0,0,4692.85714285714,0,7076.53051757813,0,1191.83677455357,0,0,4841.83677455357,1191.83673967634,0,0,0,0,0,0,0,0,0,0,0,0,0,0,0,0,0,0,0,0,0,0,0,96363.40625,3477.35864257813
"NGA",3,1,"LSMS-ISA2015",2015,2,5,501,60,0,50076,8,1368.75,0,0,319.375,0,0,0,0,2687.5,4176.63671875,0,0,0,0,651.785705566406,0,3041.66674804688,3175,0,2397.19458007813,0,0,0,0,4566.68542455328,1427.08912103272,713.54456051636,0,856.253512735399,2140.63375132092,0,3567.72273280996,0,1070.31687566046,3496.3684703843,0,1926.5703273607,2854.17824206544,998.962403919281,0,0,9062.01608954134,856.253512735399,0,0,14233.8948866165,0,0,0,0,0,0,6421.9009748754,0,0,0,0,0,0,0,0,0,0,0,0,532.291687011719,72542.5859375,3477.35864257813
"NGA",3,1,"LSMS-ISA2015",2015,2,5,501,60,0,50077,12,0,500,0,0,0,0,0,0,4600,1071.23010253906,0,0,1520.83333333333,0,0,0,0,500,0,3750.82885742188,0,0,912.5,0,2607.14290364583,0,0,0,869.047607421875,0,0,4127.97623697917,0,1303.57145182292,4345.23811848958,0,4997.02384440104,0,1303.57145182292,1086.30948893229,0,3258.92854817708,434.523803710938,2499.09928385417,0,6689.47688802083,0,0,0,0,0,0,0,0,0,0,0,0,0,3559.7529296875,0,0,0,0,0,0,49937.05078125,3477.35864257813
"NGA",3,1,"LSMS-ISA2015",2015,2,5,501,60,0,50078,5,4380,2160,0,1946.6666015625,0,0,0,0,4160,5290.9521484375,0,0,3650,0,5214.285546875,0,1472.16674804688,800,0,47506.484375,0,0,0,52142.85625,9385.7140625,0,1042.85712890625,0,2085.7142578125,0,0,4171.428515625,0,1564.2857421875,4692.8572265625,0,5214.28564453125,4171.428515625,2920,625.714306640625,0,20335.7142578125,1251.42861328125,0,0,0,0,0,0,0,0,0,0,0,0,0,0,0,0,0,0,0,0,0,0,0,186184.84375,3477.35864257813
"NGA",3,1,"LSMS-ISA2015",2015,2,5,501,60,0,50079,9,0,666.666687011719,0,0,0,0,0,0,4733.33333333333,1875.26452636719,0,0,2703.70377604167,0,0,0,3514.81494140625,511.111114501953,0,5001.10498046875,0,0,2027.77777777778,0,4634.92057291667,0,0,0,2317.46028645833,0,0,6952.380859375,1738.09526909722,2375.39680989583,5793.65082465278,579.365071614583,6373.01578776042,0,1738.09526909722,2896.82541232639,0,8111.11100260417,579.365071614583,6247.74869791667,0,7270.57855902778,0,0,0,0,0,0,0,0,0,0,0,0,0,3559.75282118056,0,0,0,0,0,0,82201.53125,3477.35864257813
"NGA",3,1,"LSMS-ISA2015",2015,2,5,501,60,0,50080,18,0,333.333343505859,0,0,0,0,0,0,1611.11111111111,246.75927734375,0,0,2027.77777777778,0,8690.4765625,0,1689.81494140625,666.666687011719,0,7150.73193359375,0,0,347.619059244792,0,0,0,0,0,0,0,0,2317.46028645833,0,0,4490.07942708333,0,1448.41267903646,0,115.873019748264,0,0,2346.42857530382,144.841267903646,4165.16579861111,0,3111.57052951389,0,0,135.761461046007,0,816.421881781684,0,0,0,0,0,0,0,289.682562934028,0,0,0,0,0,0,33.7962951660156,42179.78515625,3477.35864257813
"NGA",3,1,"LSMS-ISA2015",2015,2,5,516,942,0,50081,5,0,0,0,730,0,1265.33330078125,0,0,1560,1138.57153320313,0,0,5110,12166.66640625,0,0,17033.33203125,1216.66674804688,0,9001.9892578125,0,0,0,10950,25028.571875,12514.2859375,0,0,8760,7821.42890625,0,9385.7140625,0,0,4797.14296875,4171.42861328125,5422.85708007813,3545.714453125,1564.2857421875,0,0,4171.428515625,521.428564453125,1802.8892578125,3757.874609375,0,0,0,0,0,0,0,0,0,0,0,0,0,0,0,0,0,0,0,0,0,153437.625,6027.42138671875
"NGA",3,1,"LSMS-ISA2015",2015,2,5,516,942,0,50082,9,0,0,0,0,0,0,0,0,7000,371.428588867188,0,0,0,0,3476.19053819444,675.925944010417,7300,555.555541992188,0,15511.8837890625,0,6045.79405936331,5580.73296279129,0,17938.0708736273,0,0,2989.67829341342,3321.86473545376,0,13287.4589418151,5979.35658682685,0,0,10928.9353527875,1328.74592568654,6311.54310762978,6975.91620348911,3986.23788556657,0,0,13619.6458809401,498.279735695821,0,0,0,0,0,4044.94516569851,0,0,0,0,0,0,0,0,0,0,0,0,0,0,0,0,270.370361328125,137998.5625,6027.42138671875
"NGA",3,1,"LSMS-ISA2015",2015,2,5,516,942,0,50083,6,0,0,0,0,0,0,0,0,4233.33333333333,859.126953125,0,0,0,0,8690.47591145833,811.111083984375,6691.66650390625,450,0,5423.94873046875,0,0,0,0,9559.52376302083,0,0,0,2085.71435546875,0,0,7821.42838541667,1738.09521484375,0,5388.09521484375,869.047607421875,4345.23803710938,3476.1904296875,2607.14290364583,3128.57153320313,0,21291.6661783854,434.523803710938,4373.42350260417,5862.90494791667,0,0,0,2607.14290364583,0,0,0,0,0,0,0,0,0,2437.79020182292,0,0,0,0,0,0,0,105186.15625,6027.42138671875
"NGA",3,1,"LSMS-ISA2015",2015,2,5,516,942,0,50084,9,0,0,0,0,0,0,0,0,3088.88888888889,1022.75128173828,0,0,811.111111111111,0,2896.82530381944,946.296332465278,1892.59265136719,300,0,9016.97265625,0,0,0,0,4634.92057291667,0,0,0,2317.46028645833,0,0,0,1738.09526909722,0,3997.61903211806,0,3476.1904296875,0,1738.09526909722,695.238118489583,0,20046.0319010417,289.682535807292,4165.16579861111,5211.47092013889,0,0,0,2317.46006944444,0,0,0,0,0,0,0,2834.62348090278,3476.19053819444,1625.19346788194,3559.75282118056,0,0,0,0,0,811.111083984375,82909.75,6027.42138671875
"NGA",3,1,"LSMS-ISA2015",2015,2,5,516,942,0,50085,4,0,0,0,4562.5,0,1520.83337402344,0,0,1900,1781.54760742188,0,0,8516.6669921875,0,5214.28564453125,0,27375,0,0,11252.486328125,0,0,0,13687.5,22812.5,0,0,0,10950,6517.85693359375,9125,5214.28564453125,0,3258.92846679688,4432.14294433594,3910.71423339844,5214.28570556641,4432.14306640625,1303.57141113281,0,0,13035.7141113281,651.785705566406,0,1954.30151367188,0,0,0,476.438293457031,0,0,0,0,0,0,1955.35717773438,0,0,0,0,0,0,0,0,0,0,171055.84375,6027.42138671875
"NGA",3,1,"LSMS-ISA2015",2015,2,5,516,942,0,50086,7,0,0,0,0,0,0,0,0,2528.57142857143,217.346939086914,0,0,0,0,2979.591796875,0,0,0,0,3064.46215820313,0,0,0,0,3065.95776517205,0,0,0,919.787373805158,0,0,0,0,0,3525.85148575143,1149.73419681675,3679.14934610825,2606.06425865779,2299.4683936335,153.297895534157,0,5518.72401916237,536.542615880556,11571.9196323192,0,0,0,0,0,0,0,0,0,0,0,3065.95776517205,0,7664.8942734212,0,0,0,0,0,0,0,0,54547.3203125,6027.42138671875
"NGA",3,1,"LSMS-ISA2015",2015,2,5,516,942,0,50087,6,0,0,0,0,0,0,0,0,3566.66666666667,373.809539794922,0,0,1419.44449869792,0,3476.1904296875,0,6083.33349609375,466.666656494141,0,8077.74609375,0,0,0,0,6952.380859375,0,2607.14290364583,0,2085.71435546875,0,0,7386.90494791667,1738.09521484375,0,4084.52376302083,0,5214.28564453125,2780.95247395833,2607.14290364583,4171.4287109375,0,21291.6663411458,434.523803710938,0,9771.5078125,0,0,0,0,0,0,0,0,0,0,0,2125.96761067708,0,3656.685546875,0,0,0,0,0,0,0,100372.78125,6027.42138671875
"NGA",3,1,"LSMS-ISA2015",2015,2,5,516,942,0,50088,5,0,0,0,0,0,730,0,0,1920,469.285736083984,0,0,0,0,0,0,0,0,0,6061.0751953125,0,0,0,0,10950,0,0,0,3754.285546875,0,0,0,0,0,2294.2857421875,0,4171.42856445312,0,1042.85712890625,0,0,2607.14287109375,521.428564453125,6208.06171875,2903.7447265625,4573.8734375,0,0,0,0,0,0,0,0,0,0,0,0,0,9283.43359375,0,0,0,0,0,0,57490.90234375,6027.42138671875
"NGA",3,1,"LSMS-ISA2015",2015,2,5,516,942,0,50089,3,0,0,0,0,0,0,0,0,3633.33333333333,873.8095703125,0,0,0,0,5214.28580729167,0,0,6400,0,7150.41162109375,0,0,0,0,6952.380859375,0,0,0,2085.71435546875,0,0,0,1738.09521484375,0,4345.23803710938,869.047607421875,5214.28572591146,2780.95247395833,2607.14290364583,0,0,20161.904296875,869.047607421875,0,13028.6770833333,0,0,0,3476.19010416667,0,0,0,0,0,0,0,2125.96761067708,0,0,0,0,0,0,0,0,811.111083984375,90337.609375,6027.42138671875
"NGA",3,1,"LSMS-ISA2015",2015,2,5,516,942,0,50090,5,0,0,0,0,0,0,0,0,3120,1006.42852783203,0,0,0,0,0,0,3650,0,0,6061.0751953125,0,0,0,0,4209.37084098344,0,0,0,1052.34271024586,0,0,9471.08429384842,0,0,7366.39907008534,0,4209.37089264386,0,0,0,0,4419.83944318412,526.17135512293,5295.8437555846,5521.81695535591,0,0,0,97.3715205732104,0,0,0,0,0,0,0,0,0,0,4.04747200458669,0,0,0,0,0,0,56011.1640625,6027.42138671875
"NGA",3,1,"LSMS-ISA2015",2015,2,5,508,984,0,50091,14,434.523834228516,0,0,695.238071986607,0,0,0,0,3000,1840.47631835938,0,0,1738.09528459821,0,5214.28571428571,0,8690.4755859375,857.142883300781,0,3214.99609375,0,0,0,1862.24483816964,7448.97935267857,0,0,0,1862.24490792411,0,0,2979.591796875,1862.24483816964,0,3501.02036830357,744.89794921875,2979.59183175223,6517.85714285714,893.877580915179,372.448974609375,0,10242.346609933,297.959193638393,4016.40987723214,1395.9296875,0,0,0,0,0,0,0,0,0,0,0,0,1447.45256696429,0,0,0,0,0,0,0,0,74110.328125,9852.515625
"NGA",3,1,"LSMS-ISA2015",2015,2,5,508,984,0,50092,15,0,0,0,162.222216796875,0,0,0,0,3200,503.492065429688,0,0,1622.222265625,0,0,0,2433.33325195313,666.666687011719,0,21093.412109375,0,0,0,1251.428515625,347.61904296875,0,0,0,869.047607421875,0,0,3128.57135416667,0,0,2502.85716145833,0,3128.57135416667,1390.476171875,695.2380859375,0,0,3997.6189453125,347.61904296875,4998.19895833333,2605.73541666667,0,0,0,0,0,0,0,0,0,2902.54661458333,0,0,0,0,0,0,0,0,0,0,0,57846.875,9852.515625
"NGA",3,1,"LSMS-ISA2015",2015,2,5,508,984,0,50093,5,0,0,0,3650,0,0,0,0,2600,879.523803710938,0,0,0,0,0,0,0,0,0,14089.021484375,0,0,0,0,6257.14296875,0,0,0,0,0,0,4171.428515625,1042.85712890625,1564.2857421875,2815.71435546875,0,3650.00004882812,4171.428515625,2920,0,0,4692.8572265625,1042.85717773438,15744.325,0,0,0,0,0,0,0,0,0,0,0,0,0,0,2094.1755859375,0,0,0,0,0,0,0,71385.6171875,9852.515625
"NGA",3,1,"LSMS-ISA2015",2015,2,5,508,984,0,50094,6,0,0,0,0,0,0,0,0,1833.33333333333,592.460266113281,0,0,0,0,0,0,3041.66674804688,200,0,10667.7314453125,0,0,0,0,0,0,0,0,0,0,0,0,0,1738.09521484375,2172.61897786458,0,260.714294433594,6952.380859375,1390.47623697917,0,0,1738.09521484375,521.428588867188,13120.2708333333,0,0,3595.55696614583,0,0,0,0,0,0,0,0,0,0,0,608.333333333333,0,0,0,0,121.666666666667,0,0,48554.83203125,9852.515625
"NGA",3,1,"LSMS-ISA2015",2015,2,5,508,984,0,50095,5,0,0,0,0,0,0,0,0,5720,1520.95239257813,0,0,0,0,5214.285546875,0,7300,800,0,3110.87353515625,0,7717.14296875,0,0,0,0,0,0,1042.85712890625,0,0,8342.8572265625,0,3128.571484375,4171.428515625,0,3128.57143554687,6257.14296875,1564.2857421875,0,0,11992.8570800781,1042.85712890625,0,0,0,0,0,0,0,0,0,0,0,0,0,0,0,4853.296875,0,0,0,0,0,0,0,76907.984375,9852.515625
"NGA",3,1,"LSMS-ISA2015",2015,2,5,508,984,0,50096,3,0,0,0,0,0,0,0,0,666.666666666667,405.555541992188,0,0,0,0,0,0,0,0,0,3417.31225585938,0,0,0,0,0,0,0,0,0,0,0,0,0,0,0,0,0,0,0,0,0,1911.90478515625,0,12495.4973958333,2605.7353515625,0,0,0,0,0,0,0,0,0,0,0,1738.09521484375,0,4168.60819498698,0,1317.05004882813,0,0,1416.54760742188,0,0,30142.970703125,9852.515625
"NGA",3,1,"LSMS-ISA2015",2015,2,5,508,984,0,50097,10,0,0,0,0,0,121.666662597656,0,0,3560,1119.40466308594,0,0,0,0,0,0,1216.66674804688,400,0,4846.6474609375,0,0,0,0,2085.7142578125,0,0,0,0,0,0,3650,0,1042.85712890625,5214.2857421875,0,4171.42856445312,0,782.14287109375,1042.85712890625,0,2867.85708007812,1042.85712890625,6747.56796875,0,4026.781640625,0,0,0,0,0,0,0,0,0,0,0,0,0,4271.703515625,0,0,0,0,0,0,48210.4453125,9852.515625
"NGA",3,1,"LSMS-ISA2015",2015,2,5,508,984,0,50098,7,0,0,0,0,0,0,0,0,3342.85714285714,1891.15649414063,0,0,0,0,0,0,0,285.714294433594,0,3326.09619140625,0,0,0,0,3186.86756150002,0,0,0,398.358445187503,0,0,1195.07537613738,1195.07537613738,0,6373.73512300004,0,3824.24117680824,0,2390.15075227477,2390.15075227477,0,4780.30150454954,0,5727.74942188961,0,12305.4437820792,0,0,0,0,0,0,0,0,0,0,0,0,0,3263.47517478639,0,0,0,0,0,0,55876.44921875,9852.515625
"NGA",3,1,"LSMS-ISA2015",2015,2,5,508,984,0,50099,9,0,0,0,0,0,0,0,0,2777.77777777778,2241.26977539063,0,0,0,0,0,0,2162.962890625,333.333343505859,0,5462.169921875,0,26071.4288194444,0,0,0,0,0,0,579.365071614583,0,0,1738.09526909722,0,869.047634548611,3476.1904296875,0,3765.87299262153,0,869.047634548611,0,0,3765.87299262153,289.682535807292,0,6080.04947916667,0,0,0,1158.73003472222,0,0,0,0,0,0,0,0,0,0,0,0,0,0,0,0,0,61640.8984375,9852.515625
"NGA",3,1,"LSMS-ISA2015",2015,2,5,508,984,0,50100,12,0,0,0,0,0,0,0,0,2700,881.448425292969,0,0,0,0,0,0,0,500,0,2852.66918945313,0,0,0,0,1738.09521484375,0,651.785725911458,0,521.428588867188,0,0,1955.35717773438,0,0,1738.09521484375,0,2607.14284261068,0,1303.57145182292,434.523803710938,0,4127.97619628906,869.047607421875,6560.13541666667,977.150797526042,0,0,0,0,0,0,0,0,0,0,3041.66666666667,0,0,1537.5458984375,1779.87646484375,0,0,0,0,0,0,36777.515625,9852.515625
"NGA",3,1,"LSMS-ISA2015",2015,2,5,514,2036,1,50101,7,2607.14282226563,1714.28576660156,0,3476.19056919643,0,0,0,0,5571.42857142857,2176.87084960938,0,0,0,0,0,0,6952.38134765625,528.571411132813,3724.48967633929,4704.36767578125,0,0,3650,2607.14285714286,4469.38783482143,0,1489.7958984375,0,0,0,0,3724.48967633929,2234.69391741071,0,4096.93868582589,2979.591796875,7821.42864118304,2979.591796875,2085.71428571429,0,0,26071.4282924107,1527.04080636161,0,0,0,0,0,0,0,0,0,0,0,0,0,0,0,0,0,0,0,0,0,0,0,97192.96875,2962.1943359375
"NGA",3,1,"LSMS-ISA2015",2015,2,5,514,2036,1,50102,6,2433.33325195313,1000,0,2027.77783203125,0,0,0,0,3276.66666666667,3881.34936523438,0,0,0,0,5214.28580729167,1013.88891601563,6083.33349609375,333.333343505859,0,3541.81567382813,0,0,0,6952.380859375,6952.380859375,0,0,0,1738.09521484375,3476.1904296875,0,8690.47591145833,3476.1904296875,0,4605.95231119792,2607.14282226563,6952.38094075521,3476.1904296875,3041.66666666667,2085.71435546875,0,9559.52384440104,1781.54760742188,1874.32438151042,651.433837890625,0,0,0,0,0,0,0,0,0,0,0,0,0,0,0,0,0,0,0,0,506.944458007813,97234.34375,2962.1943359375
"NGA",3,1,"LSMS-ISA2015",2015,2,5,514,2036,1,50103,6,0,1400,0,2027.77783203125,0,0,0,0,1600,507.738128662109,0,0,0,0,0,0,0,166.66667175293,0,4006.0263671875,0,0,1042.85717773438,5214.28580729167,10428.5716145833,0,0,0,3128.5712890625,0,0,3041.66666666667,0,0,1911.90478515625,0,2607.14282226563,3041.66666666667,869.047607421875,0,0,2607.14282226563,521.428588867188,0,0,0,0,0,0,0,0,0,0,0,0,0,0,0,0,0,0,0,0,0,0,0,44122.49609375,2962.1943359375
"NGA",3,1,"LSMS-ISA2015",2015,2,5,514,2036,1,50104,8,4562.5,1500,0,3041.66674804688,0,0,0,0,6975,4913.48193359375,0,0,0,0,5214.28564453125,0,3650,862.5,0,1870.845703125,0,2607.14282226563,2607.14282226563,3128.57153320313,9125,0,0,0,0,0,0,5214.28564453125,1629.46423339844,0,4301.78576660156,0,4236.60711669922,3910.71435546875,977.678588867188,0,0,0,1075.44641113281,0,0,0,0,0,0,0,0,0,0,0,0,0,0,0,0,0,0,0,0,0,0,228.125,71632.25,2962.1943359375
"NGA",3,1,"LSMS-ISA2015",2015,2,5,514,2036,1,50105,4,9125,6000,0,4562.5,0,3041.66674804688,0,0,27150,13839.2861328125,2433.33325195313,0,0,0,15642.857421875,0,36500,2450,0,8208.826171875,0,0,0,1564.28576660156,83428.5747070313,19553.572265625,0,11732.142578125,3650,3258.92846679688,0,18250,0,3258.92846679688,8603.57153320313,2607.14282226563,7821.42846679688,4888.39306640625,1955.35717773438,3128.57153320313,0,19423.2141113281,0,0,977.150756835938,0,0,0,0,0,0,0,0,0,0,0,0,0,0,0,0,0,0,0,0,1216.66662597656,324271.40625,2962.1943359375
"NGA",3,1,"LSMS-ISA2015",2015,2,5,514,2036,1,50106,3,12166.6669921875,8000,0,6083.33333333333,0,0,0,0,10000,13680.4765625,0,0,0,0,10428.5716145833,0,6488.888671875,2800,0,7455.69384765625,0,0,0,6257.142578125,17380.9524739583,26071.4296875,0,0,0,0,0,6952.380859375,0,0,7300,0,7821.4287109375,6952.380859375,1738.09521484375,0,0,10428.5712890625,2346.42854817708,0,2605.7353515625,0,0,0,0,0,0,0,0,0,0,0,0,0,0,0,0,0,0,0,0,811.111083984375,173769.296875,2962.1943359375
"NGA",3,1,"LSMS-ISA2015",2015,2,5,514,2036,1,50107,2,9125,6000,0,3041.66674804688,0,3650,0,0,11800,13927.380859375,2433.33325195313,0,0,0,10428.5712890625,0,24333.333984375,1000,0,10441.169921875,0,0,12775,0,10428.5712890625,0,2607.14282226563,5214.28564453125,0,5214.28564453125,0,13035.7138671875,5214.28564453125,0,9776.78564453125,5214.28564453125,19553.5715332031,5214.28564453125,3650,9385.7138671875,0,48232.142578125,3128.57141113281,0,0,0,0,0,0,0,0,0,0,0,0,0,0,0,0,0,0,0,0,0,0,1520.83337402344,256345.921875,2962.1943359375
"NGA",3,1,"LSMS-ISA2015",2015,2,5,514,2036,1,50109,4,0,3000,0,4562.5,0,912.5,0,0,5000,838.6904296875,0,0,9125,0,0,0,18250,6333.33349609375,0,4009.3134765625,0,6387.5,3650,0,13687.5,0,0,0,3910.71435546875,0,0,18250,0,0,6908.92858886719,0,5475,3428.39282226563,14339.2852783203,0,0,10037.5,782.142883300781,0,0,0,0,0,0,0,0,0,0,0,0,0,0,0,0,0,0,0,0,0,0,0,138888.296875,2962.1943359375
"NGA",3,1,"LSMS-ISA2015",2015,2,5,514,2036,1,50110,22,0,818.181823730469,0,1659.09090909091,0,165.909090909091,0,0,1454.54545454545,397.023803710938,0,0,2765.15145596591,0,0,0,2212.12133789063,902.272705078125,0,1492.51379394531,0,3484.09090909091,0,2133.11683238636,2133.11683238636,0,474.025967684659,0,1137.66237571023,0,0,2370.12979403409,1185.06489701705,0,3341.88316761364,0,4503.24667080966,948.051935369318,592.532448508523,0,0,1659.09088689631,355.519486860795,0,1243.646484375,0,0,0,0,0,0,0,0,0,0,0,0,0,0,0,0,0,0,0,0,0,37427.9921875,2962.1943359375
"NGA",3,1,"LSMS-ISA2015",2015,2,5,508,718,0,50112,10,0,0,0,608.333349609375,0,0,0,0,3000,373.809509277344,0,0,1216.66669921875,0,3128.571484375,0,1460,200,0,5155.7763671875,0,0,2555,0,14600,0,0,0,0,0,0,3128.571484375,0,782.14287109375,2450.7142578125,0,2346.42856445313,2398.57138671875,1407.85712890625,0,0,4692.85712890625,834.285717773437,7872.1625,0,0,0,0,0,0,0,0,0,0,0,0,0,0,0,0,0,0,0,0,0,0,58211.75,6568.34375
"NGA",3,1,"LSMS-ISA2015",2015,2,5,508,718,0,50113,9,0,0,0,0,0,0,0,0,4622.22222222222,1743.12170410156,0,0,0,0,0,0,4055.5556640625,666.666687011719,0,5385.1640625,0,0,0,0,3476.19053819444,0,0,0,0,0,0,6373.01573350694,0,1158.73014322917,9269.84136284722,579.365071614583,4345.23806423611,2780.95247395833,1738.09526909722,869.047634548611,0,6662.69835069444,869.047634548611,4165.16579861111,1302.86773003472,6667.65060763889,0,0,0,0,0,0,0,0,0,0,0,0,0,0,0,0,0,0,0,0,66730.640625,6568.34375
"NGA",3,1,"LSMS-ISA2015",2015,2,5,508,718,0,50114,9,0,0,0,270.370361328125,0,0,0,0,4577.77777777778,608.465576171875,0,0,1622.22222222222,0,0,0,1351.85192871094,266.666656494141,579.365071614583,7250.380859375,0,5677.77777777778,1216.66666666667,2780.95247395833,0,0,0,0,0,0,0,4055.55555555556,0,0,1332.53971354167,0,1622.22220865885,0,1622.22222222222,0,0,6373.01584201389,811.111138237847,0,0,0,0,0,0,0,0,0,0,0,0,0,0,0,45.5537448459201,0,0,0,0,0,0,0,42064.71875,6568.34375
"NGA",3,1,"LSMS-ISA2015",2015,2,5,508,718,0,50115,1,0,0,0,0,0,0,0,0,4800,1129.76196289063,0,0,0,0,0,0,0,0,0,14558.0908203125,0,0,0,0,0,0,0,0,0,0,0,0,0,0,6257.14306640625,0,9385.71423339844,0,0,0,0,5214.28564453125,3128.57153320313,14994.595703125,0,0,10786.6708984375,0,0,0,0,0,0,0,0,0,0,0,1564.28576660156,0,3951.15014648438,0,0,0,0,0,75770.265625,6568.34375
"NGA",3,1,"LSMS-ISA2015",2015,2,5,508,718,0,50116,5,0,0,0,0,0,0,0,0,4480,2000.95239257813,0,0,4866.666796875,0,0,0,1216.66674804688,600,0,4290.2470703125,0,0,0,0,6257.14296875,0,0,0,0,0,0,5735.7142578125,0,1042.85712890625,8342.8572265625,0,7299.99995117188,3754.285546875,1564.2857421875,1564.2857421875,0,11992.85703125,1042.85712890625,7497.2984375,0,6400.944921875,0,0,0,0,0,0,0,0,0,0,0,0,0,0,0,0,0,0,0,0,79949.9140625,6568.34375
"NGA",3,1,"LSMS-ISA2015",2015,2,5,508,718,0,50117,1,0,0,0,0,0,0,0,0,13000,6627.380859375,0,0,0,0,0,0,0,2000,0,18095.37109375,0,0,0,0,20857.142578125,0,0,0,0,0,0,10428.5712890625,0,15642.857421875,20857.142578125,0,23464.2858886719,0,0,20857.1428222656,0,242464.28515625,0,7497.2978515625,0,4000.59057617188,0,0,0,0,0,0,0,0,0,0,0,0,0,10679.2587890625,0,0,0,0,0,0,416471.34375,6568.34375
"NGA",3,1,"LSMS-ISA2015",2015,2,5,508,718,0,50118,6,0,0,0,405.555541992188,0,0,0,0,3066.66666666667,1262.69836425781,0,0,5069.4443359375,0,5214.28580729167,0,12166.6669921875,933.333312988281,0,12731.9150390625,0,4345.23795572917,0,8690.47591145833,8690.47591145833,0,1303.57145182292,0,3476.1904296875,0,0,7821.42838541667,4345.23811848958,0,5909.52392578125,0,3910.71427408854,4692.85709635417,1911.90478515625,0,0,15816.6665039063,695.238118489583,0,0,0,0,0,0,0,0,0,0,0,0,0,0,0,0,0,0,0,0,0,0,202.777770996094,112662.859375,6568.34375
"NGA",3,1,"LSMS-ISA2015",2015,2,34,3410,0,0,50119,14,0,0,0,0,0,0,0,0,1714.28571428571,508.248291015625,260.714294433594,0,3041.66657366071,0,13035.7142857143,0,6083.3330078125,114.285713195801,0,1785.71423339844,0,0,0,0,0,3724.48967633929,2234.69391741071,0,1713.26524135045,0,0,5586.73493303571,7448.97935267857,1489.7958984375,1676.02036830357,4469.38762555804,3612.75512695313,0,1676.02036830357,558.673479352679,0,4283.16326032366,372.448974609375,0,0,2641.12458147321,4242.29994419643,0,0,0,0,0,0,0,0,0,4305.02008928571,0,0,3380.69056919643,0,0,0,0,0,0,79959.5234375,6568.34375
"NGA",3,1,"LSMS-ISA2015",2015,2,5,508,718,0,50120,6,0,0,0,1013.88891601563,0,0,0,0,3600,967.77783203125,0,0,0,0,2607.14290364583,0,4055.5556640625,933.333312988281,869.047607421875,9287.724609375,0,6517.857421875,0,0,3476.1904296875,0,1042.85717773438,0,2607.14290364583,0,0,6952.380859375,2607.14290364583,0,5214.28556315104,869.047607421875,4345.23811848958,5214.28580729167,869.047607421875,0,0,7386.90458170573,434.523803710938,0,0,0,0,0,0,0,0,0,0,0,0,0,0,0,869.047607421875,0,0,0,0,0,0,202.777770996094,71943.203125,6568.34375
"NGA",3,1,"LSMS-ISA2015",2015,2,5,510,872,1,50121,5,0,1200,0,0,3650,0,0,0,3920.8,5707.619140625,0,0,0,0,5214.285546875,0,2433.33349609375,480,0,3378.22583007813,0,0,5110,0,5422.85703125,0,1042.85712890625,0,3337.1427734375,2085.7142578125,0,0,3128.571484375,0,2346.428515625,2085.7142578125,6778.57138671875,2085.7142578125,1564.2857421875,0,0,22942.8568359375,1251.42856445313,0,0,0,0,0,0,0,0,0,0,0,0,0,0,0,0,0,0,0,0,0,0,7300,92466.40625,1738.67932128906
"NGA",3,1,"LSMS-ISA2015",2015,2,5,510,872,1,50122,1,0,36000,0,0,0,12166.6669921875,0,0,76000,14957.142578125,12166.6669921875,0,146000,0,26071.427734375,0,243333.328125,79000,0,71284.1953125,0,0,0,0,31285.71484375,0,0,0,10428.5712890625,130357.140625,62571.4296875,46928.5703125,0,28678.5712890625,21900,15642.8569335938,19292.857421875,9125,5214.28564453125,78214.2880859375,0,587128.560546875,4953.57153320313,0,0,0,0,0,0,0,0,0,0,0,0,0,0,0,0,0,0,0,0,0,0,6083.33349609375,1774784.125,1738.67932128906
"NGA",3,1,"LSMS-ISA2015",2015,2,5,510,872,1,50123,1,0,6000,0,0,0,6691.66650390625,0,0,4200,3076.4287109375,0,0,0,0,36500,0,24333.333984375,0,0,25620.46875,0,0,0,0,31285.71484375,13035.7138671875,10428.5712890625,23464.28515625,12514.2861328125,0,0,20857.142578125,0,0,11471.4287109375,0,6778.57141113281,9125,5214.28564453125,0,0,31285.7138671875,3128.57153320313,0,0,0,0,0,0,0,0,0,0,0,0,0,0,0,0,0,0,0,0,0,0,0,285011.1875,1738.67932128906
"NGA",3,1,"LSMS-ISA2015",2015,2,5,510,872,1,50124,7,0,3428.57153320313,0,3476.19056919643,0,0,0,0,6600,1125.17004394531,0,0,3476.19056919643,0,7448.97935267857,0,5214.28564453125,400,0,5635.10791015625,0,0,0,5363.26506696429,16387.7550223214,12663.265625,0,0,2979.591796875,0,0,13408.1629464286,1862.24483816964,1862.24483816964,4767.34695870536,0,5735.71435546875,5214.28571428571,1117.34695870536,0,0,5586.73451450893,1191.83677455357,0,2233.48744419643,0,0,0,0,0,0,0,0,0,0,0,0,0,0,0,0,0,0,0,0,695.238098144531,117873.0078125,1738.67932128906
"NGA",3,1,"LSMS-ISA2015",2015,2,5,510,872,1,50125,13,0,1384.61535644531,0,935.8974609375,0,187.179480919471,0,0,1892.30769230769,740.750915527344,0,0,935.8974609375,0,2005.49444110577,0,5615.384765625,123.076919555664,0,2525.79272460938,0,0,0,2406.59344951923,7219.78004807692,0,0,0,2406.59344951923,2807.69230769231,0,3609.89002403846,2406.59344951923,0,1684.61538461538,0,1203.29668719952,2105.76923076923,802.197791466346,0,0,2607.14280348558,240.659348707933,5014.20372596154,2605.92487980769,0,0,0,0,0,0,0,0,0,0,0,0,0,0,0,0,0,0,0,0,0,53467.36328125,1738.67932128906
"NGA",3,1,"LSMS-ISA2015",2015,2,5,510,872,1,50126,2,0,15000,0,9125,0,0,0,0,23400,9521.4287109375,0,0,0,0,26071.427734375,0,27375,1800,0,12900.466796875,0,0,4171.4287109375,6257.14306640625,20857.1430664063,6517.85693359375,0,0,3128.57153320313,3910.71435546875,0,22160.71484375,6517.85693359375,10428.5712890625,5475,6517.85717773438,9646.4287109375,4562.5,2607.14282226563,0,0,13035.7138671875,2476.78576660156,0,0,0,0,0,0,0,0,0,0,0,0,0,2607.14282226563,0,0,0,0,0,0,0,0,19466.666015625,275538.53125,1738.67932128906
"NGA",3,1,"LSMS-ISA2015",2015,2,5,510,872,1,50127,5,0,4800,0,0,0,2433.3333984375,0,0,12800,38459.5234375,0,0,12166.66640625,0,0,0,20683.33203125,4866.6669921875,0,8946.255859375,0,1460,1251.42861328125,0,7039.2859375,0,0,6257.14296875,6674.285546875,4171.428515625,0,15642.8578125,0,0,3650,5214.2857421875,9385.7142578125,2085.7142578125,1564.2857421875,0,0,53185.7140625,2137.85712890625,0,0,0,0,0,0,0,0,0,0,0,0,0,0,0,0,0,0,0,0,0,0,2433.33349609375,227309.125,1738.67932128906
"NGA",3,1,"LSMS-ISA2015",2015,2,5,510,872,1,50128,3,0,8000,0,0,2027.77783203125,4055.5556640625,0,0,17000,8701.5869140625,0,0,8111.111328125,0,34761.9036458333,0,24333.333984375,1333.33337402344,0,22478.138671875,0,0,12166.6666666667,0,14078.5716145833,0,0,6952.380859375,6952.380859375,6952.380859375,0,8690.47591145833,8690.47591145833,0,5648.80940755208,8690.47623697917,15642.8570963542,3476.1904296875,2607.14290364583,0,0,31285.71484375,3563.09521484375,0,0,0,0,0,0,0,0,0,0,0,0,0,0,0,0,0,0,0,0,0,0,2027.77783203125,268228.15625,1738.67932128906
"NGA",3,1,"LSMS-ISA2015",2015,2,5,510,872,1,50129,8,0,2250,0,0,0,1672.91662597656,0,0,3150,949.553588867188,0,0,9125,0,0,760.416687011719,7604.16650390625,4562.5,0,15824.5185546875,0,0,0,2933.03564453125,7821.4287109375,3910.71435546875,0,2933.03564453125,3128.57153320313,2281.25,0,5866.0712890625,3910.71435546875,5866.0712890625,2933.03564453125,1825.00003051758,1955.35711669922,3421.875,1303.57141113281,5540.1787109375,0,10102.6784667969,391.071441650391,0,0,0,0,0,0,0,0,0,0,0,0,0,0,0,0,0,0,0,0,0,0,380.208343505859,112402.9296875,1738.67932128906
"NGA",3,1,"LSMS-ISA2015",2015,2,5,510,872,1,50130,1,0,24000,0,0,0,9733.3330078125,0,0,32200,49038.09375,0,0,60833.33203125,18250,0,0,73000,30416.666015625,0,70000,0,0,0,0,15642.857421875,0,0,15642.857421875,18250,20857.142578125,0,52142.85546875,0,15642.857421875,11732.142578125,28678.5712890625,31285.7143554688,5214.28564453125,5214.28564453125,18771.427734375,0,114714.283203125,4692.85717773438,0,0,0,0,0,0,0,0,0,0,0,0,0,0,0,0,0,0,0,0,0,0,6083.33349609375,732036.875,1738.67932128906
"NGA",3,1,"LSMS-ISA2015",2015,2,5,518,1588,0,50131,9,0,0,0,0,0,0,0,0,5333.33333333333,8073.80908203125,0,0,2703.70377604167,0,2896.82530381944,0,5407.40771484375,1033.33337402344,0,14301.4638671875,0,0,0,0,4171.42838541667,0,579.365071614583,0,0,0,0,4519.04774305556,0,869.047634548611,1332.53971354167,0,1738.09521484375,3476.19053819444,1564.28569878472,0,0,17380.9519314236,1042.85715060764,2915.61566840278,0,6223.14105902778,0,0,0,0,0,0,0,0,0,0,0,0,4196.68359375,0,0,0,0,0,0,0,89759.125,3129.62280273438
"NGA",3,1,"LSMS-ISA2015",2015,2,5,518,1588,0,50132,6,0,0,0,0,0,0,0,0,3300,550.396850585938,0,0,2027.77783203125,0,13035.71484375,0,0,1500,0,6652.05419921875,0,0,0,0,6952.380859375,0,0,0,869.047607421875,0,0,0,1564.28564453125,0,3128.57153320313,0,1303.57141113281,2607.14290364583,0,0,0,6083.33333333333,1303.57141113281,3123.87434895833,0,1215.10074869792,0,0,0,0,0,0,0,0,0,0,0,0,1303.57149251302,0,0,0,0,0,0,0,56520.3984375,3129.62280273438
"NGA",3,1,"LSMS-ISA2015",2015,2,5,518,1588,0,50133,9,0,0,0,0,0,0,0,0,5022.22222222222,2630.68798828125,0,0,675.925944010417,0,0,0,811.111083984375,666.666687011719,0,3367.26391601563,0,0,0,0,2422.04294396656,0,0,0,787.163966492046,0,0,8477.15043325514,0,1211.02147198328,1332.12365799326,0,484.408598496225,0,1634.87899886235,0,0,5146.84130183536,726.612919393467,7835.63680570667,0,4645.69981093836,0,0,2764.92776517188,0,0,0,0,0,19281.7703928814,0,0,0,4386.07209444512,3720.39783227666,0,0,0,0,0,0,78030.625,3129.62280273438
"NGA",3,1,"LSMS-ISA2015",2015,2,5,518,1588,0,50134,8,0,0,0,0,0,182.5,0,0,5200,47.9166641235352,0,0,2281.25,0,5214.28564453125,0,3041.66674804688,500,0,3983.32299804688,0,0,0,0,1303.57141113281,0,0,0,2281.25,0,0,0,1955.35717773438,0,1564.28576660156,651.785705566406,1303.57141113281,0,0,0,0,3258.92858886719,325.892852783203,2342.90576171875,0,5000.73828125,0,0,0,0,0,0,0,0,0,0,0,0,1938.64483642578,0,0,0,0,0,0,76.0416641235352,42453.91796875,3129.62280273438
"NGA",3,1,"LSMS-ISA2015",2015,2,5,518,1588,0,50135,6,0,0,0,0,0,0,0,0,4900,1092.46032714844,0,0,0,0,4345.23795572917,0,0,5055.5556640625,0,3338.84252929688,0,0,0,0,6952.380859375,0,2607.14290364583,0,0,0,0,5214.28580729167,0,1303.57145182292,1911.90478515625,521.428588867188,173.809529622396,3476.1904296875,2346.42854817708,0,0,15642.8567708333,869.047648111979,0,0,9334.71158854167,0,0,0,0,0,0,0,0,0,0,0,0,3947.66495768229,0,0,0,0,0,0,0,73033.5234375,3129.62280273438
"NGA",3,1,"LSMS-ISA2015",2015,2,5,518,1588,0,50136,15,0,0,0,0,0,0,0,0,3386.66666666667,1587.14282226563,0,0,1622.222265625,0,0,0,2190,286.666656494141,0,2020.35827636719,0,0,0,0,2780.95234375,0,695.2380859375,0,1425.23803710938,0,0,2780.95234375,0,1042.85716145833,4345.23811848958,1216.66663411458,3128.57141927083,0,1042.85716145833,1494.76190592448,0,5214.28567708333,347.61904296875,1999.27942708333,0,2684.52109375,0,0,0,0,0,0,0,0,0,0,0,0,0,2467.08958333333,0,0,0,0,0,0,43759.19140625,3129.62280273438
"NGA",3,1,"LSMS-ISA2015",2015,2,5,518,1588,0,50137,12,0,0,0,0,0,0,0,0,3816.66666666667,150.694442749023,0,0,1520.83333333333,0,3476.1904296875,0,2027.77783203125,1133.33337402344,0,15036.8623046875,0,0,0,0,1738.09521484375,0,0,0,1173.21425374349,0,0,4345.23795572917,1520.83333333333,0,5214.28556315104,0,1086.3095296224,0,651.785725911458,0,0,1303.57145182292,217.261901855469,4061.03645833333,1628.58463541667,1666.91276041667,0,0,0,0,0,0,0,0,0,1738.09521484375,0,0,651.78574625651,0,0,0,0,0,0,0,54159.3671875,3129.62280273438
"NGA",3,1,"LSMS-ISA2015",2015,2,5,518,1588,0,50138,7,0,0,0,0,0,0,0,0,3942.85714285714,1244.38781738281,0,0,2607.14285714286,0,0,0,2085.71435546875,571.428588867188,0,6429.9921875,0,0,0,0,0,0,744.89794921875,0,1489.7958984375,0,0,2607.14285714286,744.89794921875,2532.65304129464,5214.28564453125,0,5586.73472377232,2532.65318080357,2234.69391741071,3054.08164760045,0,10428.5712890625,744.89794921875,4284.17020089286,0,4314.40904017857,4622.85881696429,0,0,0,0,0,0,0,0,0,0,0,0,0,2183.5302734375,0,0,0,0,0,70201.796875,3129.62280273438
"NGA",3,1,"LSMS-ISA2015",2015,2,5,518,1588,0,50139,12,0,0,0,0,0,0,0,0,6000,2469.34521484375,0,0,2534.72216796875,0,0,0,4055.5556640625,666.666687011719,1520.83333333333,3540.40551757813,0,0,0,0,3476.1904296875,0,0,0,2129.16668701172,1303.57145182292,0,5648.8095703125,1303.57145182292,2172.61905924479,4779.76192220052,869.047607421875,4127.97615559896,0,1303.57145182292,3128.57143147786,0,8690.47615559896,651.785725911458,1874.32438151042,0,2516.73860677083,0,0,0,0,0,0,0,0,0,0,0,0,0,2669.81461588542,0,0,0,0,0,0,67433.5234375,3129.62280273438
"NGA",3,1,"LSMS-ISA2015",2015,1,31,3105,0,1,50140,4,0,750,0,0,0,1520.83337402344,0,0,7300,1955.95239257813,0,0,63875,0,0,0,3041.66674804688,2500,0,3750,0,0,5475,10950,29200,0,5214.28564453125,0,15642.857421875,18250,0,1303.57141113281,2607.14282226563,2607.14282226563,13035.7138671875,1955.35717773438,10428.5711669922,14339.2861328125,4562.5,651.785705566406,0,2607.14282226563,651.785705566406,0,0,0,0,0,0,0,0,0,0,0,0,0,0,0,0,0,0,0,0,0,0,0,224175.59375,3129.62280273438
"NGA",3,1,"LSMS-ISA2015",2015,2,5,510,1516,0,50141,10,0,0,0,0,0,0,0,0,5380,467.261901855469,0,0,3041.6666015625,0,1042.85712890625,0,9733.333984375,2260,0,3991.232421875,0,0,0,0,16685.7140625,0,0,0,1147.14287109375,1042.85712890625,0,9385.7140625,2607.1427734375,521.428564453125,3702.14289550781,521.428564453125,3180.71430664063,8342.85703125,1407.85712890625,0,0,7717.1427734375,1955.35708007812,12416.1234375,3871.66015625,0,0,0,0,0,0,0,0,0,0,3128.571484375,0,0,0,0,0,0,0,0,0,0,103550.21875,6143.33349609375
"NGA",3,1,"LSMS-ISA2015",2015,2,5,510,1516,0,50142,10,0,0,0,0,0,0,0,0,3160,884.047668457031,0,0,0,0,0,0,0,960,0,3991.232421875,0,0,0,0,6257.14296875,0,0,0,625.714306640625,0,0,4171.428515625,1303.57138671875,0,3441.42861328125,521.428564453125,1772.85712890625,3128.571484375,782.14287109375,0,0,4171.42856445312,834.285717773437,0,13550.809375,0,0,0,0,0,0,0,0,0,0,0,0,0,0,0,0,0,0,0,0,0,49556.0859375,6143.33349609375
"NGA",3,1,"LSMS-ISA2015",2015,2,5,510,1516,0,50143,11,0,0,0,0,0,0,0,0,1527.27272727273,249.675338745117,0,0,1106.06063565341,0,0,0,3096.9697265625,698.48486328125,0,8663.607421875,0,0,0,0,3792.20774147727,0,0,0,1137.66237571023,474.025967684659,0,0,948.051935369318,0,1185.06494140625,0,1659.09090909091,2488.63636363636,474.025967684659,0,0,2370.1298384233,284.415593927557,5925.87713068182,4619.59410511364,0,0,0,0,0,0,0,4266.23366477273,0,0,0,0,0,0,0,0,0,0,0,0,0,44967.0859375,6143.33349609375
"NGA",3,1,"LSMS-ISA2015",2015,2,5,510,1516,0,50144,10,0,0,0,0,0,0,0,0,2720,1142.95239257813,0,0,0,0,3128.571484375,0,2920,110,0,2173.11865234375,0,0,0,0,6257.14296875,0,0,0,625.714306640625,0,0,0,1564.2857421875,0,3232.85712890625,782.14287109375,2867.85712890625,1564.2857421875,782.14287109375,0,0,6257.1427734375,1068.92856445313,0,5472.04453125,0,0,0,0,0,0,0,0,0,0,0,0,0,0,0,0,0,0,0,0,608.333374023438,43277.51953125,6143.33349609375
"NGA",3,1,"LSMS-ISA2015",2015,2,5,510,1516,0,50145,10,0,0,0,0,0,0,0,0,5140,391.190490722656,0,0,1825,0,0,486.666650390625,973.333312988281,1930,0,15939.205078125,0,0,0,0,6257.14296875,0,0,0,1251.42861328125,0,0,7039.2859375,1303.57138671875,1564.2857421875,4588.571484375,0,3128.57138671875,1825,782.14287109375,0,0,2346.42856445313,2085.7142578125,8691.28671875,8711.234375,0,0,0,0,0,0,0,0,0,0,0,0,0,0,0,0,0,0,0,0,0,76260.0625,6143.33349609375
"NGA",3,1,"LSMS-ISA2015",2015,2,5,510,1516,0,50146,14,0,0,0,0,0,0,0,0,1142.85714285714,413.435363769531,0,0,0,0,0,173.809517996652,1390.47619628906,100,0,3461.89111328125,0,0,0,0,2607.14285714286,0,744.89794921875,0,0,0,0,1489.7958984375,744.89794921875,0,1191.83673967634,0,1638.7754952567,1191.83677455357,372.448974609375,0,0,2234.69384765625,521.428571428571,9312.09263392857,7259.36216517857,0,0,0,0,0,0,0,0,0,0,0,0,0,0,0,0,0,0,0,0,0,35991.67578125,6143.33349609375
"NGA",3,1,"LSMS-ISA2015",2015,2,5,510,1516,0,50147,9,0,0,0,0,0,0,0,0,3244.44444444444,254.047637939453,0,0,2703.70377604167,0,0,0,4325.92578125,2405.5556640625,0,4434.70263671875,0,0,0,0,2317.46028645833,0,0,0,1738.09529622396,0,0,2317.46028645833,1448.41265190972,0,2896.82541232639,0,2201.58723958333,3041.66666666667,579.365071614583,0,0,7300.00010850694,1448.41271972656,1379.5693359375,7528.22743055556,0,0,0,0,0,0,0,0,0,0,0,0,0,0,0,0,0,0,0,0,0,51565.4609375,6143.33349609375
"NGA",3,1,"LSMS-ISA2015",2015,2,5,510,1516,0,50148,10,0,0,0,0,0,0,0,0,1340,356.309509277344,0,0,1216.66669921875,0,0,365,3650,100,0,10013.3095703125,0,0,0,0,3128.571484375,1564.2857421875,0,0,1042.85712890625,1303.57138671875,0,1564.2857421875,0,0,1147.14287109375,0,1355.71430664063,1772.8572265625,782.14287109375,0,0,0,365,9312.09296875,7259.3625,0,0,0,0,0,0,0,0,0,0,0,0,0,0,0,0,0,0,0,0,0,47639.16796875,6143.33349609375
"NGA",3,1,"LSMS-ISA2015",2015,2,5,510,1516,0,50149,11,0,0,0,0,0,0,0,0,2181.81818181818,1446.3203125,0,0,1659.09090909091,0,2844.15589488636,0,4424.24267578125,727.272705078125,0,5818.76220703125,0,0,0,0,0,0,0,0,3602.59730113636,0,0,2370.12979403409,711.038973721591,711.038973721591,5925.32475142046,237.01298384233,2701.94802024148,2844.15589488636,1659.09090909091,0,0,10428.5712002841,971.753240411932,3407.86292613636,3553.27556818182,0,0,0,0,0,0,0,0,0,0,0,0,0,0,0,0,0,0,0,0,221.212112426758,58446.671875,6143.33349609375
"NGA",3,1,"LSMS-ISA2015",2015,2,5,510,1516,0,50150,12,0,0,0,0,0,0,0,0,2908.33333333333,1671.626953125,0,0,2027.77783203125,0,2085.71435546875,0,6083.33349609375,250,0,5437.78564453125,0,0,0,0,5214.28580729167,0,0,3476.1904296875,86.9047648111979,0,0,2172.61897786458,1303.57141113281,1086.30948893229,4953.57137044271,0,3041.66670735677,3476.1904296875,651.785725911458,0,0,3693.45235188802,890.773803710938,2499.09928385417,1954.30159505208,0,0,0,0,0,0,0,0,0,0,912.499918619792,0,0,0,0,0,0,0,0,0,253.472229003906,56131.26171875,6143.33349609375
"NGA",3,1,"LSMS-ISA2015",2015,2,5,518,1304,0,50151,3,0,0,0,0,0,0,0,0,9133.33333333333,1199.36511230469,0,0,4055.5556640625,0,8690.47591145833,0,3244.4443359375,800,0,12375.0380859375,0,0,0,0,17380.9518229167,0,0,0,0,0,0,0,0,0,1911.90478515625,0,869.047607421875,2954.76204427083,1390.47623697917,0,0,25202.3802083333,2954.76196289063,7497.29752604167,0,9334.71158854167,0,0,0,0,0,1656.24072265625,0,0,0,0,0,0,6845.42179361979,0,0,0,0,0,0,0,117496.171875,3825.09448242188
"NGA",3,1,"LSMS-ISA2015",2015,2,5,518,1304,0,50152,10,0,0,0,608.333349609375,0,0,0,0,4240,405,0,0,1216.66669921875,0,3128.571484375,0,2433.33349609375,1946.66662597656,0,3712.51123046875,0,0,730,0,3128.571484375,2607.1427734375,0,0,0,0,0,2085.7142578125,0,0,1772.85717773438,260.714282226562,469.285717773438,782.14287109375,1460,625.714306640625,0,13661.4283691406,677.857153320312,0,0,4800.70859375,0,0,0,0,0,0,0,0,0,0,0,0,1845.055078125,0,0,0,0,0,0,0,52598.2734375,3825.09448242188
"NGA",3,1,"LSMS-ISA2015",2015,2,5,518,1304,0,50153,5,0,0,0,0,0,851.66669921875,0,0,7280,1171.66674804688,0,0,0,0,10428.57109375,0,0,2600,0,6007.62451171875,0,0,0,0,8342.85703125,0,0,0,3337.14291992188,0,0,0,2085.7142578125,0,6152.85712890625,2085.7142578125,1042.85712890625,4171.428515625,1042.85712890625,0,0,23464.2850097656,521.428564453125,3748.64921875,2345.1619140625,0,0,0,0,0,2641.9044921875,0,0,0,0,0,0,0,4038.93740234375,0,0,0,0,0,0,243.33332824707,93604.65625,3825.09448242188
"NGA",3,1,"LSMS-ISA2015",2015,2,5,518,1304,0,50154,5,0,0,0,0,0,0,0,0,4800,526.666625976563,486.666656494141,0,0,0,0,0,0,4000,0,20026.619140625,0,0,0,0,0,0,0,0,0,0,0,0,1042.85712890625,1877.1427734375,2398.571484375,0,0,0,1251.42861328125,0,0,12514.285546875,1147.14287109375,7497.2984375,0,8001.18125,6472.00234375,0,0,0,1911.9046875,1599.858203125,0,0,0,0,0,0,4002.96730957031,0,0,0,0,0,0,0,79556.5859375,3825.09448242188
"NGA",3,1,"LSMS-ISA2015",2015,2,5,518,1304,0,50155,14,0,0,0,0,0,0,0,0,3585.71428571429,614.625854492188,0,0,869.047642299107,0,0,0,1390.47631835938,633.333312988281,0,3461.89111328125,0,0,1825,0,0,0,0,0,0,0,0,5586.73493303571,0,0,819.387765066964,0,372.448974609375,0,446.938790457589,0,0,6331.63253348214,484.18368094308,5355.21316964286,0,1714.53878348214,0,0,0,0,0,0,0,0,0,0,0,0,2697.86802455357,0,0,0,0,0,0,0,36189.03515625,3825.09448242188
"NGA",3,1,"LSMS-ISA2015",2015,2,5,518,1304,0,50156,9,0,0,0,0,0,0,0,0,6000,1998.94189453125,0,0,2703.70377604167,0,0,0,5407.40771484375,777.777770996094,0,3615.9658203125,0,0,0,0,4634.92057291667,0,0,0,579.365071614583,1448.41265190972,0,0,0,1882.9365234375,6662.69845920139,2607.14290364583,3939.68252224392,0,1738.09526909722,2143.65077039931,0,6083.33333333333,1158.73014322917,6664.26475694444,0,4474.20182291667,0,0,0,0,0,0,0,7386.90494791667,0,1042.85709635417,942.171440972222,0,0,3559.75282118056,0,0,0,0,0,0,77452.9296875,3825.09448242188
"NGA",3,1,"LSMS-ISA2015",2015,2,5,518,1304,0,50157,13,0,0,0,0,0,0,0,0,5615.38461538462,1771.70324707031,0,0,935.8974609375,0,0,0,2807.6923828125,384.615386962891,0,3728.1904296875,0,0,0,0,1620.73482575624,0,0,0,1418.14299131676,1215.55115687728,0,0,0,891.404176701992,3565.61670680797,405.183706439061,5267.38824004794,2431.10231375456,1134.51439305341,850.885813570105,0,5267.38829638808,202.591853219531,3495.53093971404,0,3520.2033495798,0,0,0,0,0,0,0,2046.17772315127,0,0,0,0,0,0,0,0,0,0,0,0,48575.90234375,3825.09448242188
"NGA",3,1,"LSMS-ISA2015",2015,2,5,518,1304,0,50158,5,0,0,0,0,0,0,0,0,4760,3324.76171875,0,0,0,0,0,0,0,1040,0,5451.5947265625,0,0,0,0,0,0,2085.7142578125,0,417.14287109375,0,0,6778.5712890625,0,2085.7142578125,6257.1427734375,0,10428.5713867188,0,2920,2607.14287109375,0,6778.5712890625,1564.2857421875,4498.378515625,0,4026.781640625,4314.668359375,0,0,0,0,0,0,0,0,1251.42861328125,0,0,0,4271.703515625,0,0,0,0,0,0,74862.171875,3825.09448242188
"NGA",3,1,"LSMS-ISA2015",2015,2,5,518,1304,0,50159,17,0,0,0,0,0,85.8823529411765,0,0,3494.11764705882,734.73388671875,0,0,715.686293658088,0,3987.39476102941,0,3578.431640625,705.88232421875,0,19433.05078125,0,0,0,0,6134.45358455882,0,0,0,1686.97478170956,0,0,2760.50413602941,2147.05876608456,0,2423.10923138787,306.722684972426,1533.61342486213,3067.22679227941,736.134478400735,0,0,7361.34461167279,306.722684972426,3307.63166360294,1149.58915441176,0,0,0,0,0,0,0,0,0,0,0,1116.70875459559,0,842.409596162684,0,0,0,0,0,0,71.5686264038086,67686.9609375,3825.09448242188
"NGA",3,1,"LSMS-ISA2015",2015,2,5,518,1304,0,50160,3,0,0,0,0,0,608.333333333333,0,0,4800,2538.88891601563,0,0,0,0,17380.9518229167,0,0,1000,0,5184.7890625,0,2607.14290364583,1390.47623697917,0,6952.380859375,0,0,0,3997.61901855469,0,0,0,5214.28580729167,0,5561.90478515625,0,6952.380859375,3476.1904296875,0,0,0,25202.3806966146,173.809529622396,0,0,0,0,0,0,0,0,0,0,0,0,0,0,0,0,0,0,0,0,0,0,121.666664123535,93163.203125,3825.09448242188
"NGA",3,1,"LSMS-ISA2015",2015,2,5,520,1756,0,50161,11,0,0,0,0,0,0,0,0,1727.27272727273,858.008728027344,0,0,3318.18181818182,0,0,0,6636.36376953125,698.48486328125,0,2544.32104492188,0,0,0,0,5688.31178977273,0,0,11376.6235795455,948.051935369318,1422.07794744318,0,2370.12979403409,1422.07794744318,0,2227.92205255682,0,2844.15576171875,0,474.025967684659,0,0,4740.259765625,1422.07794744318,19752.9232954545,15398.6463068182,0,0,0,0,0,0,0,0,0,0,0,0,0,686.730024857955,2813.16193181818,0,0,0,0,0,0,89369.8046875,3593.2705078125
"NGA",3,1,"LSMS-ISA2015",2015,2,5,520,1756,0,50162,11,0,0,0,0,0,0,0,0,4763.63636363636,368.614715576172,0,0,2654.54545454545,0,0,553.030317826705,1327.27270507813,1651.51525878906,0,3628.39306640625,0,0,0,0,7110.38991477273,0,0,0,948.051935369318,0,0,2133.11683238636,711.038973721591,0,2559.7402787642,0,1185.06491921165,1659.09090909091,711.038973721591,0,0,0,900.649369673296,13827.046875,6379.43963068182,0,0,0,0,0,0,0,0,0,0,0,0,0,419.330699573864,0,0,0,0,0,0,0,53491.0078125,3593.2705078125
"NGA",3,1,"LSMS-ISA2015",2015,2,5,520,1756,0,50163,6,0,0,0,0,0,0,0,0,3633.33333333333,2143.25390625,811.111083984375,0,3041.66666666667,0,3476.1904296875,1216.66666666667,0,333.333343505859,0,5705.33837890625,0,0,0,0,0,0,434.523803710938,0,1738.09521484375,0,0,4345.23795572917,869.047607421875,0,2607.14282226563,1738.09521484375,2172.61901855469,1738.09521484375,0,0,0,9298.80940755208,434.523803710938,0,13680.1106770833,0,0,0,0,0,0,0,0,0,0,0,0,0,0,0,0,0,0,0,0,405.555541992188,59822.75,3593.2705078125
"NGA",3,1,"LSMS-ISA2015",2015,2,5,520,1756,0,50164,10,0,0,0,0,0,0,0,0,1500,396.309509277344,0,0,1825,0,0,0,1946.66662597656,768.333374023438,0,6009.4443359375,0,0,0,0,3519.64296875,0,521.428564453125,0,1303.57138671875,0,0,1564.2857421875,0,0,1199.2857421875,0,1042.85712890625,1825,521.428564453125,0,0,2085.7142578125,312.857153320312,13036.9296875,8469.25546875,0,0,0,0,0,0,0,0,0,0,0,0,0,0,0,0,0,0,0,0,0,47848.0078125,3593.2705078125
"NGA",3,1,"LSMS-ISA2015",2015,2,5,520,1756,0,50165,4,0,0,0,0,0,0,0,0,3125,1701.1904296875,1520.83337402344,0,0,0,3910.71435546875,1064.58337402344,0,475,0,6085.5400390625,0,0,0,0,8622.0945592622,0,0,0,1724.41893237558,0,0,0,2874.03141891925,0,5676.21201995039,0,5748.06283783851,5029.5550587348,2011.82202349392,0,0,3592.53921747756,718.507854729814,7231.68470443113,7540.26003519617,0,0,0,1437.01557766201,0,0,0,0,0,0,0,0,0,4031.01372380375,0,0,0,0,0,0,760.416687011719,74880.5,3593.2705078125
"NGA",3,1,"LSMS-ISA2015",2015,2,5,520,1756,0,50166,9,0,0,0,0,0,0,0,0,1511.11111111111,328.306854248047,0,0,2027.77777777778,0,0,1351.85188802083,0,2703.70385742188,0,2414.576171875,0,0,0,0,4634.92057291667,0,0,0,695.238118489583,579.365071614583,0,2317.46028645833,1738.09526909722,0,1332.53971354167,0,1158.73014322917,14194.4444444444,579.365071614583,0,0,9269.84098307292,579.365071614583,6897.84635416667,5377.30555555556,0,0,0,0,0,0,0,0,0,0,0,0,0,0,0,0,0,0,0,0,0,59691.84375,3593.2705078125
"NGA",3,1,"LSMS-ISA2015",2015,2,5,520,1756,0,50167,9,675.925964355469,0,0,2703.70377604167,0,919.259223090278,0,0,6600,1591.79895019531,3379.62963867188,0,3244.44444444444,0,4634.92057291667,540.74072265625,8651.8515625,0,0,11125.8994140625,0,0,0,0,7879.36501736111,1506.34917534722,579.365071614583,6025.39670138889,1158.73014322917,869.047634548611,0,2896.82530381944,1738.09526909722,2317.46028645833,3534.126953125,1738.09521484375,4924.60316297743,3939.68272569444,1158.73014322917,0,0,10544.444281684,463.492078993056,0,12160.0989583333,0,0,0,0,0,0,0,0,0,0,0,0,0,0,0,0,0,0,0,0,946.296325683594,108448.3828125,3593.2705078125
"NGA",3,1,"LSMS-ISA2015",2015,2,5,520,1756,0,50168,4,0,0,0,0,0,0,0,0,4250,2417.85717773438,3041.66674804688,0,12166.6669921875,0,6517.85693359375,0,7300,0,0,9281.2783203125,0,0,0,0,8603.5712890625,0,1955.35717773438,7821.4287109375,1564.28576660156,0,0,6517.85693359375,2607.14282226563,0,2933.03564453125,4562.5,5214.28564453125,1955.35717773438,1303.57141113281,1694.64282226563,0,32328.5712890625,651.785705566406,4685.8115234375,9771.5078125,0,0,0,0,0,0,0,0,0,0,0,0,0,0,0,0,0,0,0,0,912.5,140058.546875,3593.2705078125
"NGA",3,1,"LSMS-ISA2015",2015,2,5,520,1756,0,50169,8,0,0,0,0,0,0,0,0,5950,499.226196289063,0,0,3041.66674804688,0,0,0,2433.33325195313,1860.41674804688,0,2397.19458007813,0,0,0,0,3910.71435546875,0,0,0,0,0,0,0,0,1629.46423339844,2737.5,2607.14282226563,3063.39288330078,2281.25,651.785705566406,0,0,1955.35711669922,521.428573608398,3280.06762695313,4885.75390625,0,0,0,0,0,0,0,0,0,0,0,0,0,0,0,0,0,0,0,0,152.08332824707,43857.78125,3593.2705078125
"NGA",3,1,"LSMS-ISA2015",2015,2,5,520,1756,0,50170,5,0,0,0,0,0,0,0,0,6600,277.238098144531,0,0,0,0,0,0,2433.33349609375,400,0,2582.39379882813,0,0,0,0,6257.14296875,0,0,0,1251.42861328125,0,0,3128.571484375,1042.85712890625,0,3337.14287109375,0,4797.14291992187,0,1042.85712890625,0,0,6465.71440429687,1564.28569335938,2998.919140625,7817.20625,0,0,0,0,0,0,0,0,0,0,0,0,0,0,8543.40703125,0,0,0,0,0,608.333374023438,61147.97265625,3593.2705078125
"NGA",3,1,"LSMS-ISA2015",2015,5,6,602,0,0,60001,1,0,182500,0,0,0,4258.33349609375,0,0,10000,13519.76171875,0,0,0,0,18250,0,65700,0,3128.57153320313,67231.6328125,0,0,0,0,0,0,0,0,6778.57141113281,10428.5712890625,67785.7109375,0,23464.28515625,2085.71435546875,7821.4287109375,0,10428.5712890625,0,521.428588867188,0,0,57878.5718994141,0,0,0,0,18828.8359375,0,8342.8564453125,0,3910.71459960938,0,0,0,20857.142578125,7856.19067382813,5173.548828125,5214.28564453125,18776.7014160156,5866.07177734375,1234.96240234375,3337.142578125,0,7187.60336303711,0,608.333312988281,658975.5,8149.08154296875
"NGA",3,1,"LSMS-ISA2015",2015,5,6,602,1356,0,60002,4,0,0,0,0,0,608.333312988281,0,0,3150,175.982147216797,0,0,0,0,5214.28564453125,0,2433.33325195313,1600,0,2718.86157226563,0,0,0,0,2607.14282226563,0,0,0,521.428588867188,0,0,0,0,5214.28564453125,3650,0,1694.6428527832,2085.71435546875,0,391.071441650391,0,2085.71429443359,1303.57141113281,0,0,0,0,0,3389.28576660156,0,0,5249.79150390625,0,0,47688.9897460938,0,0,1955.35717773438,0,0,0,0,0,278.990634918213,0,0,94016.796875,8149.08154296875
"NGA",3,1,"LSMS-ISA2015",2015,5,6,602,0,0,60004,1,0,0,0,0,0,1216.66662597656,0,0,600,300,0,0,0,0,20857.142578125,0,0,0,0,6770.40576171875,0,0,0,0,0,0,0,0,19675.7774747813,0,0,0,50501.1617832233,0,0,6558.59232883336,1311.71852185247,0,0,9837.88873739066,0,0,4591.01464998077,0,0,0,0,0,11805.4657828085,0,2459.47234270635,68675.3393303581,0,0,0,0,4372.39488588891,0,0,9837.88873739066,0,0,0,472.218655313611,0,0,219843.15625,8149.08154296875
"NGA",3,1,"LSMS-ISA2015",2015,5,6,602,1356,0,60005,1,4866.66650390625,0,0,0,0,8516.6669921875,0,0,8000,20863.09375,0,0,0,0,0,0,0,20000,0,12097.255859375,0,0,0,0,0,0,0,0,0,0,0,0,15642.857421875,0,15642.857421875,0,0,0,0,0,0,0,0,0,0,0,23536.044921875,0,10428.5712890625,0,7890.037109375,0,0,0,86621.892578125,4727.619140625,11324.7768554688,3220.58813476563,11033.80078125,5866.07177734375,6531.5791015625,20092.380859375,0,22447.711227417,0,0,319350.46875,8149.08154296875
"NGA",3,1,"LSMS-ISA2015",2015,5,6,602,1356,0,60006,2,0,0,0,0,0,1216.66662597656,0,0,0,60.8333320617676,0,0,0,0,0,0,0,1280,0,5670.97021484375,0,0,0,0,3910.71435546875,0,0,0,0,0,0,0,0,0,7300,0,1042.85717773438,3128.57153320313,0,0,0,2607.14282226563,3128.57153320313,0,0,0,0,0,3650,0,0,18854.2038574219,0,0,60403.92578125,0,0,0,1629.46423339844,0,0,0,0,557.981269836426,0,0,114441.8984375,8149.08154296875
"NGA",3,1,"LSMS-ISA2015",2015,5,6,602,1356,0,60008,5,486.666656494141,2085.71435546875,0,0,0,1460,0,0,400,1920.95239257813,0,0,0,0,0,0,0,2000,1564.2857421875,6505.1767578125,0,0,0,0,5214.285546875,4171.428515625,0,0,2085.7142578125,0,0,0,2085.7142578125,0,0,521.428564453125,1564.28569335938,0,0,2085.7142578125,625.714306640625,3128.57138671875,0,0,0,0,0,0,4171.428515625,0,2229.7931640625,5614.99453125,0,0,8714.32319335937,2398.571484375,3128.57138671875,2085.7142578125,9671.14643554687,2737.5,274.436083984375,7508.57158203125,2763.57138671875,1083.42838745117,0,0,90287.703125,8149.08154296875
"NGA",3,1,"LSMS-ISA2015",2015,5,6,602,1356,0,60009,4,0,0,0,0,0,1520.83337402344,0,0,250,434.523803710938,0,0,0,0,0,0,1825,500,0,2522.74096679688,0,0,0,0,0,0,0,0,260.714294433594,0,0,0,7821.4287109375,0,3650,0,2085.71429443359,0,0,0,0,0,651.785705566406,0,0,0,4118.8076171875,0,5474.99951171875,0,1303.57141113281,0,0,0,40124.4392089844,0,1940.08093261719,3910.71435546875,814.732116699219,4888.39306640625,0,0,2933.03564453125,6124.3134765625,0,0,93155.828125,8149.08154296875
"NGA",3,1,"LSMS-ISA2015",2015,5,6,602,1356,0,60010,12,0,0,0,0,0,506.944458007813,0,0,850,482.341278076172,0,0,0,0,0,0,1013.88891601563,433.333343505859,0,2524.07788085938,0,0,0,0,1881.22841840561,0,0,0,967.488916879714,0,0,0,0,2418.72218150269,1504.98273472449,0,2149.97535275932,1289.98523606965,0,2956.21600951999,0,806.240762371007,1612.48145982179,0,0,0,2668.73108356139,2280.93830145701,2149.97531206921,0,1103.27673950004,9342.60385670668,0,7185.87939231742,24726.4748438777,0,537.493868707408,1624.56002002931,559.889386906725,0,0,0,0,135.730759400751,0,0,73713.46875,8149.08154296875
"NGA",3,1,"LSMS-ISA2015",2015,5,6,606,1372,0,60012,5,0,0,0,0,0,1216.66669921875,0,0,10080,3044.28564453125,0,0,3650,0,12514.2859375,0,8760,160,0,12261.71484375,0,0,0,0,0,15142.4526629492,0,0,757.122633147462,0,0,0,18711.7447765395,4218.25468073626,1081.60374498261,540.801872491304,3244.81129008932,0,216.320759077815,3244.81133891745,0,1622.40566945872,1622.40566945872,0,0,0,2929.2611986262,0,6258.02167711682,0,0,8711.75004629948,0,0,17125.3928248304,0,2812.16992157475,0,676.00232919627,1622.40566945872,0,0,0,4078.48173852841,0,0,146303.1875,8257.736328125
"NGA",3,1,"LSMS-ISA2015",2015,5,6,606,1372,0,60014,5,0,1200,0,0,0,1216.66669921875,0,0,2960,6229.619140625,0,0,0,0,26071.428125,0,9733.333984375,0,0,47355.3125,0,0,0,0,0,0,0,0,696.187873777434,0,0,8354.25446529298,4177.12745675088,4037.88971235126,6961.87875654812,4177.12745675088,2784.75149510974,0,0,3480.93937827406,0,0,696.187873777434,0,0,0,7541.82358868575,5908.76229698183,6965.53520747789,0,6963.71081872662,2742.76350404762,0,7711.61972870237,27627.2068493112,20328.6866279165,6261.77485691222,10373.1077424286,7902.57372670977,4177.12745675088,3488.26783981187,2864.31595088435,0,9784.64476351831,0,0,260774.609375,8257.736328125
"NGA",3,1,"LSMS-ISA2015",2015,5,6,606,1372,0,60015,4,0,0,0,0,0,912.5,0,0,3050,1086.60717773438,0,0,0,0,19553.572265625,0,9125,160,2607.14282226563,1034.1259765625,0,0,0,0,1955.35717773438,0,0,0,912.5,0,0,0,23464.28515625,0,0,0,2607.14282226563,0,0,0,3258.92846679688,2607.14288330078,0,0,0,0,0,1720.44958496094,2607.14282226563,0,0,13352.7314453125,0,0,0,0,2085.71435546875,3910.71435546875,0,1955.35717773438,0,0,931.122497558594,917.766998291016,0,0,99815.3046875,8257.736328125
"NGA",3,1,"LSMS-ISA2015",2015,5,6,606,1372,0,60016,2,0,0,0,0,0,0,0,0,0,0,0,0,0,0,0,0,0,0,0,9161.341796875,0,0,0,0,12514.2861328125,0,0,0,0,0,0,0,0,0,0,0,0,0,0,0,0,4692.85693359375,0,0,0,0,0,0,0,0,0,0,0,0,0,0,0,0,0,0,0,0,0,0,0,0,26368.484375,8257.736328125
"NGA",3,1,"LSMS-ISA2015",2015,5,6,607,0,0,60017,1,6083.33349609375,6000,0,0,0,1460,0,0,0,10649.76171875,0,0,0,0,104285.7109375,0,29200,0,0,80000,0,0,0,0,5214.28564453125,0,0,0,13035.7138671875,0,0,0,33892.857421875,7821.4287109375,0,6257.14306640625,4171.42858886719,0,0,5214.28564453125,0,143392.858398438,5214.28588867188,0,0,0,0,0,8342.8564453125,0,0,16129.79296875,0,0,0,0,7995.23852539063,0,0,0,0,6257.14306640625,0,62.5714263916016,0,0,500680.6875,8257.736328125
"NGA",3,1,"LSMS-ISA2015",2015,5,6,606,1372,0,60020,4,0,0,0,0,0,1216.66662597656,0,0,1000,912.5,0,0,0,0,13035.7138671875,0,7300,30000,0,3000,0,0,0,0,0,0,0,0,0,0,0,0,16946.4282226563,0,0,0,0,0,0,0,0,9124.99975585938,912.5,0,0,0,11660.3876953125,8297.8603515625,11500.8046875,0,651.785766601563,9792.91015625,0,0,47220.8110351563,1564.28576660156,7354.85845947266,7495.53576660156,12380.7573852539,3910.71435546875,0,3128.57153320313,0,5455.07090759277,0,3041.66674804688,216904.84375,8257.736328125
"NGA",3,1,"LSMS-ISA2015",2015,5,6,608,3978,1,60021,6,0,0,0,0,0,2027.77783203125,0,0,5500,3513.88891601563,0,0,0,0,10428.5716145833,0,8111.111328125,0,0,2367.21899414063,0,0,0,0,0,0,0,0,2607.14290364583,0,0,8690.47591145833,0,0,2172.61897786458,0,869.047607421875,0,0,0,0,1738.09521484375,608.333333333333,0,0,0,0,38617.4765625,8945.0703125,0,434.523844401042,17873.3260091146,0,4345.23795572917,45821.5325520833,0,2417.03861490885,2271.66471354167,6933.99389648438,4055.5556640625,2177.19303385417,2085.71435546875,0,208.571431477865,0,0,184821.171875,10141.0791015625
"NGA",3,1,"LSMS-ISA2015",2015,5,6,608,3978,1,60022,7,1390.47619628906,0,0,0,0,3476.19056919643,0,0,3800,5320.91845703125,0,0,12861.9051339286,0,1191.83677455357,0,6952.38134765625,142.857147216797,0,1724.82885742188,0,0,0,0,3724.48967633929,11173.4698660714,0,0,595.91836983817,0,0,0,3724.48967633929,670.408168247768,0,1489.7958984375,2979.591796875,0,0,4543.87754603795,0,0,1787.75516183036,0,0,0,0,0,2681.63253348214,0,0,22346.9397321429,0,0,32157.6852678571,0,2185.03410993304,465.561209542411,620.748325892857,1676.0205078125,0,0,0,0,0,0,129684.8203125,10141.0791015625
"NGA",3,1,"LSMS-ISA2015",2015,5,6,608,3978,1,60023,5,0,0,0,0,0,8516.66640625,0,0,10000,4794.28564453125,0,0,6083.333203125,0,0,0,9733.333984375,0,0,1207.16662597656,0,0,0,0,0,0,0,0,0,0,4171.428515625,7821.428515625,0,1251.42861328125,0,0,1355.71430664063,0,0,1460,7821.42890625,48492.8580078125,0,0,0,1390.476171875,4707.208984375,9385.7140625,17221.8296875,0,5811.64135742188,8617.716015625,0,9252.0146484375,57865.062109375,3309.333203125,9385.7140625,11110.1982421875,8281.18231201172,3830.4455078125,576.315771484375,0,0,48811.3478515625,0,0,312265.28125,10141.0791015625
"NGA",3,1,"LSMS-ISA2015",2015,5,6,606,0,0,60024,1,0,0,0,0,0,1825,0,0,0,1521.42858886719,0,0,18250,0,0,0,0,2400,0,6000,0,0,0,0,0,0,0,0,15642.857421875,0,0,0,46928.572265625,5214.28564453125,0,0,2607.14282226563,10428.5712890625,0,0,0,0,5214.28564453125,0,0,0,7060.8134765625,0,12514.28515625,0,0,0,0,0,0,0,3476.1904296875,0,3367.5595703125,0,0,0,0,2138.0679397583,0,6083.33349609375,150672.390625,10141.0791015625
"NGA",3,1,"LSMS-ISA2015",2015,5,6,608,3978,1,60026,3,0,0,0,0,0,1216.66666666667,0,0,1133.33333333333,3873.8095703125,0,0,0,0,10428.5716145833,0,7300,0,0,4433.9521484375,0,0,0,0,0,0,0,0,2085.71427408854,0,0,0,0,2085.71435546875,18771.4280598958,0,2780.95239257813,0,0,1216.66666666667,0,21204.7618001302,521.428588867188,0,0,0,15547.18359375,10428.5716145833,17890.140625,0,3476.1904296875,60486.5299479167,0,18709.0348307292,55586.0901692708,0,0,5806.32421875,10839.3068033854,10872.7513020833,0,2085.71435546875,0,14518.9892578125,0,0,303299.8125,10141.0791015625
"NGA",3,1,"LSMS-ISA2015",2015,5,6,608,3978,1,60027,9,0,0,0,0,0,811.111111111111,0,0,0,600.714294433594,0,0,0,0,11587.3012152778,0,9462.962890625,0,869.047634548611,1826.66516113281,0,0,0,0,0,0,0,0,0,0,0,0,0,869.047634548611,1564.28575303819,0,289.682535807292,1390.47623697917,115.873019748264,0,4345.23828125,4634.92057291667,405.555555555556,0,0,0,3399.65060763889,4917.25086805556,7241.24739583333,0,2066.19875759549,8342.84592013889,0,2624.96961805556,5229.21131727431,16963.8094889323,2305.873046875,1009.62879774306,5744.33764648438,1520.83333333333,3628.65538194444,1738.09529622396,1158.73025173611,3316.69819471571,0,0,109980.8984375,10141.0791015625
"NGA",3,1,"LSMS-ISA2015",2015,5,6,608,3978,1,60028,2,0,0,0,0,0,3041.66674804688,0,0,4100,2760.71435546875,85166.6640625,0,12166.6669921875,0,0,0,6083.33349609375,1200,0,8069.18798828125,0,0,0,0,0,0,0,0,521.428588867188,39107.14453125,0,0,0,13817.8571777344,0,0,3910.71423339844,3910.71435546875,0,7300,0,4432.14282226563,0,0,0,0,4707.208984375,7821.4287109375,5214.28564453125,0,3945.0185546875,12249.513671875,0,0,147750.021484375,0,4171.42858886719,5657.4990234375,1629.46423339844,0,0,0,0,3081.47138977051,0,0,391815.53125,10141.0791015625
"NGA",3,1,"LSMS-ISA2015",2015,5,6,608,3978,1,60029,2,0,0,0,0,0,1825,0,0,7400,2560.71435546875,0,0,18250,0,13035.7138671875,0,12166.6669921875,3000,0,11613.90234375,0,0,0,0,3717.82026006861,0,0,0,5311.17172764043,0,0,0,17261.3080037988,0,9294.55039656999,5311.17172764043,6638.96465797372,0,1327.79293191011,2124.46879249678,0,3983.37879730714,531.117198124196,0,0,0,7126.22866839283,7966.7578387549,5311.1714834998,0,0,20149.386206005,0,0,64632.7400517675,6125.55152231567,1770.3907021553,5524.93395779189,1659.74113397585,2987.53431475704,0,2266.09978007766,0,4604.27573482694,0,0,255478.578125,10141.0791015625
"NGA",3,1,"LSMS-ISA2015",2015,5,6,608,3978,1,60030,10,0,0,0,0,0,608.333349609375,0,0,2740,1151.64282226563,0,0,1216.66669921875,0,7821.42890625,0,3650,0,0,1643.99865722656,0,0,0,0,0,0,0,0,1303.57138671875,0,0,0,0,0,0,0,1303.57141113281,0,521.428564453125,0,0,0,0,0,0,0,0,3319.144140625,5750.40234375,0,3018.796875,9610.74375,0,0,30122.2134765625,1807.61909179688,1825,908.66591796875,12843.5983398437,1955.3572265625,9144.21015625,2676.66672363281,0,6835.01201019287,0,0,111778.0546875,10141.0791015625
"NGA",3,1,"LSMS-ISA2015",2015,5,6,607,1892,0,60031,6,0,0,0,0,0,2433.33333333333,0,0,8083.33333333333,1651.03173828125,0,0,0,0,26071.4296875,0,5515.55517578125,17333.333984375,3476.1904296875,4855.6435546875,0,0,0,0,2607.14290364583,0,0,0,608.333353678385,4345.23795572917,0,0,8255.95247395833,3736.90478515625,7386.90466308594,0,3650,0,0,869.047607421875,0,434.523803710938,3041.66662597656,0,0,0,0,0,1216.66666666667,0,0,2739.02180989583,0,0,6952.380859375,0,1448.41276041667,5233.81494140625,325.892862955729,0,0,0,1738.09537760417,185.993756612142,0,141.944442749023,124337.7890625,6374.392578125
"NGA",3,1,"LSMS-ISA2015",2015,5,6,608,0,1,60032,3,12166.6669921875,4000,0,0,0,4866.66666666667,0,0,8333.33333333333,15852.1435546875,0,0,14194.4440104167,0,17380.9518229167,0,20277.77734375,0,0,12000,0,0,0,0,0,0,2085.71435546875,0,2433.33333333333,3476.1904296875,0,0,4345.23795572917,3476.1904296875,4345.23795572917,5214.28564453125,8864.28572591146,0,0,2780.95247395833,0,56314.2846679688,0,0,0,0,6276.27864583333,0,4171.42838541667,0,0,0,0,9414.68212890625,11007.9361979167,0,2896.82552083333,0,2476.78572591146,1955.35725911458,228.696736653646,10776.1902669271,5735.71419270833,4595.52399698893,0,14397.22265625,276340.34375,6374.392578125
"NGA",3,1,"LSMS-ISA2015",2015,5,6,608,0,1,60033,8,0,0,3802.08325195313,0,0,0,0,0,9500,6831.04150390625,0,0,0,0,13035.7138671875,0,6083.33349609375,0,0,3517.99682617188,0,0,0,0,26071.427734375,0,3910.71435546875,0,1303.57141113281,8473.2138671875,0,13035.7138671875,27374.9995117188,2150.89282226563,13687.5002441406,651.785705566406,4236.60711669922,0,0,2998.21429443359,0,12188.3927307129,1303.57141113281,0,0,0,0,3910.71435546875,0,0,3910.71435546875,6048.67236328125,0,0,0,1181.90478515625,2933.03564453125,0,975.195587158203,1222.09826660156,171.522552490234,695.238098144531,0,0,0,10950,192155.859375,6374.392578125
"NGA",3,1,"LSMS-ISA2015",2015,5,6,607,1892,0,60034,8,3650,0,0,0,0,1825,0,0,12275,9545.1787109375,0,0,22812.5,0,23464.28515625,380208.34375,60833.33203125,1875,0,25378.783203125,0,0,0,0,0,10428.5712890625,0,0,3258.92852783203,6517.85693359375,0,0,24767.8578186035,5866.07153320313,1303.57141113281,3389.28564453125,5866.07135009766,1629.46423339844,0,6843.75012207031,0,1629.46423339844,2933.03576660156,0,0,0,5884.01123046875,0,1825,0,1337.87585449219,0,0,0,31288.2719726563,0,1238.39292907715,1092.69946289063,4096.2919921875,0,0,0,4345.23779296875,33.8928565979004,0,0,667443,6374.392578125
"NGA",3,1,"LSMS-ISA2015",2015,5,6,607,1892,0,60035,6,0,0,0,0,0,3041.66666666667,0,0,8533.33333333333,6318.25390625,0,0,6083.33333333333,0,22595.2369791667,20277.77734375,14194.4443359375,3333.33325195313,0,8354.6689453125,0,0,0,0,0,9408.25063947588,3763.30033400562,0,2688.07166768517,0,0,13440.3580008484,24192.6447529693,0,8467.42544200458,0,4838.52893100244,0,0,1075.22869476591,0,59003.1737544686,0,0,0,0,9099.98650440698,0,6451.37151717767,0,4873.89814950246,14106.8488515106,0,0,2668.1830997377,3091.28244044352,2688.07183458982,9804.66587960472,4515.87937978438,4032.10755653462,0,1146.91046880124,1478.43952855941,7198.65619956205,0,0,290765.3125,6374.392578125
"NGA",3,1,"LSMS-ISA2015",2015,5,6,607,1892,0,60037,4,608.333312988281,0,13687.5,0,0,12166.6669921875,0,0,29500,10142.857421875,0,0,21291.666015625,0,39107.14453125,73000,91250,10000,0,26211.61328125,0,0,0,0,0,39107.14453125,0,0,5474.99993896484,32589.28515625,0,15642.857421875,56053.5698242188,9125.00012207031,5866.07135009766,2346.42858886719,9125,0,260.714294433594,4953.57135009766,0,6517.85693359375,1303.57141113281,0,0,0,4707.208984375,0,3910.71435546875,0,0,15521.123046875,0,0,0,0,3172.02392578125,0,0,2343.8603515625,0,0,0,409.34778213501,0,4562.5,549958.625,6374.392578125
"NGA",3,1,"LSMS-ISA2015",2015,5,6,607,1892,0,60038,8,0,750,0,0,0,1520.83337402344,0,0,2925,3856.84521484375,0,0,0,0,16294.642578125,0,12166.6669921875,1250,0,21106.61328125,0,0,0,0,0,0,0,0,4236.60705566406,0,0,0,3258.92846679688,0,0,1303.57141113281,3128.57141113281,0,0,0,0,7821.42846679688,0,0,0,0,7060.8134765625,0,3389.28576660156,0,3337.14331054688,4404.67364501953,0,0,29056.2416992188,0,2172.61907958984,402.573516845703,1405.65838623047,1710.9375,0,0,0,2863.82126998901,0,760.416687011719,136183.890625,6374.392578125
"NGA",3,1,"LSMS-ISA2015",2015,5,6,607,1892,0,60039,5,0,0,0,0,0,486.666650390625,0,0,3280,1942.28576660156,973.333312988281,0,4866.666796875,0,35457.14375,0,5840,880,0,31304.666015625,0,0,0,0,3128.571484375,0,0,0,2085.7142578125,4171.428515625,0,0,7299.9998046875,1460,2607.1427734375,0,3545.7142578125,2085.7142578125,0,0,0,1355.71428222656,1042.85712890625,0,0,0,0,0,2085.7142578125,0,0,0,0,0,29202.04609375,0,556.190478515625,0,434.523828125,0,0,0,0,2619.65725402832,0,0,148711.75,6374.392578125
"NGA",3,1,"LSMS-ISA2015",2015,5,6,607,1892,0,60040,6,4055.5556640625,0,0,0,0,811.111083984375,0,0,4066.66666666667,5596.34912109375,0,0,0,0,20857.1432291667,0,6488.888671875,0,0,5298.87451171875,0,0,0,0,0,7821.42838541667,0,0,1303.57143147786,0,0,0,5648.80924479167,0,0,0,1303.57145182292,0,0,17380.9518229167,0,20596.4291992188,0,0,0,0,3922.67415364583,0,5040.47623697917,0,0,5569.74755859375,0,0,9184.56087239583,2027.77783203125,3609.44445800781,0,5051.99365234375,2281.25,228.696736653646,1969.84130859375,0,4421.71446990967,0,0,144537.53125,6374.392578125
"NGA",3,1,"LSMS-ISA2015",2015,5,6,601,640,0,60041,5,5840,0,15816.6671875,0,0,10950,0,0,49600,22625.951171875,0,0,0,31633.334375,31285.715625,0,38933.3359375,9600,0,40606.0546875,0,0,0,0,0,31285.715625,3128.571484375,0,104.285717773438,0,0,15642.8578125,34414.287109375,2085.7142578125,15642.8578125,6778.5712890625,7299.99990234375,0,0,7300.00009765625,0,0,1564.2857421875,0,0,0,2824.325390625,0,2085.7142578125,0,0,0,0,0,7821.42890625,12931.42890625,3330.19047851562,782.14287109375,2129.1666015625,0,14436.2546875,6987.14306640625,0,252.392510986328,0,0,435718.40625,11213.1357421875
"NGA",3,1,"LSMS-ISA2015",2015,5,6,601,640,0,60042,2,0,0,0,0,0,0,0,0,0,6000,0,0,0,0,26071.427734375,0,12166.6669921875,5000,0,37681.69140625,0,0,0,0,0,0,0,0,0,20857.142578125,0,0,35196.4296875,3910.71435546875,7821.4287109375,5214.28564453125,16685.7142333984,0,521.428588867188,3910.71435546875,0,0,0,0,0,0,5884.01123046875,0,9385.7138671875,0,0,6999.7216796875,0,0,0,6083.33349609375,7647.61938476563,0,7205.54138183594,2933.03588867188,686.090209960938,6257.14306640625,0,7341.7145614624,0,2433.33325195313,243894.90625,11213.1357421875
"NGA",3,1,"LSMS-ISA2015",2015,5,6,601,640,0,60043,8,0,0,0,0,0,1825,0,0,7250,2273.51196289063,0,0,0,0,0,0,3041.66674804688,0,0,6000,0,0,0,0,0,0,0,0,393.54617222903,0,0,9838.65478121808,8854.78908193269,10166.6090341582,5247.28237956355,0,2886.00531522272,0,262.364125104146,2951.59629901031,0,13446.1605339497,0,0,0,0,3552.74756635182,0,2623.64112874662,0,819.88789873422,9465.30803326897,0,0,0,0,1049.45650041659,0,1054.14150926706,1229.83184765226,0,0,0,2837.341967062,0,2281.25,99350.796875,11213.1357421875
"NGA",3,1,"LSMS-ISA2015",2015,5,6,601,640,0,60044,7,521.428588867188,0,0,0,0,1216.66671316964,0,0,13571.4285714286,4920.40869140625,0,0,3476.19056919643,0,8938.77566964286,0,2433.33349609375,3428.57153320313,0,10555.986328125,0,0,0,0,0,8938.77566964286,0,0,1936.73468889509,0,0,8938.77566964286,23464.2858537946,2309.18373325893,3724.48981584821,744.89794921875,3724.48978097098,0,372.448974609375,1862.24487304688,0,1936.73465401786,0,0,0,0,1681.14606584821,0,1489.7958984375,0,0,0,0,0,0,0,496.598667689732,0,0,1117.34695870536,0,0,0,1396.54808480399,0,695.238098144531,113892.515625,11213.1357421875
"NGA",3,1,"LSMS-ISA2015",2015,5,6,601,640,0,60045,4,0,0,0,3041.66674804688,0,1520.83337402344,0,0,1550,2705.35717773438,0,0,0,0,32589.28515625,0,12166.6669921875,0,0,7948.3115234375,0,0,0,0,0,0,0,0,8804.32057834775,5869.54688947141,0,0,26412.9610026214,0,8804.32057834775,4402.16028917387,11005.4003715368,0,0,0,0,0,0,0,0,0,11922.1817020374,0,5869.54688947141,0,0,3495.00305816847,0,0,0,4646.72483475171,3844.55321919285,2833.44490281953,5847.44782922614,0,386.154397258696,1760.86414932802,0,5237.63569849167,0,608.333312988281,173272.71875,11213.1357421875
"NGA",3,1,"LSMS-ISA2015",2015,5,6,601,0,0,60046,1,608.333312988281,0,0,0,0,0,0,0,0,13626.6669921875,0,0,0,0,0,0,0,0,0,5318.34521484375,0,0,0,0,0,0,15266.8565515497,0,18320.2286999761,0,0,0,6106.74276092594,3053.37138046297,1832.02290507412,0,12213.4857659925,3053.37138046297,0,12213.4857659925,0,21373.6000140059,0,0,0,0,0,0,0,0,0,0,0,0,31443.7403500296,0,5343.40000350148,0,0,0,0,0,0,345.061829449374,0,0,150118.71875,11213.1357421875
"NGA",3,1,"LSMS-ISA2015",2015,5,6,601,640,0,60047,4,3650,0,0,0,0,4866.66650390625,0,0,15700,7665,0,0,0,0,0,0,12166.6669921875,2350,0,9000,0,0,0,0,0,0,3258.92846679688,0,0,2607.14282226563,0,0,0,651.785705566406,1303.57141113281,4171.42858886719,2607.14288330078,1955.35717773438,0,5866.07153320313,6517.85693359375,16946.4282226563,1303.57141113281,0,0,0,3530.40673828125,3910.71435546875,2085.71411132813,0,0,0,0,0,39979.5981445313,2346.4287109375,1347.02386474609,0,1303.57141113281,0,3265.78955078125,0,0,173.388174057007,0,9125,169655.25,11213.1357421875
"NGA",3,1,"LSMS-ISA2015",2015,5,6,601,640,0,60048,3,0,0,10950,0,0,4055.5556640625,0,0,5333.33333333333,7653.80908203125,0,0,0,0,52142.859375,0,18250,0,0,16000,0,0,0,0,9493.03404424687,0,0,0,949.303426178683,18986.0688856142,0,0,20884.6757562314,0,17277.3226402909,0,6645.12405550106,0,0,0,0,0,0,0,0,0,0,0,9113.31263089869,0,0,0,0,0,0,2847.91036904618,3392.17769337229,3666.10778549732,7239.86827014745,3559.8880472529,0,6834.98499797496,0,5066.83477677691,0,16222.22265625,246564.40625,11213.1357421875
"NGA",3,1,"LSMS-ISA2015",2015,5,6,601,640,0,60049,9,0,0,0,0,0,1622.22222222222,0,0,2155.55555555556,2383.8623046875,0,0,1351.85188802083,0,0,0,4055.5556640625,1555.55554199219,0,2994.32958984375,0,0,0,0,1502.62478304266,0,0,0,3230.64339898765,3756.56202546383,0,0,1502.62478304266,4357.61199303116,0,751.312391521332,3756.56197121036,1878.28095847844,0,2253.93726962857,0,3756.56191695688,1652.88730206123,0,0,0,3391.24541234028,2253.93726962857,2253.93726962857,0,0,0,0,0,22228.2895502448,1126.96863481428,601.049940359934,0,469.570239619611,0,2823.35287116571,0,0,275.754410931996,0,1040.92590332031,80983.5703125,11213.1357421875
"NGA",3,1,"LSMS-ISA2015",2015,5,6,601,640,0,60050,3,0,0,0,0,0,1622.22216796875,0,0,1466.66666666667,2836.66674804688,0,0,0,0,52142.859375,0,4055.5556640625,440,0,8982.9892578125,0,0,0,0,2607.14290364583,0,5214.28580729167,0,2607.14290364583,3476.1904296875,0,0,0,0,0,0,2954.76188151042,2607.14290364583,0,0,0,869.047607421875,2085.71435546875,0,0,0,0,0,3128.5712890625,0,0,0,0,0,80535.1572265625,0,1158.73014322917,0,0,0,0,0,0,371.987513224284,0,0,179162.828125,11213.1357421875
"NGA",3,1,"LSMS-ISA2015",2015,5,6,605,162,0,60051,6,2433.33325195313,0,0,0,0,1013.88891601563,0,0,11400,14046.3896484375,0,0,40555.5546875,0,0,0,60833.33203125,34472.22265625,0,33333.33203125,0,0,0,0,0,0,0,0,3041.66670735677,18250,0,12166.6663411458,47797.6194661458,8690.47607421875,4779.76188151042,11992.8571777344,6952.380859375,0,0,14426.1904296875,0,18163.0955403646,0,0,0,0,2332.07747395833,5187.8173828125,3194.66796875,4090.47265625,0,1738.09537760417,0,0,4958.44482421875,1564.28580729167,2259.52384440104,0,2027.77783203125,2534.36572265625,137.218048095703,869.047607421875,0,611.844665527344,0,28854.166015625,404708.5625,3129.24731445313
"NGA",3,1,"LSMS-ISA2015",2015,5,6,605,162,0,60052,6,1013.88891601563,0,7705.55533854167,0,0,0,0,0,133.333333333333,5845.23828125,0,0,2027.77783203125,0,3910.71419270833,0,8111.111328125,8333.3330078125,0,25018.642578125,0,0,0,0,0,0,0,0,1564.28572591146,0,0,869.047607421875,0,0,0,0,869.047607421875,0,0,1042.85717773438,0,3476.19051106771,0,0,0,6010.44205729167,4047.05143229167,3687.93815104167,1799.29557291667,0,2607.14290364583,7963.982421875,0,6517.85693359375,9434.7669506073,1767.06355794271,4108.0116780599,9593.96341959635,2251.49042892456,1689.81477864583,228.696736653646,13536.0758056641,0,3935.15288798014,0,3041.66674804688,152141.453125,3129.24731445313
"NGA",3,1,"LSMS-ISA2015",2015,5,3,318,0,0,60053,3,0,0,0,0,0,3041.66666666667,0,0,3466.66666666667,15708.73046875,0,0,0,0,0,0,5272.22216796875,0,0,10665.58984375,0,0,0,0,5110.44816942094,0,6132.53813777554,0,408.835882048443,0,0,0,6132.53813777554,0,1635.34352819377,0,613.253817287216,0,0,0,0,0,0,0,0,0,0,0,0,0,0,0,0,0,0,0,0,4488.21302859361,2830.40226902797,0,0,0,0,306.626908643608,0,0,65813.078125,3129.24731445313
"NGA",3,1,"LSMS-ISA2015",2015,5,3,312,0,0,60054,2,0,0,0,0,0,1825,304.166656494141,0,10500,13790.4765625,0,0,0,0,0,0,60833.33203125,7000,0,3542.13818359375,0,0,0,0,3617.0164937228,0,0,0,0,0,0,0,23510.6083855918,2170.21001248289,3617.0164937228,3617.0164937228,11574.4529263973,0,0,0,0,14468.0659748912,0,0,0,0,0,0,14118.0265278034,0,0,0,0,0,0,0,2242.55030817766,3762.59296590136,0,0,0,0,0,0,0,0,180492.671875,3129.24731445313
"NGA",3,1,"LSMS-ISA2015",2015,5,6,605,162,0,60055,4,1460,2100,7604.16650390625,0,0,0,0,0,4150,10254.5830078125,18250,0,39541.66796875,0,26071.427734375,0,18250,1250,0,12000,0,0,0,0,0,0,0,0,5866.0712890625,0,0,0,6517.85693359375,0,0,9125,2607.14282226563,0,0,6257.14306640625,0,6517.85717773438,0,0,0,0,32649.08203125,0,13417.60546875,0,0,8064.896484375,0,5431.54736328125,18666.1831054688,4136.66650390625,4823.21411132813,0,3899.0751953125,16309.126953125,0,6239.76190185547,0,7053.59840393066,0,14143.7509765625,312657.4375,3129.24731445313
"NGA",3,1,"LSMS-ISA2015",2015,5,6,605,0,0,60056,4,4866.66650390625,0,0,0,0,5475,0,0,18500,14884.5234375,6083.33349609375,0,0,0,39107.14453125,0,12166.6669921875,100000,0,4954.89404296875,0,0,0,0,0,0,0,0,6908.9284362793,5214.28564453125,7821.4287109375,28678.5705566406,14339.2856445313,5735.71423339844,1303.57141113281,0,8473.21411132813,0,3258.92846679688,7039.28588867188,0,10819.6427001953,2867.85711669922,0,0,0,4664.15478515625,0,1303.57135009766,0,0,0,0,0,0,0,2581.07153320313,292.937408447266,4073.66064453125,1406.31604003906,0,977.678588867188,0,391.071441650391,0,7300,331489.4375,3129.24731445313
"NGA",3,1,"LSMS-ISA2015",2015,5,6,605,0,0,60057,8,0,0,0,0,0,5322.91650390625,0,0,0,1175,0,0,0,0,65178.5703125,0,27375,0,0,3701.41064453125,0,0,0,0,0,0,0,0,0,0,0,0,13035.7138671875,1629.46429443359,8473.21398925781,0,3910.71417236328,0,0,716.964279174805,0,1303.57141113281,0,0,0,0,8826.0166015625,0,16759.154296875,0,0,0,0,0,0,0,0,0,420.944946289063,0,0,0,0,20624.0713405609,0,0,178452.71875,3129.24731445313
"NGA",3,1,"LSMS-ISA2015",2015,5,6,605,0,0,60058,5,1946.66662597656,0,0,0,0,4866.666796875,0,0,6920,15385.2373046875,0,0,17033.3328125,0,0,0,14600,0,0,13000,0,0,0,0,0,0,0,0,5214.285546875,4171.428515625,0,12514.2859375,13557.1430664063,5214.2857421875,0,0,1564.28569335938,0,312.857153320312,2085.7142578125,0,12514.2853515625,0,0,0,0,2023.52578125,0,1915.3318359375,0,0,0,0,0,0,0,2433.3333984375,1050.67841796875,1090.65478515625,1216.66669921875,0,1334.85703125,0,7597.65632629395,0,1946.66662597656,151509.84375,3129.24731445313
"NGA",3,1,"LSMS-ISA2015",2015,5,6,605,162,0,60059,2,3650,0,0,0,0,12166.6669921875,0,0,6000,9330.71484375,0,0,4866.66650390625,0,78214.2890625,0,12166.6669921875,0,0,23564.9765625,0,0,0,0,0,0,0,0,10428.5712890625,0,0,0,130357.140625,1042.85717773438,175982.148925781,6517.85717773438,2085.71435546875,0,0,3128.57153320313,0,16946.4287109375,0,0,0,0,8094.10302734375,7821.4287109375,16388.2172851563,0,8411.46569824219,14037.486328125,0,0,4873.1640625,5301.19067382813,18891.6950683594,7280.08047485352,20194.1038818359,12231.845703125,0,16685.7143554688,0,28833.5176391602,0,0,665493.375,3129.24731445313
"NGA",3,1,"LSMS-ISA2015",2015,5,6,608,0,1,60060,5,0,2880,6570,0,0,973.33330078125,0,0,4520,4284,0,0,0,0,31285.715625,0,7300,0,0,36000,0,0,0,0,0,0,0,0,0,2085.7142578125,0,0,0,8342.85703125,0,0,938.57138671875,0,0,0,0,5005.7142578125,3337.1427734375,0,0,0,5648.65078125,4425.52578125,3962.85703125,0,651.7857421875,5341.092578125,0,8690.47578125,14426.872265625,0,4008.04765625,0,3119.26025390625,2737.5,0,0,0,2899.14296875,0,36500,205934.265625,3129.24731445313
"NGA",3,1,"LSMS-ISA2015",2015,5,6,608,748,0,60061,7,1738.09533691406,2400,0,695.238071986607,0,4171.42857142857,0,0,4542.85714285714,10460.4423828125,0,0,0,0,23836.734375,0,6952.38134765625,414.285705566406,0,3781.50439453125,0,0,0,0,0,0,2258.86231617444,0,1054.13572863791,6023.63279168534,6776.58666209017,0,12047.2653043528,6023.63272193087,10164.8797527023,752.954081522051,4517.72448913231,0,0,9261.3351261767,1505.9081630441,7077.76852310398,752.954081522051,0,0,3764.77033970961,4758.11755568862,4517.72463234887,2108.27138752136,0,0,0,0,0,0,0,2334.15774469684,0,1408.20339576425,1129.43115808722,336.847886027995,3915.36119675441,0,530.110127925389,0,434.523834228516,152448.125,2607.7060546875
"NGA",3,1,"LSMS-ISA2015",2015,5,6,608,748,0,60062,6,1825,333.333343505859,4663.88899739583,0,0,0,0,0,5000,9827.4599609375,0,0,4055.5556640625,0,17380.9518229167,0,8111.111328125,0,0,13440.6083984375,0,0,0,0,0,0,0,0,869.047607421875,4779.76188151042,2607.14290364583,10254.7615559896,10689.2856445313,0,2172.61897786458,4171.42846679688,869.047607421875,0,0,869.047607421875,0,30242.8566080729,0,0,0,0,5491.74348958333,0,1564.28568522135,0,434.523844401042,5392.41910807292,0,0,13566.7989908854,3377.69840494792,1825,6895.79524739583,6327.96512858073,1303.57145182292,228.696756998698,7919.92079671224,0,5356.87741597493,0,0,191848.203125,2607.7060546875
"NGA",3,1,"LSMS-ISA2015",2015,5,6,608,748,0,60063,8,1520.83337402344,2100,0,532.291687011719,0,4106.25,0,0,1425,3493.6904296875,0,0,0,0,2607.14282226563,0,9125,500,0,3308.81640625,0,0,0,0,0,1665.96123708683,5331.07618575281,0,1665.96127066624,1332.76901592062,0,0,13994.074595415,1999.15352235002,0,666.384507960312,3331.92254133247,0,199.915361543367,5530.9914732986,0,8129.89099862657,1466.04595566469,0,0,3331.92247417366,7956.26406209959,0,0,0,0,2078.86894180686,0,7276.91891999817,0,0,2065.79205631904,0,555.320454583296,1198.1792587811,0,4797.9684572941,0,458.72834421454,0,0,103753.140625,2607.7060546875
"NGA",3,1,"LSMS-ISA2015",2015,5,6,608,748,0,60064,2,4866.66650390625,6000,0,0,0,6083.33349609375,0,0,11500,9971.546875,0,0,0,0,7821.4287109375,0,9733.3330078125,3500,0,2899.74560546875,0,0,0,0,0,0,0,0,15903.5710449219,5214.28564453125,15642.857421875,33892.8564453125,34674.9995117188,3128.57153320313,2607.14282226563,1303.57141113281,6517.85705566406,0,6517.85693359375,8655.71411132813,2607.14282226563,5214.28576660156,13557.1424560547,0,0,0,5826.60546875,0,9584.00390625,0,0,13376.1608886719,0,0,10564.0068359375,1564.28576660156,14313.4854736328,2607.14282226563,6300.25769042969,2491.26977539063,0,1564.28576660156,0,2177.14860534668,0,0,288182.53125,2607.7060546875
"NGA",3,1,"LSMS-ISA2015",2015,5,6,608,748,0,60066,2,2433.33325195313,4200,0,0,0,0,0,0,54000,13121.78515625,0,0,0,0,0,0,42583.33203125,2400,0,26671.234375,0,0,0,0,0,0,0,0,1303.57141113281,15642.8569335938,0,36499.9990234375,58660.7138671875,1042.85717773438,18249.9995117188,16946.4284667969,15642.8571777344,0,0,2607.14282226563,0,124360.714111328,0,0,0,0,10591.2197265625,0,1432.09240722656,0,6010.15075683594,0,7039.28564453125,2607.14282226563,12047.3857421875,7068.25366210938,4658.09533691406,12340.5191650391,13907.3486328125,5866.07177734375,548.872192382813,27733.4828186035,11862.4997558594,2860.9048614502,0,6691.66650390625,569631.8125,2607.7060546875
"NGA",3,1,"LSMS-ISA2015",2015,5,6,608,0,0,60067,4,2433.33325195313,4500,0,0,0,7300,0,0,11000,3412.5,0,0,15208.3330078125,0,7821.4287109375,0,60833.33203125,8508.333984375,0,11782.48828125,0,0,0,2346.42846679688,0,7169.64306640625,3910.71435546875,0,2998.21432495117,0,11080.357421875,19553.572265625,40410.7138671875,1955.35717773438,20857.1436767578,7169.64282226563,7169.64282226563,0,0,5996.42858886719,0,17858.9284057617,1303.57141113281,0,0,0,6996.232421875,0,2607.14282226563,0,0,8749.65234375,0,0,0,2363.8095703125,1433.9287109375,1639.04943847656,1357.88684082031,2343.8603515625,411.654144287109,5614.04736328125,0,394.363288879395,0,821.25,317313,2607.7060546875
"NGA",3,1,"LSMS-ISA2015",2015,5,6,608,0,0,60068,8,0,2250,0,0,0,0,0,0,1775,1205.17858886719,0,0,0,0,1629.46423339844,0,4866.66650390625,1125,0,3788.03100585938,0,0,0,0,0,0,0,0,280.200092077317,2802.00079282534,0,0,4903.50145729578,0,1751.25046646764,0,1050.75033223522,0,0,1541.10050495587,0,1821.30056945436,0,0,0,0,3794.26948466435,0,1961.40058056731,0,0,0,0,0,0,0,0,0,729.687682229817,1576.12555644923,184.342155197845,0,0,291.436404373832,0,228.125,39554.828125,2607.7060546875
"NGA",3,1,"LSMS-ISA2015",2015,5,6,608,748,0,60069,6,811.111083984375,1400,0,0,0,3041.66666666667,405.555541992188,0,2000,3572.46020507813,0,0,4055.5556640625,0,2607.14290364583,0,6083.33349609375,0,0,8000,0,0,0,0,0,14773.8098958333,0,0,0,0,0,0,7821.42838541667,695.238118489583,608.333333333333,2172.61897786458,1260.11901855469,0,0,1477.38094075521,2172.61897786458,15208.3331705729,0,0,0,0,3530.40657552083,0,1564.28572591146,0,0,0,0,0,16488.9002278646,0,1552.69844563802,4067.14290364583,4379.27620442708,1955.35725911458,0,9038.09521484375,0,2602.48371378581,0,1115.27770996094,124460.625,2607.7060546875
"NGA",3,1,"LSMS-ISA2015",2015,1,21,2212,0,1,60070,4,2555,6000,0,0,0,1703.33337402344,0,0,13250,10581.1904296875,6083.33349609375,0,0,0,2607.14282226563,0,36500,300,0,30000,0,1955.35717773438,1955.35717773438,0,0,0,1303.57141113281,0,9776.7861328125,1303.57141113281,0,5214.28564453125,2607.14282226563,0,0,5475,5214.28570556641,0,651.785705566406,4106.25,0,21639.2858886719,1564.28576660156,0,0,0,4629.3388671875,0,4000.91674804688,0,0,0,0,0,0,782.142883300781,3650,0,1041.58532714844,6606.8486328125,0,0,0,195.535720825195,0,30416.666015625,223670,2607.7060546875
"NGA",3,1,"LSMS-ISA2015",2015,1,7,707,560,0,70001,5,0,0,0,0,0,0,0,0,4560,240,0,0,2920,0,3128.571484375,0,7300,80,0,4584.8974609375,0,0,0,0,0,0,0,0,0,0,0,4186.15373742792,0,0,2616.34603720003,0,2093.07686871396,0,1046.53843435698,0,6802.49977462795,9942.11502859936,523.26921717849,6104.84080597237,0,16221.3461713078,1934.75432802971,6272.07869159368,13683.6033896594,0,0,0,9418.84581074235,242796.912832001,0,0,4744.30733384148,837.230786602366,2162.39973499126,0,0,0,0,0,0,486.666656494141,354686.4375,4720.47021484375
"NGA",3,1,"LSMS-ISA2015",2015,1,7,707,560,0,70002,2,0,0,0,0,0,0,0,0,0,0,0,0,0,0,0,0,0,0,0,3693.9912109375,0,0,0,0,0,0,0,0,0,0,0,20857.142578125,5214.28564453125,0,6517.85693359375,0,11732.1428222656,0,0,0,0,0,0,7971.58837890625,0,9781.7236328125,0,0,3006.03271484375,0,0,0,0,0,0,0,7821.427734375,0,3128.57153320313,0,0,0,0,0,0,0,79724.765625,4720.47021484375
"NGA",3,1,"LSMS-ISA2015",2015,1,7,707,560,0,70003,4,0,0,0,0,0,0,0,0,200,734.523803710938,0,0,0,0,0,0,0,600,1955.35717773438,2171.3359375,0,0,0,0,0,0,0,0,0,0,0,0,0,0,3258.92846679688,0,2607.14282226563,0,0,0,0,0,1303.57141113281,0,0,5024.181640625,0,0,1889.80914306641,0,0,6007.763671875,11732.142578125,0,0,0,1477.380859375,0,944.294448852539,0,0,0,0,1640.25842285156,0,0,41546.6875,4720.47021484375
"NGA",3,1,"LSMS-ISA2015",2015,1,7,707,0,0,70005,5,0,0,0,0,0,0,0,0,80,128,0,0,0,0,0,0,0,0,0,2798.94116210938,0,0,0,2085.7142578125,0,8342.85703125,19501.6533203125,0,0,0,0,0,0,0,2607.1427734375,0,6465.7142578125,0,1042.85712890625,0,0,0,625.714306640625,0,0,0,0,0,6219.97890625,0,0,0,0,0,0,0,0,0,0,0,0,0,0,1672.363671875,0,0,51570.9375,4720.47021484375
"NGA",3,1,"LSMS-ISA2015",2015,1,7,707,560,0,70006,5,0,0,0,0,0,0,0,0,0,0,0,0,0,0,0,0,10950,0,0,1001.39776611328,0,0,0,0,5214.285546875,0,0,0,2919.99992675781,0,0,0,7299.9998046875,0,2607.1427734375,0,2085.7142578125,2398.571484375,0,0,0,0,625.714306640625,3188.6353515625,0,3048.579296875,0,0,1202.4130859375,0,0,0,0,0,0,0,0,0,2381.72021484375,0,0,0,0,0,0,0,44924.17578125,4720.47021484375
"NGA",3,1,"LSMS-ISA2015",2015,1,7,707,560,0,70007,2,0,0,0,0,0,0,0,0,0,260.714294433594,0,0,0,0,0,0,0,0,13035.7138671875,2655.17895507813,0,0,0,0,91250,0,7821.4287109375,0,13035.7138671875,0,0,26071.427734375,18250,0,6517.85693359375,0,24767.8569335938,0,0,0,0,0,1564.28576660156,5314.392578125,0,0,0,5166.7744140625,0,0,0,0,0,0,0,0,0,0,0,0,0,0,0,0,0,0,215711.34375,4720.47021484375
"NGA",3,1,"LSMS-ISA2015",2015,1,7,707,560,0,70008,6,0,0,0,0,0,0,0,0,1666.66666666667,376.587310791016,0,0,1013.88891601563,0,0,608.333333333333,1216.66662597656,0,2607.14290364583,5968.62646484375,0,0,0,0,2172.61897786458,0,0,0,1303.57141113281,0,0,0,0,0,2172.61897786458,0,1738.09521484375,2433.33333333333,869.047607421875,0,0,6517.85709635417,869.047607421875,1771.46419270833,0,0,0,0,731.947245279948,0,0,0,7821.42838541667,0,0,0,1303.5712890625,11155.0559895833,3691.47867838542,0,0,0,0,0,0,0,58009.046875,4720.47021484375
"NGA",3,1,"LSMS-ISA2015",2015,1,7,707,560,0,70009,5,0,0,0,0,0,0,0,0,3400,0,0,0,0,0,0,0,8516.666015625,0,0,1737.06872558594,0,2085.7142578125,0,0,1564.2857421875,0,0,0,0,0,0,0,2607.1427734375,0,1251.42861328125,0,1564.2857421875,2085.7142578125,0,0,0,0,1042.85712890625,0,0,0,0,0,153.4251953125,0,0,0,0,0,0,0,0,0,1504.35400390625,0,0,0,0,0,0,0,27512.94140625,4720.47021484375
"NGA",3,1,"LSMS-ISA2015",2015,1,7,707,560,0,70010,8,0,0,0,0,0,0,0,0,1700,125,0,0,0,0,0,0,6387.5,125,1955.35717773438,1509.66857910156,0,0,0,0,0,0,2142.27287178929,0,856.909174471564,0,0,4284.54574357858,3427.63669788626,0,2142.27287178929,0,2999.18209935979,0,428.454587235782,0,0,856.909174471564,2570.72750083333,2499.33204362129,0,3641.86395198676,3168.36659991324,10271.1980348228,9983.40817809553,0,0,0,0,0,0,0,971.16367638159,401.093631204456,0,0,0,0,0,0,0,0,62447.859375,4720.47021484375
"NGA",3,1,"LSMS-ISA2015",2015,1,7,708,754,0,70011,4,0,0,0,0,0,456.25,0,0,1250,282.440490722656,0,0,3041.66674804688,0,0,0,15512.5,0,0,2171.3359375,0,0,0,0,5492.16760209023,0,0,0,3432.60469518642,0,0,10297.8148179811,1373.04190052256,0,3432.60469518642,0,4119.12571139803,3432.60469518642,0,1373.04190052256,0,0,3569.90898387796,5597.60948671905,0,5151.50772840555,0,0,3166.23150280755,0,0,0,0,0,0,0,0,0,1716.30234759321,0,0,0,0,0,0,0,74868.7578125,4400.15234375
"NGA",3,1,"LSMS-ISA2015",2015,1,7,708,754,0,70012,5,0,0,0,0,0,0,0,0,1680,120,0,0,0,0,0,0,2920,0,0,2957.64428710938,0,0,0,0,0,0,0,0,1042.85712890625,0,0,0,7300,0,2607.1427734375,1042.85712890625,0,0,521.428564453125,7821.42890625,0,13557.1426757813,0,3188.6353515625,0,6879.96015625,2433.333203125,0,3607.239453125,0,0,0,0,0,0,0,3545.7140625,0,4618.62541503906,1642.1359375,0,0,0,2936.77900390625,0,0,70422.921875,4400.15234375
"NGA",3,1,"LSMS-ISA2015",2015,1,7,708,754,0,70013,7,0,0,0,0,0,0,0,0,3171.42857142857,134.761901855469,0,0,0,0,2234.69391741071,0,19119.046875,857.142883300781,0,1484.97375488281,0,0,0,0,8864.28543526786,1489.7958984375,1862.24487304688,0,670.408133370536,0,0,0,6704.08175223214,0,3426.53048270089,0,1862.24490792411,4469.38783482143,2607.14285714286,2160.20411900112,0,18994.8978097098,1117.34692382813,8690.5234375,0,3600.34005301339,0,0,0,0,0,0,0,0,0,0,3376.87053571429,0,1086.3095703125,0,0,0,0,0,0,434.523834228516,98419.1953125,4400.15234375
"NGA",3,1,"LSMS-ISA2015",2015,1,7,708,0,0,70014,4,0,0,0,0,0,0,0,0,0,25,0,0,0,0,0,0,0,0,0,1251.74719238281,0,0,0,0,0,0,2607.14282226563,0,0,0,0,0,3258.92846679688,0,2998.21435546875,1303.57141113281,7560.71441650391,0,651.785705566406,260.714294433594,0,3910.71435546875,782.142883300781,0,0,32539.7116699219,0,0,31563.33984375,0,0,0,0,0,0,0,0,0,0,0,0,0,0,0,0,0,88713.734375,4400.15234375
"NGA",3,1,"LSMS-ISA2015",2015,1,7,708,754,0,70015,7,0,0,0,0,0,0,0,0,428.571428571429,291.836730957031,0,0,260.714285714286,0,2234.69391741071,0,1216.66674804688,0,744.89794921875,2397.48217773438,0,0,0,0,0,0,1117.34695870536,0,0,0,0,13408.1629464286,0,0,1862.24483816964,2234.69391741071,372.448974609375,3352.04073660714,446.938790457589,0,0,148.979596819196,372.448974609375,0,0,6069.13392857143,0,0,0,0,0,1716.50390625,0,0,0,0,0,0,1342.99661690848,0,0,0,0,0,0,0,40018.8046875,4400.15234375
"NGA",3,1,"LSMS-ISA2015",2015,1,7,708,754,0,70016,4,0,0,0,0,0,0,0,0,0,191.190475463867,0,0,0,0,2607.14282226563,0,4258.33349609375,0,0,3074.05590820313,0,0,0,0,0,0,0,0,0,0,0,0,3910.71435546875,0,7169.64282226563,4562.5,912.5,3650,0,0,5866.0712890625,5083.92858886719,1955.35711669922,3985.79418945313,0,5024.181640625,3041.66650390625,0,3006.03271484375,0,0,0,0,0,0,0,869.047668457031,2607.14282226563,1652.7353515625,0,0,0,0,0,0,0,63428.03515625,4400.15234375
"NGA",3,1,"LSMS-ISA2015",2015,1,7,708,754,0,70017,1,0,0,0,0,0,1825,0,0,0,521.428588867188,0,0,0,0,0,0,0,0,0,4390.09814453125,0,0,0,0,39107.14453125,0,5214.28564453125,0,0,0,0,0,31285.71484375,0,13035.7138671875,0,10428.5712890625,0,0,5214.28564453125,0,0,3128.57153320313,10628.78515625,0,9781.7236328125,0,0,6012.0654296875,0,0,0,0,0,0,0,0,0,1564.28576660156,0,0,0,0,0,0,0,142137.671875,4400.15234375
"NGA",3,1,"LSMS-ISA2015",2015,1,7,708,754,0,70018,6,0,0,0,0,0,202.777770996094,0,0,166.666666666667,640.277770996094,0,0,0,0,0,0,19263.888671875,0,0,1079.78491210938,0,0,0,0,0,0,0,0,2172.61897786458,0,0,0,2607.14290364583,0,3215.47615559896,0,2607.14282226563,0,869.047607421875,0,0,2607.14290364583,521.428588867188,6200.125,0,38224.419921875,4055.55533854167,0,5010.05436197917,0,0,0,0,0,1533.61344401042,0,4501.9482421875,0,2940.0439860026,0,0,0,0,0,0,0,98419.1640625,4400.15234375
"NGA",3,1,"LSMS-ISA2015",2015,1,7,708,754,0,70019,6,0,0,0,0,0,0,0,0,0,33.3333320617676,0,0,0,0,0,0,2027.77770996094,2000,0,834.498107910156,0,0,0,0,0,0,0,0,0,0,0,0,4419.44738383727,0,2209.72369191864,0,2651.66847913049,0,0,0,0,1767.77898608699,530.333720936248,3603.43570127751,0,0,0,0,2038.24716572019,0,0,0,0,0,0,0,1325.83411517464,0,0,0,0,0,0,0,0,0,23442.080078125,4400.15234375
"NGA",3,1,"LSMS-ISA2015",2015,1,7,708,754,0,70020,11,0,0,0,0,0,0,0,0,0.363636363636364,100.757568359375,0,0,2212.12127130682,0,0,0,4424.24267578125,0,0,671.634765625,0,0,0,0,2844.15589488636,0,948.051935369318,0,3223.37668678977,948.051935369318,0,2370.12979403409,5214.28568892046,2844.15589488636,2464.93512517756,237.01298384233,474.025967684659,1706.49343039773,1659.09090909091,1990.9091352983,1422.07794744318,27493.5067471591,1706.49349698153,2765.16654829545,0,2152.86794211648,0,0,0,0,0,0,0,0,0,0,1074.45880681818,0,2455.83331853693,0,0,0,0,0,0,276.515167236328,73680.71875,4400.15234375
"NGA",3,1,"LSMS-ISA2015",2015,1,7,705,4186,0,70021,8,0,0,0,0,0,0,0,0,5405,76.0416641235352,0,0,1977.08337402344,0,0,19770.833984375,1825,175,0,37264.640625,0,0,0,0,21508.927734375,0,0,0,0,0,0,14991.0712890625,19553.572265625,0,11080.3571777344,0,3258.92846679688,4562.5,0,0,3258.92846679688,5214.28564453125,6517.85693359375,5478.64501953125,0,0,0,8712.646484375,1507.71618652344,0,0,0,23464.28515625,7921.70361328125,0,0,1564.28576660156,0,4555.62945556641,3182.3369140625,0,0,0,2915.25952148438,0,684.375,216426.90625,4400.15234375
"NGA",3,1,"LSMS-ISA2015",2015,1,7,705,4186,0,70022,1,0,0,0,0,0,0,0,0,0,521.428588867188,0,0,0,0,0,0,0,0,5214.28564453125,6919.20556640625,0,0,0,0,0,0,10428.5712890625,0,0,0,0,41714.28515625,0,0,6778.5712890625,0,5214.28564453125,0,0,0,0,0,3128.57153320313,5314.392578125,0,0,0,0,6012.0654296875,0,0,0,0,0,0,0,0,0,4823.21423339844,0,0,0,0,0,0,0,96068.8671875,4400.15234375
"NGA",3,1,"LSMS-ISA2015",2015,1,7,705,4186,0,70023,9,0,0,0,0,0,0,0,0,1555.55555555556,935.714294433594,405.555541992188,0,1351.85188802083,0,1158.73014322917,0,5407.40771484375,333.333343505859,0,1323.55053710938,0,0,0,0,6004.52814108664,0,720.543424004013,0,1801.35853199002,0,0,2401.81130126667,9607.24520506669,960.724565338685,6004.52814108664,600.452825316668,1801.35847773655,3002.26407054332,2101.58491305525,1681.26796042941,0,7505.66027771906,1801.35847773655,3502.66056257894,0,100.075470960551,0,0,4593.75604431912,0,0,0,0,0,0,0,0,0,430.232487822996,0,0,0,0,0,0,337.962982177734,67431.0703125,4400.15234375
"NGA",3,1,"LSMS-ISA2015",2015,1,7,705,4186,0,70024,8,0,0,0,0,0,0,0,0,1375,130.357147216797,0,0,456.25,0,0,0,1672.91674804688,0,0,2103.20751953125,0,0,0,3849.50901524953,4811.8861815256,4811.8861815256,0,0,1924.75459114465,0,0,0,1924.75450762476,0,8180.20689471433,0,2887.13184897345,6736.6409702276,0,0,0,2117.22999099191,962.377253812381,0,0,0,0,0,2226.17919252593,0,0,0,0,0,0,0,0,0,3652.39868509205,0,0,0,0,0,0,0,49822.6875,4400.15234375
"NGA",3,1,"LSMS-ISA2015",2015,1,7,705,4186,0,70025,7,0,0,0,0,0,0,0,0,4371.42857142857,310.374176025391,0,0,869.047642299107,0,2234.69391741071,0,2085.71435546875,0,0,4225.30908203125,0,0,0,0,1862.24483816964,0,0,0,1489.7958984375,0,0,0,0,0,1638.77553013393,0,2234.69391741071,1862.24483816964,0,0,0,2979.591796875,744.89794921875,0,0,0,0,0,108.900190080915,0,0,0,0,0,0,0,0,0,2990.20040457589,0,0,0,0,149.728236607143,0,782.142883300781,30939.783203125,4400.15234375
"NGA",3,1,"LSMS-ISA2015",2015,1,7,705,4186,0,70026,5,0,0,0,0,0,0,0,0,0,0,0,0,0,0,0,0,3650,0,0,1001.39776611328,0,0,0,0,0,0,0,0,0,0,0,7300,1564.2857421875,0,2607.1427734375,0,3650,0,0,0,0,0,0,0,0,0,0,0,4824.691796875,0,0,0,0,0,0,0,1564.285546875,0,0,0,0,0,0,209.61953125,0,0,26371.423828125,4400.15234375
"NGA",3,1,"LSMS-ISA2015",2015,1,7,705,4186,0,70027,1,0,0,0,0,0,0,0,0,0,0,0,0,0,0,0,0,14600,0,0,6478.70947265625,0,0,0,0,0,0,0,0,0,0,0,49535.71484375,0,0,0,15642.857421875,0,0,0,0,0,52142.857421875,0,0,0,0,0,0,0,0,0,0,0,0,0,0,0,0,0,0,0,0,0,0,0,0,138400.140625,4400.15234375
"NGA",3,1,"LSMS-ISA2015",2015,1,7,705,4186,0,70028,7,0,0,0,0,0,0,0,0,1428.57142857143,385.714294433594,0,0,3476.19056919643,0,0,0,16511.904296875,285.714294433594,0,14334.7578125,0,0,0,0,8938.77566964286,0,0,0,5214.28578404018,0,0,1489.7958984375,7448.97935267857,0,186.224487304688,0,3724.48967633929,7448.97935267857,1489.7958984375,0,7448.97935267857,12663.2649274554,744.89794921875,5431.57700892857,0,9606.96205357143,0,0,10995.9221540179,0,0,0,0,0,0,0,5061.48604910714,3139.02622767857,4166.23771994455,0,0,0,0,0,0,434.523834228516,132057.0625,4400.15234375
"NGA",3,1,"LSMS-ISA2015",2015,1,7,705,4186,0,70029,4,0,0,0,0,0,365,0,0,3000,2835.41650390625,0,0,0,0,5214.28564453125,0,9125,1000,0,3074.05590820313,0,0,0,0,39107.14453125,0,2607.14282226563,0,4432.14282226563,0,0,5214.28564453125,0,0,7169.64282226563,0,2607.14282226563,15642.857421875,1303.57141113281,0,0,0,651.785705566406,0,0,8599.9501953125,0,7750.16259765625,383.56298828125,0,0,1742.81823730469,11732.142578125,0,0,0,120969.6171875,0,5000.34350585938,0,0,0,0,0,0,0,259528.078125,4400.15234375
"NGA",3,1,"LSMS-ISA2015",2015,1,7,705,4186,0,70030,8,0,0,0,0,0,0,0,0,0,0,0,0,0,0,0,0,2737.5,0,1303.57141113281,1251.54248046875,0,0,0,0,4562.5,0,0,0,1629.46423339844,0,0,9450.89282226563,977.678588867188,0,1629.46423339844,0,1955.35711669922,0,651.785705566406,0,0,0,391.071441650391,1328.59814453125,0,0,0,0,3766.94055175781,0,0,0,0,0,0,0,0,0,2060.91821289063,0,0,0,0,0,0,304.166656494141,34001.453125,4400.15234375
"NGA",3,1,"LSMS-ISA2015",2015,1,7,722,234,0,70031,6,0,6000,0,0,0,0,0,0,2500,166.66667175293,0,0,1013.88891601563,0,2607.14290364583,0,6083.33349609375,0,434.523803710938,12397.7705078125,0,0,0,0,10428.5716145833,0,0,0,0,0,0,869.047607421875,1738.09521484375,0,1911.90478515625,0,869.047607421875,1303.57145182292,434.523803710938,0,2607.14290364583,3476.19051106771,0,1267.36800130208,0,3476.1904296875,0,0,8310.794921875,0,2476.78564453125,0,0,0,0,0,0,0,5803.37818400065,0,0,0,0,1393.63639322917,0,0,77569.578125,3203.17626953125
"NGA",3,1,"LSMS-ISA2015",2015,1,7,722,234,0,70032,1,0,18000,0,0,0,0,0,0,0,521.428588867188,0,0,30416.666015625,0,0,0,21900,0,0,16780.119140625,0,0,0,0,10441.8687973698,0,5220.93439868489,0,6265.1215717135,0,0,46988.4090974612,7831.40184257156,0,24538.3917241808,0,18273.2703949935,0,5220.93439868489,0,0,0,3132.56078585675,5321.16897879334,0,0,0,0,30173.9503270739,0,0,0,0,0,0,0,0,0,6741.8150574355,0,0,0,0,0,0,0,257768.0625,3203.17626953125
"NGA",3,1,"LSMS-ISA2015",2015,1,7,722,234,0,70033,6,0,4000,0,0,0,0,0,0,0,86.9047622680664,0,0,0,0,0,0,3244.4443359375,0,0,1985.32580566406,0,0,0,0,10428.5716145833,0,0,0,0,0,0,10428.5712890625,1738.09521484375,0,4171.42854817708,0,0,6952.380859375,0,0,0,0,434.523803710938,3542.92838541667,0,0,0,0,5480.2119140625,0,0,0,0,0,0,0,2607.142578125,0,0,0,0,0,0,0,0,0,55100.52734375,3203.17626953125
"NGA",3,1,"LSMS-ISA2015",2015,1,7,722,234,0,70034,8,0,0,0,0,0,0,0,0,4650,483.125,0,0,7604.16650390625,0,3258.92846679688,0,16729.166015625,200,0,718.044738769531,0,0,0,0,14085.698970479,0,1609.7941542625,0,0,0,0,5634.27966476556,31390.9865047295,0,2012.24266231055,0,1609.7941542625,0,804.897077131252,2978.11927416426,0,6439.17667808518,402.448538565626,0,0,201.224269282813,0,0,7138.57784552002,0,0,0,0,0,0,0,2734.58622145302,1117.8185622122,5374.98990431085,6513.08374207251,0,0,0,0,0,304.166656494141,123995.3203125,3203.17626953125
"NGA",3,1,"LSMS-ISA2015",2015,1,7,722,234,0,70035,7,0,1714.28576660156,0,0,0,0,0,0,6428.57142857143,245.952377319336,0,0,2085.71428571429,0,2979.591796875,0,21900,857.142883300781,0,3294.06494140625,0,0,0,0,4469.38783482143,0,0,0,744.89794921875,0,0,3724.48967633929,2234.69391741071,0,5214.28571428571,0,744.89794921875,0,744.89794921875,2234.69391741071,0,4469.38776506696,1489.7958984375,6517.89229910714,0,0,0,0,1142.79757254464,0,0,0,0,0,0,0,2530.74302455357,348.664515904018,1229.05803571429,0,0,0,0,0,0,695.238098144531,78041.1328125,3203.17626953125
"NGA",3,1,"LSMS-ISA2015",2015,1,7,722,234,0,70036,6,0,0,0,0,0,0,0,0,3366.66666666667,2043.25390625,0,0,4055.5556640625,0,3476.1904296875,0,3244.44458007813,1666.66662597656,0,6464.384765625,0,0,0,0,3476.1904296875,0,0,0,0,0,0,19988.0950520833,4345.23795572917,0,6952.380859375,0,0,5735.71419270833,521.428588867188,1216.66666666667,0,5040.47623697917,869.047607421875,0,0,2866.65006510417,0,8845.875,2010.28824869792,0,0,0,46928.5729166667,0,0,0,0,2186.3408203125,19815.8583374023,0,0,0,0,1655.66080729167,0,0,156771.65625,3203.17626953125
"NGA",3,1,"LSMS-ISA2015",2015,1,7,722,234,0,70038,7,0,2571.42846679688,0,0,0,0,0,0,0,0,0,0,26071.4285714286,0,0,0,11297.6181640625,0,0,5410.73486328125,0,0,0,0,4750.44283125609,0,0,0,2375.22141562805,0,0,8313.27483397243,0,0,3800.35418630837,0,2375.22134587358,3483.6580601577,0,0,0,0,475.044290727162,2420.8220960598,0,0,0,1569.05262630619,4575.79720125261,0,0,0,14251.3279106883,0,0,0,3562.83167360996,0,4861.67300616903,0,0,0,0,0,0,0,102165.921875,3203.17626953125
"NGA",3,1,"LSMS-ISA2015",2015,1,7,722,234,0,70039,4,0,0,0,0,0,912.5,0,0,3350,1020.23809814453,0,0,0,0,6517.85693359375,0,5170.83349609375,250,0,4260.62451171875,0,0,0,3910.71435546875,13035.7138671875,0,0,0,782.142883300781,0,0,0,2607.14282226563,0,5735.71435546875,0,3258.92846679688,6517.85693359375,782.142883300781,3650,0,20596.4285888672,1303.57141113281,7304.85986328125,0,0,0,0,1206.17297363281,0,0,0,11732.142578125,0,0,0,0,0,6602.00476074219,0,0,0,0,262.0244140625,0,0,110769.6171875,3203.17626953125
"NGA",3,1,"LSMS-ISA2015",2015,1,7,722,234,0,70040,3,0,0,0,0,0,0,0,0,0,428.730194091797,0,0,0,0,0,0,3244.4443359375,0,0,2895.11450195313,0,5214.28580729167,0,0,3476.1904296875,0,0,0,2085.71435546875,0,0,20857.1432291667,8690.47591145833,0,3823.8095703125,0,1738.09521484375,3476.1904296875,0,1738.09521484375,0,5909.52376302083,1738.09521484375,0,0,0,0,13940.2330729167,275.811543782552,0,0,0,0,0,0,0,0,0,3377.25376383464,0,0,0,0,0,0,0,82909.203125,3203.17626953125
"NGA",3,1,"LSMS-ISA2015",2015,1,7,722,892,0,70041,4,0,0,0,0,0,0,0,0,3000,910.714294433594,0,0,2433.33325195313,0,26071.427734375,0,9125,10000,3910.71435546875,3991.54638671875,0,0,0,0,5214.28564453125,0,0,0,0,0,0,9125,0,0,3258.92846679688,0,0,0,0,0,0,38976.7856445313,1303.57141113281,7304.85986328125,0,8599.9501953125,0,0,190.575332641602,0,0,0,0,0,0,0,1955.35693359375,0,4105.08731079102,0,0,0,0,262.0244140625,0,0,139739.15625,4096.69384765625
"NGA",3,1,"LSMS-ISA2015",2015,1,7,722,892,0,70042,7,0,0,0,0,0,869.047642299107,0,0,2514.28571428571,1106.12243652344,0,0,5214.28571428571,0,3724.48967633929,0,8864.2861328125,7142.85693359375,0,1874.62805175781,0,0,0,0,7448.97935267857,0,0,0,2234.69391741071,0,0,5959.18359375,4469.38783482143,0,1862.24483816964,0,1489.7958984375,2979.591796875,0,0,0,4096.93882533482,372.448974609375,0,0,4914.25725446429,0,0,472.819789341518,0,0,0,0,0,0,0,0,0,3590.4862234933,0,0,0,0,0,0,0,71200.8203125,4096.69384765625
"NGA",3,1,"LSMS-ISA2015",2015,1,7,722,892,0,70043,1,0,0,0,0,0,0,0,0,0,100,0,0,0,0,0,0,7300,20600,0,23165.59765625,0,0,0,0,10428.5712890625,0,0,0,0,0,0,15642.857421875,7821.4287109375,0,0,0,5214.28564453125,0,0,0,0,20857.1428222656,7821.42846679688,0,0,0,0,0,827.434631347656,0,0,0,0,0,0,0,18557.5096435547,4171.4287109375,14314.7255859375,0,0,0,0,0,0,0,156822.40625,4096.69384765625
"NGA",3,1,"LSMS-ISA2015",2015,1,7,722,892,0,70044,4,0,0,0,0,0,0,0,0,0,0,0,0,0,0,0,0,7300,0,0,1838.71606445313,0,0,0,0,7821.4287109375,0,2607.14282226563,0,2867.85711669922,0,0,5214.28564453125,0,0,3584.82131958008,0,2607.14282226563,0,0,0,0,26071.4287109375,912.5,3985.79418945313,0,0,0,0,1886.57934570313,0,0,0,23464.28515625,0,0,0,5866.07080078125,0,10701.4647216797,0,0,0,0,3135.681640625,0,608.333312988281,110473.53125,4096.69384765625
"NGA",3,1,"LSMS-ISA2015",2015,1,7,722,892,0,70045,6,0,0,0,0,0,0,0,0,0,33.3333320617676,0,0,0,0,0,0,811.111083984375,1000,0,2049.37060546875,0,0,0,0,869.047607421875,0,0,0,0,0,0,0,0,0,1738.09521484375,0,1303.57145182292,0,0,0,0,869.047607421875,173.809529622396,0,0,5733.30013020833,0,0,255.708658854167,0,0,0,0,0,0,0,0,0,7582.10416666667,0,0,0,0,0,0,0,22418.501953125,4096.69384765625
"NGA",3,1,"LSMS-ISA2015",2015,1,7,722,892,0,70046,8,0,0,0,0,0,0,0,0,875,3289.28564453125,0,0,608.333312988281,0,3650,0,15968.75,750,0,2249.38671875,0,6517.85693359375,0,0,3258.92846679688,0,1303.57141113281,0,651.785705566406,0,0,0,5214.28564453125,0,0,0,651.785705566406,0,0,4562.5,0,1303.57141113281,651.785705566406,4752.6298828125,0,6680.80335998535,0,0,17682.54296875,0,0,0,0,9450.892578125,0,0,4428.80029296875,260.714294433594,594.586318969727,0,0,0,0,3078.79858398438,0,0,98436.609375,4096.69384765625
"NGA",3,1,"LSMS-ISA2015",2015,1,7,722,892,0,70047,6,0,0,0,0,0,0,0,0,700,0,0,0,0,0,0,0,1216.66662597656,0,0,1778.31970214844,0,0,0,0,1738.09521484375,0,0,0,1738.09521484375,0,0,15208.3333333333,3041.66666666667,0,4345.23795572917,0,2607.14282226563,0,0,0,0,5214.28580729167,608.333333333333,2657.19612630208,0,0,0,0,5022.58740234375,0,0,0,0,0,0,0,0,0,3074.25573730469,0,0,0,0,0,0,0,48950.2109375,4096.69384765625
"NGA",3,1,"LSMS-ISA2015",2015,1,7,722,892,0,70048,1,0,0,0,0,0,0,0,0,1200,3615.47607421875,0,0,0,0,0,0,43800,3000,10428.5712890625,8685.34375,0,0,0,0,73000.0009765625,0,0,0,0,0,15642.857421875,54749.9990234375,23464.2861328125,8342.857421875,10428.5715332031,0,5214.28564453125,0,2607.14282226563,0,13035.7143554688,27114.2856445313,5214.28564453125,0,0,0,0,0,14959.4326171875,0,0,0,0,0,0,0,17715.201171875,1229.4736328125,648.606262207031,0,0,0,0,0,0,0,344096.375,4096.69384765625
"NGA",3,1,"LSMS-ISA2015",2015,1,7,722,892,0,70049,8,0,0,0,0,0,0,0,0,725,25,0,0,912.5,0,0,0,6843.75,75,0,1468.48425292969,0,0,0,0,4847.30654088207,0,0,0,0,0,0,2423.65327044103,1615.76880627059,0,2019.71096182639,0,0,0,0,0,403.942201567646,2423.65314789978,807.884403135293,0,0,0,0,0,1239.42927933828,0,0,0,0,0,0,0,2744.73547666927,378.146598613846,1314.18615814213,1307.4513473213,0,0,0,0,0,0,31575.603515625,4096.69384765625
"NGA",3,1,"LSMS-ISA2015",2015,1,7,722,892,0,70050,7,0,0,0,0,0,0,0,0,0,0,0,0,0,0,0,0,4519.04736328125,2607.14282226563,0,1673.89587402344,0,0,0,0,2234.69391741071,0,0,0,0,0,0,5959.18359375,0,0,3724.48967633929,0,3724.48981584821,0,0,0,0,0,521.428571428571,2277.5966796875,0,0,0,0,3446.20842633929,0,0,0,0,0,0,0,2532.65290178571,0,1020.18634905134,0,0,0,0,0,0,0,34241.01171875,4096.69384765625
"NGA",3,1,"LSMS-ISA2015",2015,1,7,710,2726,0,70051,1,0,0,0,0,0,0,0,0,0,1042.85717773438,0,0,0,0,0,0,0,2000,0,6036.50634765625,0,0,0,0,10428.5712890625,0,13035.7138671875,0,0,0,0,0,15642.857421875,0,10428.5712890625,0,15642.857421875,13035.7138671875,0,0,0,20857.142578125,1042.85717773438,0,0,0,0,0,0,0,0,0,0,0,0,0,0,0,3193.75,0,0,0,0,0,0,0,112387.40625,5310.52880859375
"NGA",3,1,"LSMS-ISA2015",2015,1,7,710,2726,0,70052,6,0,0,0,0,0,0,0,0,516.666666666667,0,0,0,0,0,0,0,0,0,0,1604.67321777344,0,0,0,0,6083.33333333333,0,2172.61897786458,0,0,0,0,4345.23795572917,1738.09521484375,0,3910.71419270833,0,3476.1904296875,0,0,0,0,0,521.428588867188,2657.19612630208,0,0,0,0,5022.58740234375,0,0,0,0,0,0,0,0,0,2676.39038085938,0,0,0,0,0,0,0,34725.12890625,5310.52880859375
"NGA",3,1,"LSMS-ISA2015",2015,1,7,710,2726,0,70053,5,0,1200,0,0,0,486.666650390625,0,0,1400,800,0,0,0,0,10428.57109375,0,10950,400,0,10317.7900390625,0,6257.14296875,0,0,2085.7142578125,0,0,0,0,0,0,5214.285546875,4171.428515625,0,2294.2857421875,0,2085.7142578125,0,1042.85712890625,1460,6257.14296875,12514.2854492188,2085.7142578125,0,0,0,0,9859.58984375,14023.5931640625,0,0,0,0,0,0,0,12091.794921875,491.789453125,5168.52608642578,10126.3375,0,0,0,1672.363671875,0,0,134885.609375,5310.52880859375
"NGA",3,1,"LSMS-ISA2015",2015,1,7,710,2726,0,70054,8,0,0,0,0,0,0,0,0,800,0,0,0,0,0,0,0,0,0,0,919.358032226563,0,0,0,0,4562.5,0,1629.46423339844,0,977.678588867188,0,0,6843.75,3584.82141113281,0,2933.03564453125,0,1955.35711669922,0,0,0,0,0,325.892852783203,2657.1962890625,0,0,0,0,4518.44873046875,0,0,0,0,0,0,0,0,1084.0224609375,2800.26654052734,0,0,0,0,0,0,0,35591.79296875,5310.52880859375
"NGA",3,1,"LSMS-ISA2015",2015,1,7,710,2726,0,70055,6,0,0,0,0,0,0,0,0,2100,1200,0,0,0,0,869.047607421875,0,12369.4443359375,666.666687011719,0,2687.00903320313,0,0,0,0,10428.5716145833,0,0,0,1303.57145182292,0,0,9559.52376302083,8690.47591145833,0,2085.71435546875,0,434.523803710938,0,1042.85717773438,1303.57145182292,3823.8095703125,6083.33333333333,1738.09521484375,3168.419921875,0,434.523803710938,0,0,8673.17740885417,0,0,0,0,0,0,0,2952.53352864583,409.824544270833,6151.1815999349,5625.74283854167,0,0,0,0,0,202.777770996094,94004.390625,5310.52880859375
"NGA",3,1,"LSMS-ISA2015",2015,1,7,710,2726,0,70056,1,0,0,0,0,0,608.333312988281,0,0,6000,1129.76196289063,0,0,0,0,52142.85546875,0,9733.3330078125,0,13035.7138671875,24933.751953125,0,0,0,0,12514.2861328125,0,7821.4287109375,0,0,0,0,36500,0,0,11471.4287109375,0,7821.4287109375,10428.5712890625,0,0,0,99071.427734375,1042.85717773438,0,0,0,0,0,15873.2373046875,0,0,0,0,0,0,0,0,0,9759.6171875,0,0,0,0,0,0,0,319888.03125,5310.52880859375
"NGA",3,1,"LSMS-ISA2015",2015,1,7,710,2726,0,70057,1,0,18000,0,0,0,0,0,0,4000,2085.71435546875,0,0,0,0,0,0,0,20000,46928.5703125,40483.1328125,0,0,0,0,13035.7138671875,0,10428.5712890625,0,0,0,0,41714.28515625,26071.427734375,0,24507.142578125,0,13035.7141113281,0,0,0,31285.71484375,46928.572265625,1564.28576660156,0,0,0,0,0,0,0,0,0,0,0,0,0,0,0,0,0,0,0,0,0,0,0,340068.84375,5310.52880859375
"NGA",3,1,"LSMS-ISA2015",2015,1,7,710,2726,0,70058,3,0,2000,0,0,0,0,0,0,0,0,0,0,0,0,0,0,0,0,1738.09521484375,3209.34643554688,0,0,0,0,8690.47591145833,0,0,0,0,0,0,0,0,0,3476.1904296875,0,6952.38102213542,0,0,0,0,0,869.047607421875,3542.92838541667,0,0,0,0,10045.1748046875,0,0,0,0,17380.9518229167,0,0,0,0,4052.93286132813,0,0,0,0,0,0,0,61957.52734375,5310.52880859375
"NGA",3,1,"LSMS-ISA2015",2015,1,7,710,2726,0,70059,7,0,857.142883300781,0,0,0,0,0,0,828.571428571429,228.571426391602,0,0,0,0,744.89794921875,0,19119.046875,85.7142868041992,0,1874.62805175781,0,0,0,0,3144.34839408208,0,0,0,0,0,0,3930.43541568162,3144.34839408208,0,1729.39165859782,0,1572.17419704104,0,2751.30488328231,550.26097593981,0,393.04354926026,2358.26128839504,2865.95809091184,0,393.04354926026,0,0,7047.15620726864,0,0,0,0,0,0,0,5341.36103850377,735.887855205298,757.364701699307,0,0,0,0,0,0,0,60452.9140625,5310.52880859375
"NGA",3,1,"LSMS-ISA2015",2015,1,7,710,2726,0,70060,8,0,0,0,0,0,0,0,0,1250,587.5,0,0,0,0,0,0,4562.5,0,0,2714.65771484375,0,6517.85693359375,0,0,1303.57141113281,0,0,0,0,0,0,2607.14282226563,1303.57141113281,0,3193.75,0,1303.57141113281,0,0,0,2867.85717773438,5475,325.892852783203,0,0,325.892852783203,0,0,6271.50695800781,0,0,0,0,0,0,0,2346.42846679688,307.368408203125,3560.39975738525,4219.30712890625,0,0,0,0,0,0,51043.77734375,5310.52880859375
"NGA",3,1,"LSMS-ISA2015",2015,1,7,711,2532,0,70062,5,0,0,0,0,0,0,0,0,0,0,0,0,0,0,0,0,0,0,0,1312.68212890625,0,0,0,0,6257.14296875,0,0,0,0,0,0,0,2085.7142578125,0,2085.7142578125,0,2085.7142578125,0,0,0,0,0,521.428564453125,0,0,0,0,0,4824.691796875,0,0,27564.503125,0,0,0,0,0,0,4480.42646484375,0,0,0,0,0,0,0,51218.01953125,4362.22021484375
"NGA",3,1,"LSMS-ISA2015",2015,1,7,711,2532,0,70063,1,0,0,0,0,0,0,0,0,0,0,0,0,0,0,0,0,0,0,0,5310.35791015625,0,0,0,0,39107.14453125,0,0,0,0,0,0,44321.427734375,10428.5712890625,0,11471.4287109375,0,10428.5712890625,0,0,0,0,0,521.428588867188,0,0,0,0,0,14474.07421875,0,0,68911.2578125,0,0,0,0,0,0,16009.1301269531,0,0,0,0,0,0,0,220983.390625,4362.22021484375
"NGA",3,1,"LSMS-ISA2015",2015,1,7,711,2532,0,70064,4,0,0,0,0,0,0,0,0,1750,425,0,0,0,0,1303.57141113281,0,10037.5,1250,0,3702.27392578125,0,0,0,0,2877.0433554275,0,719.260838856875,0,719.260838856875,0,0,0,1438.52167771375,0,3596.30419911661,0,1438.52167771375,0,0,0,0,719.260838856875,2157.78251173839,0,0,359.630419428438,0,0,10168.2782171872,0,0,0,0,0,0,0,0,0,0,0,0,0,0,3460.2983573017,0,0,46122.5078125,4362.22021484375
"NGA",3,1,"LSMS-ISA2015",2015,1,7,711,2532,0,70066,5,0,0,0,0,0,0,0,0,1000,1564.76196289063,0,0,0,0,31285.715625,0,0,8000,0,1207.30126953125,0,0,0,0,1042.85712890625,0,521.428564453125,0,0,0,0,3128.571484375,2085.7142578125,0,5214.285546875,0,4692.85708007813,2085.7142578125,0,0,0,4692.85708007813,521.428564453125,0,0,6879.96015625,0,0,2412.3458984375,0,0,0,0,0,0,0,4617.98515625,0,2976.02333984375,0,0,0,0,0,0,0,83929.8125,4362.22021484375
"NGA",3,1,"LSMS-ISA2015",2015,1,7,711,2532,0,70067,4,0,0,0,0,0,0,0,0,5250,1260.71435546875,0,0,0,0,65178.5703125,0,4562.5,4000,0,3771.42626953125,0,0,0,0,3910.71435546875,0,0,0,0,0,0,0,6517.85693359375,0,3258.92846679688,0,2607.14282226563,0,0,0,0,5866.0712890625,6517.85693359375,0,0,8599.9501953125,0,0,3424.22369384766,0,0,0,0,0,0,0,30315.275390625,0,1598.25061035156,0,0,0,0,0,0,0,156639.484375,4362.22021484375
"NGA",3,1,"LSMS-ISA2015",2015,1,7,711,2532,0,70068,6,0,0,0,0,0,0,0,0,1166.66666666667,1557.22216796875,0,0,10138.888671875,0,1738.09521484375,0,28388.888671875,33.3333320617676,0,1374.64685058594,0,0,0,0,5648.80924479167,0,869.047607421875,0,869.047607421875,0,0,0,5474.99983723958,0,12861.9051310221,0,1303.57141113281,4779.76204427083,173.809529622396,695.238118489583,22073.8095703125,19205.9524129232,1825,0,0,217.261901855469,0,0,1333.26383463542,0,0,1148.52099609375,0,630059.541666667,0,0,0,204.912272135417,396.390879313151,0,0,0,0,0,0,1013.88891601563,754552.4375,4362.22021484375
"NGA",3,1,"LSMS-ISA2015",2015,1,7,711,2532,0,70069,4,0,0,0,0,0,0,0,0,0,2260.71435546875,0,0,0,0,6517.85693359375,0,1216.66662597656,750,0,2171.3359375,0,0,0,0,0,0,0,0,0,0,0,2607.14282226563,0,0,3258.92846679688,0,2607.14282226563,0,0,0,0,3910.71435546875,651.785705566406,0,0,0,0,0,1809.25927734375,0,0,26875.39453125,0,0,0,0,0,0,5866.0712890625,0,0,0,0,0,0,0,60503.01171875,4362.22021484375
"NGA",3,1,"LSMS-ISA2015",2015,1,7,711,2532,0,70070,6,0,0,0,0,0,0,0,0,2050,300,0,0,0,0,1738.09521484375,0,8111.11083984375,100,0,2840.41625976563,0,0,0,0,0,0,0,0,1084.33985683615,0,0,1084.33985683615,3795.18955975653,0,6180.73704224825,0,1084.33985683615,0,542.169928418076,0,0,2168.6797136723,1084.33985683615,0,0,0,14165.1697498632,0,7457.34429709436,0,0,2866.09633577217,0,0,0,0,0,3011.80171922926,854.299095887336,0,0,0,3872.64244448637,5206.80283018231,0,0,69597.90625,4362.22021484375
"NGA",3,1,"LSMS-ISA2015",2015,1,7,709,1226,0,70071,7,0,0,0,0,0,0,0,0,0,0,0,0,0,0,0,0,0,0,0,1673.89587402344,0,0,0,0,26071.4285714286,0,0,0,0,0,0,5959.18359375,5959.18359375,0,1862.24483816964,0,1489.7958984375,0,0,0,0,10949.9998604911,372.448974609375,3036.79575892857,0,0,0,0,3096.21637834821,0,0,0,0,0,0,0,0,0,2698.86115373884,0,0,0,0,0,0,0,63170.0546875,3641.50561523438
"NGA",3,1,"LSMS-ISA2015",2015,1,7,709,1226,0,70072,4,0,0,0,0,0,0,0,0,6500,3151.78564453125,0,0,0,0,15642.857421875,0,3041.66674804688,1250,10428.5712890625,13620.833984375,0,0,0,0,0,0,0,0,0,0,0,0,0,0,2867.85717773438,0,2607.14282226563,5214.28564453125,0,0,0,6517.85705566406,521.428588867188,7304.85986328125,0,0,0,0,620.575988769531,0,0,0,0,0,0,0,0,0,2878.13928222656,0,0,0,0,0,0,0,82167.859375,3641.50561523438
"NGA",3,1,"LSMS-ISA2015",2015,1,7,709,1226,0,70073,6,0,0,0,0,0,0,0,0,1500,173.809524536133,0,0,0,0,19119.0481770833,0,0,1666.66662597656,0,2840.41625976563,0,0,0,0,3476.1904296875,0,6952.380859375,0,0,0,0,0,6952.380859375,0,4779.76188151042,0,0,0,0,0,0,6952.380859375,434.523803710938,4869.90657552083,0,11008.7604166667,0,11616.8619791667,0,0,0,0,15642.8567708333,0,0,0,2607.142578125,0,4656.54280598958,0,0,0,0,0,0,0,105249.625,3641.50561523438
"NGA",3,1,"LSMS-ISA2015",2015,1,7,709,1226,0,70074,4,0,0,0,0,0,0,0,0,2000,2564.880859375,0,0,1520.83337402344,0,78214.2890625,0,6083.33349609375,5500,13035.7138671875,17063.802734375,0,0,0,0,2607.14282226563,0,0,0,0,0,0,0,3910.71435546875,1564.28576660156,3258.92846679688,0,1955.35717773438,5214.28564453125,0,0,0,26983.9293212891,651.785705566406,6642.99072265625,0,5504.3798828125,0,20910.349609375,620.575988769531,0,0,0,35196.4296875,0,0,0,0,0,8926.54760742188,0,0,0,0,0,0,0,249930.53125,3641.50561523438
"NGA",3,1,"LSMS-ISA2015",2015,1,7,709,1226,0,70075,2,0,0,0,0,0,0,0,0,4600,10200,0,0,18250,0,13035.7138671875,0,0,100,0,12415.228515625,0,0,0,0,62571.4296875,0,0,0,4692.85693359375,0,0,0,13035.7138671875,0,0,0,1303.57141113281,7821.4287109375,6517.85693359375,0,20857.142578125,62571.4272460938,2607.14282226563,7604.2080078125,0,8599.9501953125,0,0,24571.662109375,0,0,0,0,52142.85546875,0,0,5909.5234375,0,7796.65112304688,0,0,0,0,8361.818359375,0,0,355566.15625,3641.50561523438
"NGA",3,1,"LSMS-ISA2015",2015,1,7,709,1226,0,70076,10,0,0,0,0,0,0,0,0,730,206,0,0,0,0,2085.7142578125,0,0,40,1042.85712890625,868.534362792969,0,0,0,0,20857.1421875,0,0,0,1042.85712890625,0,0,0,1720.7142578125,0,3650,0,521.428564453125,0,521.428564453125,417.14287109375,1199.2857421875,1720.71430664063,521.428564453125,1901.051953125,0,5159.9703125,0,0,1228.58310546875,0,0,0,4692.85703125,5214.2857421875,0,0,4617.98515625,0,5749.062890625,4011.70859375,0,0,0,0,0,0,69720.734375,3641.50561523438
"NGA",3,1,"LSMS-ISA2015",2015,1,7,709,1226,0,70077,7,0,0,0,0,0,0,0,0,2628.57142857143,444.047607421875,0,0,0,0,37244.8973214286,0,5388.09521484375,34.2857131958008,372.448974609375,915.789367675781,0,0,0,0,2234.69391741071,0,744.89794921875,0,2234.69391741071,0,0,0,0,0,1862.24483816964,0,1489.7958984375,0,372.448974609375,0,7448.97935267857,43204.0804268973,744.89794921875,2715.78850446429,0,2007.08621651786,0,0,3510.23744419643,0,0,0,10056.1227678571,0,1586.63267299107,0,844.217633928571,0,3054.29973493304,0,0,0,0,1791.81808035714,0,0,132931.078125,3641.50561523438
"NGA",3,1,"LSMS-ISA2015",2015,1,7,709,1226,0,70078,9,0,0,0,0,0,0,0,0,2377.77777777778,356.349212646484,0,0,0,0,1158.73014322917,0,0,1111.11108398438,0,3355.8447265625,0,0,0,0,2351.16785592698,0,0,0,0,0,0,0,3526.75189603804,0,2527.50549680145,0,1763.37594801902,2938.95976626202,0,0,0,0,176.337597605591,0,0,0,0,0,279.823242623863,0,0,0,0,0,0,0,5205.72663430402,0,3952.57924670828,0,0,0,0,0,0,0,31082.04296875,3641.50561523438
"NGA",3,1,"LSMS-ISA2015",2015,1,7,709,1226,0,70079,2,0,0,0,0,0,0,0,0,0,260.714294433594,0,0,0,0,0,0,3650,0,1303.57141113281,3089.73168945313,0,0,0,0,15642.857421875,0,0,0,0,0,0,0,0,0,6517.85693359375,0,2607.14282226563,0,0,0,0,13557.1430664063,1303.57141113281,5314.392578125,0,0,0,0,7830.724609375,0,0,0,0,0,0,0,0,0,6321.25769042969,0,0,0,0,0,0,0,67398.9609375,3641.50561523438
"NGA",3,1,"LSMS-ISA2015",2015,1,7,709,1226,0,70080,9,0,0,0,0,0,0,0,0,0,57.9365081787109,0,0,0,0,0,0,0,0,1158.73014322917,670.722900390625,0,0,0,0,4055.55555555556,0,0,0,0,0,0,0,0,0,1448.41265190972,0,1158.73014322917,0,0,0,0,0,289.682535807292,2361.95225694444,0,0,0,0,2408.16829427083,0,0,0,0,0,0,0,0,0,2489.12581380208,0,0,0,0,0,0,0,16099.0166015625,3641.50561523438
"NGA",3,1,"LSMS-ISA2015",2015,1,7,719,1612,1,70082,1,0,6840,0,0,0,0,0,0,0,9093.333984375,0,0,15816.6669921875,0,0,0,97333.3359375,0,0,36000,0,0,0,0,0,0,0,0,0,0,0,0,0,0,0,0,0,0,0,15642.857421875,0,216392.857421875,0,0,0,0,0,0,0,0,0,0,0,0,0,0,1871.79479980469,0,0,0,0,5214.2861328125,0,0,0,36500,440705.125,12138.3515625
"NGA",3,1,"LSMS-ISA2015",2015,1,7,719,1612,1,70083,6,0,1400,0,0,1926.38883463542,2027.77783203125,0,0,3816.66666666667,2066.58740234375,0,0,6894.44466145833,0,13035.71484375,0,14194.4443359375,0,0,9000,0,0,0,0,0,6952.380859375,521.428588867188,0,0,0,0,0,7386.90494791667,0,7647.619140625,0,5344.64290364583,1738.09521484375,0,0,0,1911.90478515625,5040.47621663411,0,0,18402.7506510417,11352.7200520833,22114.6875,4095.27701822917,0,0,0,0,0,0,0,0,0,538.809529622396,0,218.475646972656,0,0,640.350830078125,0,0,148268.546875,12138.3515625
"NGA",3,1,"LSMS-ISA2015",2015,1,7,719,1612,1,70084,2,0,4200,0,0,0,3650,0,0,1500,4272.380859375,0,0,0,0,0,0,30416.666015625,0,0,7180.05419921875,0,0,0,0,26071.427734375,9125,37542.8579101563,6517.85693359375,0,0,0,0,10428.5712890625,0,3128.57153320313,0,14991.0716552734,10428.5712890625,0,391.071441650391,0,12253.5717773438,1303.57141113281,0,0,0,0,0,0,0,0,0,0,0,0,0,8128.93786621094,0,0,0,0,0,0,9672.81225585938,0,0,201202.984375,12138.3515625
"NGA",3,1,"LSMS-ISA2015",2015,1,7,719,1612,1,70085,3,811.111083984375,1400,0,2433.33333333333,0,0,0,0,0,999.682556152344,0,0,0,0,0,0,8111.111328125,200,0,12000,0,0,0,20857.1432291667,0,0,2954.76204427083,0,0,0,0,0,20857.1432291667,0,4345.23811848958,0,3823.8095703125,3476.1904296875,0,0,0,7821.42838541667,869.047648111979,0,0,0,7231.93489583333,0,0,0,0,0,0,0,0,0,0,0,0,0,0,0,0,0,0,12166.6669921875,110358.59375,12138.3515625
"NGA",3,1,"LSMS-ISA2015",2015,1,7,719,1612,1,70086,2,1825,6000,0,0,0,2433.33325195313,0,0,8500,3442.38110351563,0,0,79083.3359375,0,0,0,24333.333984375,8000,0,9000,0,0,0,6517.85693359375,20857.142578125,20857.142578125,0,0,15642.857421875,0,0,0,11732.142578125,14600,9125,0,6778.5712890625,7821.4287109375,1303.57141113281,12514.2856445313,0,109499.997070313,3389.28570556641,0,0,0,0,0,0,0,0,0,0,0,0,0,0,0,0,0,0,0,0,0,0,11254.1669921875,394510.84375,12138.3515625
"NGA",3,1,"LSMS-ISA2015",2015,1,7,719,1612,1,70087,5,0,16800,0,2433.3333984375,0,2433.3333984375,0,0,2200,1104.57153320313,0,0,8516.66640625,0,0,0,34066.6640625,1783.33337402344,0,52972.5,0,0,0,3128.571484375,41714.284375,0,3128.571484375,20857.1421875,4171.428515625,0,0,0,41714.284375,6257.14296875,4380,0,13139.9997558594,8342.85703125,1042.85712890625,11262.85703125,0,131400,1877.14287109375,0,0,0,13623.2640625,0,0,0,0,0,0,0,0,0,0,0,0,0,0,0,0,524.048779296875,0,1216.66674804688,430091.53125,12138.3515625
"NGA",3,1,"LSMS-ISA2015",2015,1,7,719,1612,1,70088,3,0,14000,0,0,0,0,0,0,1000,2798.73022460938,0,0,4055.5556640625,0,0,0,34066.66796875,333.333343505859,0,10435.9033203125,0,0,0,4345.23795572917,69523.8072916667,0,2607.14290364583,34761.9036458333,3476.1904296875,0,0,0,19119.0475260417,0,7300,0,7995.23803710938,13035.71484375,1738.09521484375,5909.52384440104,0,0,10428.5711263021,0,0,0,0,0,0,0,0,0,0,0,0,0,0,0,0,0,0,0,0,0,0,0,246930.6875,12138.3515625
"NGA",3,1,"LSMS-ISA2015",2015,1,7,719,1612,1,70089,6,0,6000,0,0,0,486.666666666667,0,0,0,779.365051269531,0,0,4055.5556640625,0,0,0,16222.22265625,1833.33337402344,0,19493.908203125,0,26071.4296875,0,7821.42838541667,31285.7135416667,0,1303.57145182292,0,1738.09521484375,0,0,3041.66666666667,2172.61897786458,2520.23811848958,4171.4286702474,0,2607.14286295573,2085.71435546875,434.523803710938,347.619059244792,1738.09521484375,26071.4285481771,1216.66666666667,0,0,0,0,21799.9124348958,0,0,0,0,0,0,0,0,0,0,1.39270448684692,0,0,0,0,436.707316080729,0,0,185736.4375,12138.3515625
"NGA",3,1,"LSMS-ISA2015",2015,1,7,719,1612,1,70090,6,0,4000,0,2027.77783203125,0,1013.88891601563,0,0,1333.33333333333,609.920654296875,0,0,3041.66666666667,0,0,0,16222.22265625,666.666687011719,0,4924.2177734375,0,0,0,17380.9518229167,34761.9036458333,0,13035.7138671875,17380.9518229167,1738.09521484375,0,0,6952.380859375,4345.23795572917,695.238118489583,6952.380859375,0,5561.90470377604,5561.90494791667,434.523803710938,3736.90474446615,0,10689.2854817708,5214.28556315104,0,0,0,11352.7200520833,0,0,0,0,0,0,0,0,0,0,0,0,0,0,0,0,0,0,0,179634.09375,12138.3515625
"NGA",3,1,"LSMS-ISA2015",2015,1,7,717,1248,0,70091,2,0,0,0,0,0,0,0,0,19500,1424.76196289063,0,0,0,0,0,0,3041.66674804688,150,0,2092.60571289063,0,0,0,2607.14282226563,13035.7138671875,0,1564.28576660156,0,5214.28564453125,0,0,0,15642.857421875,0,8082.14282226563,0,5475,0,1303.57141113281,521.428588867188,0,7821.4287109375,2607.14282226563,0,0,0,0,12324.4873046875,4986.4775390625,0,0,0,0,0,0,0,0,0,0,0,0,0,0,26.2024383544922,0,0,107421.2109375,5462.25830078125
"NGA",3,1,"LSMS-ISA2015",2015,1,7,717,1248,0,70092,2,0,0,0,0,0,2555,0,0,0,220,0,0,0,0,0,0,14600,0,0,12195.91015625,0,0,0,0,5214.28564453125,0,2085.71435546875,0,0,0,0,0,0,0,11471.4287109375,0,6778.57159423828,5214.28564453125,0,0,0,18771.4287109375,13035.7146606445,0,0,4890.86181640625,0,27421.333984375,723.703735351563,0,0,0,0,0,7821.4287109375,0,0,0,0,0,0,0,0,0,0,0,132999.671875,5462.25830078125
"NGA",3,1,"LSMS-ISA2015",2015,1,7,717,1248,0,70093,5,0,0,0,0,0,0,0,0,2000,726.952331542969,0,0,0,0,0,0,5840,120,0,4715.029296875,0,0,0,0,10428.57109375,0,625.714306640625,0,4797.14282226563,0,0,0,5214.285546875,0,2085.7142578125,0,1251.42858886719,3128.571484375,0,0,6674.2859375,6674.2859375,938.571459960938,0,0,0,0,14152.521875,4182.16970214844,0,0,0,0,0,0,0,0,0,521.428564453125,0,0,0,0,0,0,0,74076.671875,5462.25830078125
"NGA",3,1,"LSMS-ISA2015",2015,1,7,717,1248,0,70094,1,0,0,0,0,0,0,0,0,3600,1400,0,0,0,0,0,0,0,800,0,5879.60595703125,0,0,0,0,26071.427734375,0,0,0,0,0,0,0,20857.142578125,0,10428.5712890625,0,5214.28576660156,0,0,0,0,0,3128.57153320313,0,0,6517.85693359375,19279.486328125,19719.177734375,4824.69189453125,0,0,0,0,0,0,0,5005.71435546875,0,3760.30200195313,0,0,0,0,0,0,0,136486.84375,5462.25830078125
"NGA",3,1,"LSMS-ISA2015",2015,1,7,717,1248,0,70095,3,0,0,0,0,0,608.333333333333,0,0,533.333333333333,471.111083984375,0,0,3650,0,0,0,40555.5546875,0,0,33497.62890625,0,0,0,0,10428.5716145833,0,2607.14290364583,0,0,0,0,0,6952.380859375,0,9733.33333333333,0,5388.09525553385,5214.28580729167,869.047607421875,2085.71435546875,0,13730.9526367188,8429.76196289063,0,0,0,0,12580.01953125,8833.84627278646,0,0,0,0,0,0,0,1515.26257324219,0,2120.89005533854,0,0,0,0,0,0,0,169805.28125,5462.25830078125
"NGA",3,1,"LSMS-ISA2015",2015,1,7,717,1248,0,70096,1,0,0,0,0,0,0,0,0,3600,2322.85717773438,0,0,0,0,0,0,12166.6669921875,400,0,6162.67333984375,0,0,0,0,20857.142578125,0,0,0,0,0,0,0,26071.427734375,0,10428.5712890625,0,11992.8566894531,0,0,0,0,0,2607.14282226563,0,0,4345.23779296875,0,29578.767578125,482.469177246094,0,0,0,0,0,0,0,0,0,5849.35888671875,0,0,0,0,0,0,0,136865.171875,5462.25830078125
"NGA",3,1,"LSMS-ISA2015",2015,1,7,717,1248,0,70097,4,0,0,0,0,0,243.33332824707,0,0,1400,1447.02380371094,0,0,0,0,0,0,9733.3330078125,500,0,11993.2509765625,0,0,0,0,6517.85693359375,0,0,0,0,0,0,0,7821.4287109375,0,5214.28564453125,0,521.428588867188,2607.14282226563,0,2607.14282226563,6257.14306640625,10167.857421875,4041.07135009766,0,0,0,0,8845.326171875,6594.94805908203,0,0,0,0,0,0,0,0,0,4987.90907287598,0,0,0,0,0,0,0,91500.4765625,5462.25830078125
"NGA",3,1,"LSMS-ISA2015",2015,1,7,717,1248,0,70098,3,0,0,0,0,0,0,0,0,1666.66666666667,1712.69836425781,0,0,0,0,0,0,16222.22265625,133.33332824707,0,5387.86328125,0,0,0,0,26071.4296875,0,0,0,0,0,0,0,20857.1432291667,0,6952.380859375,0,8690.47607421875,10428.5716145833,0,0,0,0,347.619059244792,9739.81315104167,0,0,0,9435.01432291667,16356.87890625,0,0,0,0,0,0,0,0,0,16302.8151041667,0,0,0,0,0,0,0,150304.90625,5462.25830078125
"NGA",3,1,"LSMS-ISA2015",2015,1,7,717,1248,0,70099,3,0,0,0,0,0,486.666666666667,0,0,1733.33333333333,1636.90478515625,0,0,2027.77783203125,0,0,0,3244.4443359375,66.6666641235352,0,19747.04296875,0,0,0,0,4370.63758508641,0,728.439595469511,0,3642.19781458714,0,0,0,7284.39562917428,0,6920.17595350984,0,6191.73631735022,0,910.549453646785,0,7284.39562917428,7284.39562917428,3642.19781458714,0,0,0,0,14828.3822391033,8714.81602837071,0,0,0,0,0,0,0,0,0,0,0,0,0,0,457.562513262006,0,0,101202.71875,5462.25830078125
"NGA",3,1,"LSMS-ISA2015",2015,1,7,717,1248,0,70100,11,0,0,0,0,0,464.545454545455,0,0,2554.54545454545,120.909088134766,0,0,0,0,0,0,0,0,0,2051.2763671875,0,0,0,0,8532.46732954545,0,4740.25963245739,0,0,0,0,0,4740.25958806818,0,3981.81827059659,0,1753.89612926136,948.051935369318,0,0,0,3412.98706054688,1990.90911310369,0,0,1778.49520596591,0,8577.28622159091,7818.25639204546,0,0,0,0,0,0,0,105.339111328125,0,645.404607599432,0,0,0,0,0,0,0,54216.71484375,5462.25830078125
"NGA",3,1,"LSMS-ISA2015",2015,1,7,701,606,0,70101,6,0,0,0,0,0,0,0,0,1833.33333333333,400,0,0,6083.33333333333,0,0,304.166666666667,4055.5556640625,1752.77783203125,0,1998.85046386719,0,0,0,1738.09521484375,4345.23795572917,0,0,0,1738.09521484375,0,0,0,4345.23795572917,0,1303.57145182292,0,12166.6668294271,3476.1904296875,1303.57145182292,608.333333333333,0,608.333333333333,3910.71419270833,0,0,0,0,0,6093.45068359375,0,0,0,0,0,0,0,1668.57145182292,0,198.397196451823,0,0,0,0,436.707316080729,0,0,60369.1875,12745.26953125
"NGA",3,1,"LSMS-ISA2015",2015,1,7,701,606,0,70102,6,0,0,0,0,0,0,0,0,1466.66666666667,2514.126953125,0,0,0,0,0,0,0,0,0,3929.19116210938,0,0,0,0,9559.52408854167,0,0,0,0,0,0,0,1303.57145182292,0,4171.42854817708,0,0,2085.71435546875,521.428588867188,0,0,5648.80940755208,3910.71423339844,0,0,3260.57454427083,0,7862.51236979167,2010.28824869792,0,0,0,0,0,0,0,0,0,0,0,0,0,0,0,0,0,48244.55078125,12745.26953125
"NGA",3,1,"LSMS-ISA2015",2015,1,7,701,606,0,70103,5,0,0,0,0,0,0,0,0,1200,602.619018554688,0,0,0,0,0,0,0,460,0,8737.9912109375,0,0,0,0,5735.714453125,0,0,0,0,0,0,0,4171.428515625,0,7508.57158203125,0,2920.00004882812,6674.2859375,0,0,0,1042.85712890625,10845.7141601563,0,0,7825.37890625,0,10850.26640625,18169.743359375,0,0,0,0,0,0,0,0,0,325.892846679688,0,0,0,0,0,0,0,87070.4609375,12745.26953125
"NGA",3,1,"LSMS-ISA2015",2015,1,7,701,606,0,70104,6,0,0,0,0,0,0,0,0,566.666666666667,1311.58728027344,0,0,2696.94449869792,0,0,0,3041.66674804688,600,0,11427.49609375,0,0,0,1738.09521484375,8690.47591145833,0,0,0,0,0,0,0,0,0,5388.09521484375,0,3128.57145182292,12166.6666666667,0,0,0,4779.76188151042,347.619059244792,0,0,0,0,9533.5703125,4083.16243489583,0,0,0,0,0,0,0,0,0,0,0,0,0,0,0,0,0,69500.3828125,12745.26953125
"NGA",3,1,"LSMS-ISA2015",2015,1,7,701,606,0,70105,8,0,0,0,0,0,0,0,0,750,255.357147216797,0,0,1520.83337402344,0,0,0,1064.58337402344,250,0,1028.53295898438,0,0,0,0,6517.85693359375,0,0,0,0,0,0,6517.85693359375,3910.71435546875,0,977.678588867188,0,2867.8571472168,0,0,456.25,0,1303.57141113281,651.785705566406,0,0,0,0,0,4268.54479980469,0,0,0,0,0,0,0,0,0,0,0,0,0,0,0,0,0,32341.423828125,12745.26953125
"NGA",3,1,"LSMS-ISA2015",2015,1,7,701,606,0,70106,3,0,0,0,0,0,730,0,0,0,720.238098144531,0,0,8111.111328125,0,0,0,13788.8896484375,2466.66674804688,0,117257.5625,0,8690.47591145833,0,0,8690.47591145833,0,0,0,0,0,0,0,13904.76171875,0,0,0,7821.42846679688,13904.76171875,0,0,0,12166.6666666667,4345.23795572917,0,0,668.244913736979,0,36561.7786458333,8178.439453125,0,0,0,0,0,0,0,11123.8098958333,0,5917.09173583984,0,0,0,0,139.746337890625,0,0,275187.40625,12745.26953125
"NGA",3,1,"LSMS-ISA2015",2015,1,7,701,606,0,70107,6,0,0,0,0,0,0,0,0,0,820.238098144531,0,0,0,0,0,0,0,133.33332824707,0,2804.27661132813,0,0,0,0,9559.52408854167,0,0,0,0,13904.76171875,0,0,14773.8098958333,0,6952.380859375,0,7386.90470377604,6517.857421875,0,0,0,3910.71419270833,173.809529622396,0,0,0,0,5896.88411458333,2041.58121744792,0,0,0,0,0,0,0,0,0,127.177703857422,0,0,0,0,0,0,0,75003.25,12745.26953125
"NGA",3,1,"LSMS-ISA2015",2015,1,7,701,606,0,70108,4,0,0,0,0,0,547.5,0,0,0,3075,0,0,0,0,0,0,5170.8330078125,0,0,2936.96850585938,0,6517.85693359375,0,0,20857.142578125,0,0,0,521.428588867188,0,0,0,0,0,6517.85693359375,0,3258.92858886719,9125,651.785705566406,0,4692.85693359375,4692.85693359375,1694.64288330078,0,0,380.208343505859,0,0,1146.34240722656,0,0,0,11732.142578125,0,19553.572265625,0,0,0,4532.74365234375,0,0,0,2085.71435546875,0,0,0,109691.375,12745.26953125
"NGA",3,1,"LSMS-ISA2015",2015,1,7,701,606,0,70109,6,0,0,0,0,0,0,0,0,1000,901.666687011719,0,0,0,0,0,0,2027.77783203125,66.6666641235352,0,3853.84399414063,0,0,0,5214.28580729167,17380.9518229167,0,0,0,1998.80950927734,0,0,0,5214.28580729167,0,0,0,1911.90478515625,3910.71419270833,434.523803710938,0,3476.1904296875,19119.0481770833,608.333333333333,0,0,0,0,9435.01432291667,4987.35961914063,0,0,0,0,0,0,0,2780.95247395833,0,2958.54586791992,0,0,0,0,0,0,0,87280.8671875,12745.26953125
"NGA",3,1,"LSMS-ISA2015",2015,1,7,701,606,0,70110,6,0,0,0,0,0,608.333333333333,0,0,400,336.904754638672,0,0,0,0,0,0,7300,466.666656494141,0,2825.34399414063,0,0,0,0,5648.80924479167,0,0,0,0,0,0,0,5214.28580729167,0,0,0,12861.9046630859,6083.33333333333,0,0,0,5214.28580729167,2346.42850748698,0,0,0,0,12973.14453125,5369.74690755208,0,0,0,0,0,0,0,5561.90494791667,0,2831.3681640625,0,0,0,0,0,0,0,76042.4609375,12745.26953125
"NGA",3,1,"LSMS-ISA2015",2015,1,7,702,632,0,70111,6,0,0,0,0,0,0,0,0,2133.33333333333,1679.36511230469,0,0,8111.111328125,0,3476.1904296875,0,17033.333984375,2333.33325195313,0,2616.19262695313,0,0,0,0,0,0,0,0,3128.57149251302,0,0,4345.23795572917,13035.71484375,0,10428.5716145833,0,7386.90502929688,5214.28580729167,0,4345.23803710938,0,45972.6197916667,1738.09521484375,3168.419921875,0,506.944458007813,6426.49544270833,0,9453.04329427083,0,0,0,0,0,0,0,0,0,6298.62483723958,0,0,0,0,0,0,0,158831.609375,9103.763671875
"NGA",3,1,"LSMS-ISA2015",2015,1,7,702,632,0,70112,11,0,0,0,0,0,0,0,0,2745.45454545455,746.493530273438,0,0,2765.15145596591,0,0,0,8848.4853515625,0,0,993.5380859375,0,0,0,0,4740.25958806818,0,2654.54545454545,0,0,0,0,0,2844.15589488636,0,3033.76624644886,0,1706.49356356534,0,284.415593927557,0,0,14694.8052201705,5451.29876154119,0,0,0,7010.72230113636,15250.7116477273,2719.89683948864,0,0,0,0,0,0,0,1148.30593039773,0,0,2301.44034090909,0,0,0,0,0,0,79939.9375,9103.763671875
"NGA",3,1,"LSMS-ISA2015",2015,1,7,702,632,0,70113,9,0,0,0,0,0,0,0,0,1333.33333333333,707.460266113281,0,0,1351.85188802083,0,0,0,9733.3330078125,2831.4814453125,0,991.324768066406,0,0,0,0,69523.8125,0,1738.09526909722,0,1448.41265190972,0,0,0,2896.82530381944,0,6952.38107638889,0,2317.46028645833,0,0,1158.73014322917,0,29547.6192491319,869.047634548611,2112.27994791667,0,5618.67491319444,6426.49609375,0,2770.26497395833,0,0,0,0,0,0,0,0,0,1887.57877604167,1875.24761284722,0,0,0,0,0,0,154091.703125,9103.763671875
"NGA",3,1,"LSMS-ISA2015",2015,1,7,702,632,0,70114,5,0,0,0,0,0,0,0,0,2800,4154.28564453125,0,0,3893.333203125,0,0,0,9733.333984375,2400,0,37324.0234375,0,15642.8578125,0,0,4171.428515625,0,0,0,4171.428515625,0,0,0,10428.57109375,0,5005.714453125,0,4171.42861328125,0,1251.42861328125,7508.57158203125,6257.14296875,10428.571484375,3649.99990234375,0,0,1404.9603515625,0,14152.521875,6362.087890625,0,0,0,0,0,0,0,0,0,3702.86828613281,8023.4171875,0,0,0,3868.77612304688,0,0,170506.75,9103.763671875
"NGA",3,1,"LSMS-ISA2015",2015,1,7,702,632,0,70115,3,0,0,0,0,0,0,0,0,5533.33333333333,1609.36511230469,0,0,0,0,0,0,9733.3330078125,0,0,6809.03369140625,0,0,0,0,10428.5716145833,0,0,0,0,0,0,0,8690.47591145833,0,6952.380859375,0,3823.8095703125,0,0,0,0,18945.2386067708,10167.8573404948,0,0,0,0,18279.2057291667,3946.65592447917,0,0,0,0,0,0,0,0,0,508.710815429688,2812.87141927083,0,0,0,0,0,0,108240.84375,9103.763671875
"NGA",3,1,"LSMS-ISA2015",2015,1,7,702,632,0,70116,3,0,0,0,0,0,0,0,0,3333.33333333333,481.507934570313,0,0,0,0,0,0,24333.333984375,266.666656494141,0,5436.82080078125,0,13035.71484375,0,0,13904.76171875,0,0,0,0,0,0,0,26071.4296875,0,24333.3333333333,0,6257.14298502604,0,0,0,0,17380.9518229167,869.047607421875,0,0,6517.857421875,0,0,0,0,0,0,0,0,0,0,0,0,6531.78393554688,0,0,0,0,0,0,243.33332824707,148997.015625,9103.763671875
"NGA",3,1,"LSMS-ISA2015",2015,1,7,702,632,0,70117,8,0,0,0,0,0,0,0,0,1600,460.714294433594,0,0,0,0,0,0,3406.66674804688,100,0,1425.15502929688,0,0,0,0,9125,0,0,0,3258.92846679688,0,0,0,0,3910.71435546875,3910.71435546875,0,12253.5715332031,0,2933.03564453125,2737.5,3910.71435546875,26592.8569335938,5800.89276123047,4650.09375,0,37588.78125,0,0,4363.16748046875,0,0,0,5866.0712890625,0,0,0,0,0,6370.57861328125,0,0,0,0,0,0,0,140265.171875,9103.763671875
"NGA",3,1,"LSMS-ISA2015",2015,1,7,702,632,0,70118,2,0,0,0,0,0,0,0,0,0,4133.3330078125,0,0,0,0,0,0,9733.3330078125,2000,0,49283.8515625,0,125142.859375,0,0,208571.421875,0,0,0,0,0,0,0,52142.85546875,0,156428.578125,0,39107.142578125,0,4692.85693359375,7821.4287109375,0,13035.7138671875,14339.2854003906,0,0,42816.9165039063,0,17690.65234375,50977.4720458984,0,0,0,0,0,0,0,0,0,8665.79437255859,20058.54296875,0,0,0,1310.12194824219,0,0,827952.25,9103.763671875
"NGA",3,1,"LSMS-ISA2015",2015,1,7,702,632,0,70119,6,0,0,0,0,0,0,0,0,566.666666666667,675.674621582031,0,0,0,0,0,0,6488.88916015625,116.666664123535,0,1942.29541015625,0,10428.5716145833,0,8690.47591145833,6952.380859375,0,0,0,347.619059244792,0,0,0,4345.23795572917,0,1738.09521484375,0,5909.52392578125,0,521.428588867188,0,5214.28580729167,13904.76171875,260.714294433594,0,0,0,0,14152.5208333333,3064.36295572917,0,0,0,0,0,0,0,0,0,1200.76940917969,2812.87141927083,0,0,0,204.912272135417,0,0,89538.71875,9103.763671875
"NGA",3,1,"LSMS-ISA2015",2015,1,7,702,632,0,70120,1,0,0,0,0,0,0,0,0,6000,3861.4287109375,0,0,0,0,0,0,0,0,0,33988.4453125,0,0,0,0,0,0,4171.4287109375,0,0,0,0,0,6778.5712890625,0,8342.85717773438,0,14078.5712890625,16685.71484375,0,0,0,29200,23464.2861328125,3802.10400390625,0,9781.7236328125,19279.486328125,43193.8247070313,9972.955078125,0,0,0,0,0,0,0,20056.3779296875,0,0,0,0,0,0,0,0,0,252657.78125,9103.763671875
"NGA",3,1,"LSMS-ISA2015",2015,1,7,718,1640,0,70121,8,0,0,0,0,0,0,0,0,575,1430.59521484375,0,0,760.416687011719,0,0,0,1460,18975,0,1468.48425292969,0,0,0,0,12233.9436646544,0,0,0,419.449510539617,0,0,0,2796.3299481938,0,1398.1649740969,0,699.08248704845,3495.41236066946,349.541243524225,1048.62376334653,0,1048.62376334653,838.898990561655,0,0,16949.2313040173,0,11384.6230485556,11649.8073073012,0,0,0,0,0,0,0,1882.14496532539,0,5423.49079555125,0,0,0,0,0,0,0,96286.859375,5158.79931640625
"NGA",3,1,"LSMS-ISA2015",2015,1,7,718,1640,0,70122,2,0,0,0,0,0,0,0,0,0,1237.38098144531,0,0,0,0,13035.7138671875,0,0,0,2607.14282226563,2706.63110351563,0,5214.28564453125,0,0,0,0,0,0,0,0,0,0,10428.5712890625,0,14860.7141113281,0,5996.4287109375,10428.5712890625,0,0,0,11471.4287109375,16424.9996337891,0,0,14672.583984375,4819.87158203125,0,28589.8224487305,0,0,0,0,0,0,0,6207.00527954102,0,2281.24993896484,0,0,0,0,0,0,0,150982.40625,5158.79931640625
"NGA",3,1,"LSMS-ISA2015",2015,1,7,718,1640,0,70123,12,0,0,0,0,0,0,0,0,1433.33333333333,900.238098144531,0,0,2534.72216796875,0,0,0,3041.66674804688,0,0,2832.37036132813,0,0,0,0,5214.28580729167,0,0,0,130.357147216797,0,0,0,3693.45247395833,0,3041.66666666667,0,1216.66667683919,1738.09521484375,0,0,0,0,2042.26194254557,0,0,3260.57454427083,0,5896.88411458333,5153.24499003092,0,0,0,0,0,0,0,1924.16048177083,0,1133.54036458333,0,0,0,0,0,0,0,45187.5234375,5158.79931640625
"NGA",3,1,"LSMS-ISA2015",2015,1,7,718,1640,0,70124,9,0,0,0,0,0,0,0,0,3222.22222222222,656.269836425781,0,0,2703.70377604167,0,0,0,6759.25927734375,0,0,5421.9580078125,0,1158.73014322917,0,0,2317.46028645833,0,0,0,0,0,0,0,5214.28559027778,0,5909.52381727431,0,1158.7301703559,3476.19053819444,289.682535807292,0,0,1158.73014322917,637.301595052083,0,0,4347.43272569444,0,9435.01388888889,1544.17286682129,0,0,0,0,0,0,0,0,0,946.884087456597,0,0,0,0,0,0,0,56357.55078125,5158.79931640625
"NGA",3,1,"LSMS-ISA2015",2015,1,7,718,1640,0,70125,10,0,0,0,0,0,0,0,0,700,1423.95239257813,0,0,1460,0,0,0,5110,200,0,806.670654296875,0,4171.428515625,0,0,16685.7140625,0,0,0,521.428564453125,0,0,0,0,0,0,0,938.571435546875,6778.57109375,0,0,0,20022.8568359375,260.714294433594,0,0,8690.47578125,0,4160.841015625,11628.9424804688,0,0,0,0,6337.362890625,0,0,2502.8572265625,0,3195.83896484375,0,0,0,0,0,0,0,95596.234375,5158.79931640625
"NGA",3,1,"LSMS-ISA2015",2015,1,7,718,1640,0,70126,7,0,0,0,0,0,0,0,0,0,577.551025390625,0,0,1738.09528459821,0,0,0,6952.38134765625,342.857147216797,0,9794.9970703125,0,5959.18359375,0,0,4469.38783482143,0,0,0,0,0,0,0,0,0,1862.24483816964,0,2756.12248883929,8938.77566964286,0,0,0,18622.4483816964,893.877546037946,0,0,4469.38783482143,0,5728.40178571429,13092.1535993304,0,0,0,10056.1227678571,0,0,0,0,0,2535.89645821708,0,0,0,0,0,0,0,98789.890625,5158.79931640625
"NGA",3,1,"LSMS-ISA2015",2015,1,7,718,1640,0,70127,14,0,0,0,0,0,0,0,0,642.857142857143,574.965942382813,0,0,3476.19056919643,0,0,0,4345.23779296875,3050,0,1252.9794921875,0,1489.7958984375,0,0,3724.48967633929,0,0,0,1117.34695870536,0,0,1862.24483816964,1676.02036830357,0,1676.02036830357,0,3277.55106026786,1862.24483816964,0,0,0,12663.2654157366,186.224487304688,0,0,4655.61216517857,0,13940.2332589286,8751.79875837054,0,0,0,0,0,0,0,0,0,0,0,0,0,0,0,0,0,70225.0703125,5158.79931640625
"NGA",3,1,"LSMS-ISA2015",2015,1,7,718,1640,0,70128,2,0,0,0,0,0,0,0,0,200,1540.71435546875,0,0,0,0,0,0,4380,600,0,7726.01318359375,0,0,0,0,10428.5712890625,0,0,0,0,0,0,7821.4287109375,5214.28564453125,3910.71435546875,8342.85693359375,0,3910.71423339844,5214.28564453125,1303.57141113281,0,0,78214.2890625,13035.7139892578,0,0,32195.5908203125,0,0,12750.1283569336,0,417.142822265625,0,0,0,0,0,2339.74340820313,0,6803.87548828125,0,0,0,0,0,0,0,206349.65625,5158.79931640625
"NGA",3,1,"LSMS-ISA2015",2015,1,7,718,1640,0,70129,5,0,0,0,0,0,0,0,0,0,1217.33325195313,0,0,0,0,0,0,2141.33349609375,2800,0,900.111694335938,0,0,0,0,5214.285546875,0,2085.7142578125,0,1042.85712890625,0,0,0,0,0,2607.1427734375,0,2294.2857421875,7300,0,0,0,10428.571484375,208.571435546875,0,0,0,0,4717.507421875,6250.70869140625,0,0,0,0,0,0,0,0,0,3397.641796875,0,0,0,0,0,0,0,52606.0625,5158.79931640625
"NGA",3,1,"LSMS-ISA2015",2015,1,7,718,1640,0,70130,2,0,0,0,0,0,0,0,0,3000,1200.71435546875,0,0,0,0,0,0,9733.3330078125,0,0,1976.28381347656,0,0,0,0,19553.572265625,0,0,0,10949.9998779297,0,0,0,13035.7138671875,0,5214.28564453125,0,5475.00012207031,5214.28564453125,1303.57141113281,2607.14282226563,0,10428.5715332031,1303.57141113281,0,0,0,0,35381.3046875,7737.69946289063,0,0,0,0,0,0,0,0,0,0,0,0,0,0,0,0,0,134115.046875,5158.79931640625
"NGA",3,1,"LSMS-ISA2015",2015,1,7,715,780,0,70131,3,0,0,0,0,0,0,0,0,3266.66666666667,4925.39697265625,0,0,0,0,0,0,0,1666.66662597656,0,3358.22485351563,0,0,0,0,0,0,0,0,0,0,0,0,14773.8098958333,0,4171.4287109375,0,3476.19059244792,3476.1904296875,0,0,0,7647.619140625,695.238118489583,0,0,9781.72265625,6426.49544270833,0,13238.6547851563,0,0,0,0,0,0,0,4171.4287109375,1390.47623697917,0,0,436.951293945313,0,6952.38151041667,6270.51200358073,0,0,96126.0625,8193.3876953125
"NGA",3,1,"LSMS-ISA2015",2015,1,7,715,780,0,70132,1,0,0,0,0,0,4866.66650390625,0,0,3000,5310.71435546875,0,0,48666.66796875,0,0,0,48666.66796875,400,0,16569.1796875,0,0,0,15101.9816086143,10787.1295753803,0,0,0,9708.41708448822,0,0,0,16180.6948707751,0,5393.56478769013,0,9169.06045340779,7550.99080430713,2696.78239384507,6472.27804985099,0,6472.27804985099,1078.7130083085,0,0,0,0,48797.0619184478,17451.2713968922,0,0,0,0,0,0,0,0,0,0,0,0,0,0,0,0,0,284340.125,8193.3876953125
"NGA",3,1,"LSMS-ISA2015",2015,1,7,715,780,0,70133,3,0,0,0,0,0,811.111083984375,0,0,1466.66666666667,220.238098144531,0,0,7300,0,0,0,4866.66650390625,6666.66650390625,0,5523.06005859375,0,0,0,347.619059244792,4345.23795572917,0,0,0,6952.380859375,0,0,0,10428.5712890625,0,3476.1904296875,0,695.238118489583,5214.28580729167,869.047607421875,0,0,0,1216.66670735677,0,0,0,0,18.8700281778971,10507.1711425781,0,0,0,0,0,0,0,0,0,1412.20235188802,0,0,0,0,5833.8046875,0,0,78171.6953125,8193.3876953125
"NGA",3,1,"LSMS-ISA2015",2015,1,7,715,780,0,70134,7,0,0,0,0,0,0,0,0,0,1576.1904296875,0,0,0,0,0,0,14600,85.7142868041992,0,10577.9052734375,0,0,0,744.89794921875,18622.4486607143,0,0,0,1787.75509207589,0,0,0,8193.87751116071,0,2979.591796875,0,2085.71435546875,2234.69391741071,744.89794921875,0,9832.65290178571,0,2234.69381277902,0,0,0,0,15163.4151785714,10525.5205078125,0,0,372.448974609375,0,0,0,0,744.898018973214,0,223.469395228795,0,0,0,0,374.320556640625,0,0,103705.109375,8193.3876953125
"NGA",3,1,"LSMS-ISA2015",2015,1,7,715,780,0,70135,1,0,0,0,0,0,0,0,0,3600,2361.4287109375,0,0,0,0,0,0,0,400,0,7685.041015625,0,0,0,0,10428.5712890625,0,0,0,0,0,0,0,20857.142578125,0,10428.5712890625,0,3650.00012207031,0,0,0,0,0,3128.57153320313,0,0,0,0,14789.3837890625,13399.7001953125,0,0,0,0,0,0,0,0,0,5013.736328125,0,0,0,0,104.809753417969,0,0,95846.9609375,8193.3876953125
"NGA",3,1,"LSMS-ISA2015",2015,1,7,715,780,0,70136,1,0,0,0,0,0,3650,0,0,0,2973.09521484375,0,0,0,0,0,0,60833.33203125,0,0,5725.80029296875,0,0,0,0,0,0,0,0,0,0,0,0,0,0,6299.16761972014,0,3674.51444569418,6299.16761972014,0,0,0,0,19947.363886688,0,0,9847.42015969841,9704.48611455401,47491.9139553928,16204.2449024112,0,0,0,0,0,3149.58380986007,0,10078.6679948678,0,4644.49477221311,0,0,0,0,659.46052944239,0,0,211182.703125,8193.3876953125
"NGA",3,1,"LSMS-ISA2015",2015,1,7,715,780,0,70137,4,0,0,0,0,0,2129.16674804688,0,0,4500,760.714294433594,0,0,18250,0,0,0,24333.333984375,1000,0,5485.27880859375,0,0,0,0,5214.28564453125,0,0,0,2607.14282226563,0,0,13035.7138671875,7821.4287109375,0,2867.85717773438,0,4953.57141113281,2607.14282226563,0,0,0,3910.71435546875,782.142883300781,0,0,0,0,6162.24365234375,3015.43237304688,0,0,0,0,0,0,0,2502.85717773438,0,2089.056640625,0,0,0,0,655.060974121094,0,0,114683.1484375,8193.3876953125
"NGA",3,1,"LSMS-ISA2015",2015,1,7,715,780,0,70138,1,0,0,0,0,0,4866.66650390625,0,0,10000,4964.28564453125,0,0,0,0,0,0,9733.3330078125,5000,0,21145.365234375,0,0,0,0,15642.857421875,0,0,0,0,0,0,31285.71484375,5214.28564453125,0,63614.2841796875,0,8864.28588867188,10428.5712890625,0,9385.7138671875,0,9385.7138671875,3128.57153320313,0,0,0,0,49297.94921875,14812.9514160156,0,0,0,0,0,0,0,10011.4287109375,0,1526.13244628906,0,0,0,0,17711.0335693359,0,0,306019.1875,8193.3876953125
"NGA",3,1,"LSMS-ISA2015",2015,1,7,715,780,0,70139,6,0,0,0,0,0,405.555541992188,0,0,2166.66666666667,1180.75402832031,0,0,5069.4443359375,0,0,0,12166.6669921875,0,0,1821.48645019531,0,0,0,1825,6952.380859375,0,0,0,0,0,0,0,8690.47591145833,0,7821.42854817708,0,2172.61905924479,1738.09521484375,0,0,0,21726.1907552083,3041.66670735677,0,0,0,2671.69661458333,12186.8932291667,12047.9344075521,0,0,0,0,0,0,0,0,0,1477.03051757813,0,0,0,0,614.73681640625,0,0,105776.7265625,8193.3876953125
"NGA",3,1,"LSMS-ISA2015",2015,1,7,715,780,0,70140,1,0,0,0,0,0,1825,0,0,9800,10516.6669921875,0,0,19466.666015625,0,83428.5703125,0,63266.66796875,1000,0,15085.705078125,0,0,0,0,0,0,0,0,526.441352489927,0,0,0,0,0,22110.5360609218,0,11055.2681525312,7896.62016640192,1316.103319628,0,0,0,4211.5306978491,0,0,30933.4135273746,16184.2861265839,0,27693.8334120726,0,0,1144.4377172363,0,0,22110.5360609218,0,1263.45922156176,0,4778.70869832482,0,0,0,0,17669.6642338405,0,0,373284.125,8193.3876953125
"NGA",3,1,"LSMS-ISA2015",2015,1,7,715,294,1,70141,8,0,2700,0,0,0,0,0,0,625,1019.04760742188,0,0,4562.5,0,0,0,6083.33349609375,375,0,2310.70166015625,0,0,0,651.785705566406,3258.92846679688,5214.28564453125,2607.14282226563,0,1303.57141113281,0,0,0,7821.4287109375,0,3715.17868041992,0,2802.67858886719,1564.28576660156,651.785705566406,0,0,9125,4562.49987792969,0,0,0,0,0,6142.91552734375,0,0,871.409118652344,0,0,0,0,0,0,0,0,0,0,0,327.530487060547,0,0,68296.0078125,5057.646484375
"NGA",3,1,"LSMS-ISA2015",2015,1,7,715,294,1,70142,7,0,685.714294433594,0,0,0,0,0,0,542.857142857143,554.693908691406,0,0,0,0,0,0,2085.71435546875,200,0,1462.58728027344,0,0,0,0,0,0,0,0,2979.591796875,0,0,0,4469.38783482143,0,0,0,1638.7754952567,0,0,0,0,0,446.938790457589,0,0,14448.0212053571,4131.31891741071,0,1749.9267578125,0,0,0,0,0,0,0,0,0,0,5731.01227678571,0,0,0,7763.8155343192,0,0,48890.35546875,5057.646484375
"NGA",3,1,"LSMS-ISA2015",2015,1,7,715,294,1,70143,3,0,1000,0,4866.66666666667,0,730,0,0,2466.66666666667,891.03173828125,0,0,0,0,0,0,0,0,0,4786.70263671875,0,0,0,3650,0,23464.2864583333,11123.8095703125,0,0,0,0,0,10428.5716145833,0,5214.28580729167,0,7995.23819986979,3476.1904296875,521.428588867188,0,0,2607.14290364583,7126.19059244792,0,0,0,6426.49544270833,0,17024.4003092448,0,0,0,0,0,0,0,4171.4287109375,0,0,0,0,0,0,218.353658040365,0,0,118188.875,5057.646484375
"NGA",3,1,"LSMS-ISA2015",2015,1,7,715,294,1,70144,3,0,0,0,0,0,0,0,0,3200,1699.92053222656,0,0,4866.66666666667,0,0,0,24333.333984375,233.33332824707,0,3412.70385742188,0,0,0,2085.71435546875,10428.5716145833,29547.6197916667,1390.47623697917,0,347.619059244792,0,0,0,10428.5716145833,0,14773.8092447917,0,7821.42862955729,6952.380859375,0,0,0,36500,13209.5240071615,0,0,3260.57454427083,0,0,20476.3854166667,13904.76171875,0,0,0,0,0,0,0,0,543.154744466146,0,0,0,0,0,0,0,209416.546875,5057.646484375
"NGA",3,1,"LSMS-ISA2015",2015,1,7,715,294,1,70145,1,0,36000,0,0,0,8516.6669921875,0,0,7000,8405.71484375,0,0,0,0,0,0,90033.3359375,1000,0,12000,0,0,0,0,83428.5703125,125142.859375,46928.5703125,0,31285.71484375,0,0,41714.28515625,0,0,26071.427734375,0,41192.857421875,41714.28515625,0,12514.2854003906,0,72999.998046875,2607.14282226563,0,0,0,0,0,0,0,0,0,0,0,0,0,0,0,0,0,0,0,0,0,0,12166.6669921875,700722.375,5057.646484375
"NGA",3,1,"LSMS-ISA2015",2015,1,7,715,294,1,70147,1,0,3600,0,0,0,12166.6669921875,0,0,21000,27166.19140625,0,0,8516.6669921875,0,93857.140625,0,38933.33203125,420000,0,12500,0,0,0,0,62571.4296875,0,20857.142578125,99071.4296875,20857.142578125,62571.4296875,0,0,62571.4296875,14600,13035.7138671875,0,23464.2863769531,41714.28515625,3128.57153320313,0,0,31285.7138671875,47971.4274902344,0,0,8018.93896484375,0,49533.82421875,2894.81494140625,0,0,0,0,0,0,0,0,0,1564.28576660156,0,0,0,0,0,0,0,1203451.875,5057.646484375
"NGA",3,1,"LSMS-ISA2015",2015,1,7,715,294,1,70148,2,0,0,0,0,0,0,0,0,0,1260.71435546875,0,0,0,0,0,0,3650,200,0,2400,0,0,0,0,2607.14282226563,0,1303.57141113281,0,0,0,0,0,13035.7138671875,0,10950,0,7821.4287109375,2607.14282226563,0,0,0,0,11992.8570556641,0,0,0,0,0,0,0,0,0,0,0,0,0,0,0,763.066223144531,0,0,0,0,65.506103515625,0,2433.33325195313,61090.4765625,5057.646484375
"NGA",3,1,"LSMS-ISA2015",2015,1,7,715,294,1,70149,5,0,0,0,1460,0,0,0,0,1200,520.571411132813,0,0,0,0,0,0,7300,160,0,2400,0,0,0,0,4171.428515625,0,521.428564453125,20857.1421875,2085.7142578125,0,0,0,10428.57109375,0,4380,0,3024.28569335937,1042.85712890625,521.428564453125,0,0,4171.428515625,1042.85717773438,0,0,0,0,0,0,0,0,0,0,0,0,0,0,0,0,0,0,0,0,419.2390625,0,0,65706.953125,5057.646484375
"NGA",3,1,"LSMS-ISA2015",2015,1,7,715,294,1,70150,5,0,3360,0,0,0,0,0,0,1320,424.285736083984,0,0,486.666650390625,0,0,0,12166.666015625,0,0,10687.3125,0,0,0,0,2085.7142578125,3128.571484375,4171.428515625,0,6570.00012207031,0,0,0,5214.28564453125,0,1668.571484375,0,1877.1427734375,1564.2857421875,521.428564453125,0,0,23985.713671875,2919.99992675781,0,0,0,0,0,0,0,0,0,0,0,0,0,0,0,1698.8208984375,0,0,0,0,2085.7142578125,0,0,85936.609375,5057.646484375
"NGA",3,1,"LSMS-ISA2015",2015,1,7,713,304,0,70151,7,0,5142.85693359375,0,1216.66671316964,0,695.238071986607,0,0,857.142857142857,1791.15649414063,0,0,2085.71428571429,0,0,0,16338.0947265625,771.428588867188,0,3129.19140625,0,35755.1026785714,0,14302.0412946429,31285.7142857143,14897.9587053571,10428.5715680804,0,0,0,0,0,11173.4698660714,0,2979.591796875,0,7597.95919363839,5959.18359375,0,0,0,5214.28571428571,372.448974609375,0,0,0,8262.63783482143,0,0,0,0,0,0,0,0,0,1787.75516183036,0,0,0,0,0,0,0,0,0,182044.203125,7889.9287109375
"NGA",3,1,"LSMS-ISA2015",2015,1,7,713,304,0,70152,6,0,1400,0,4055.5556640625,0,0,0,0,4866.66666666667,1345.19836425781,0,0,9125,0,3041.66666666667,0,16222.22265625,433.333343505859,0,5395.76904296875,0,0,0,2867.85709635417,0,15642.8567708333,1390.47623697917,0,260.714294433594,0,0,0,9559.52408854167,0,4432.14278157552,0,2867.85711669922,0,434.523803710938,0,0,9559.52376302083,608.333333333333,0,0,8428.01236979167,4819.8720703125,0,4095.27701822917,0,0,0,0,0,0,0,2780.95247395833,0,521.428588867188,1406.43570963542,0,0,0,3135.25600179036,0,0,118696.4453125,7889.9287109375
"NGA",3,1,"LSMS-ISA2015",2015,1,7,713,304,0,70153,4,0,0,0,4866.66650390625,0,456.25,0,0,6800,1306.25,0,0,0,0,6517.85693359375,0,36500,0,0,4206.4150390625,0,0,0,2346.42846679688,10428.5712890625,16946.427734375,4562.5,0,0,0,0,0,0,0,5214.28576660156,0,3193.75003051758,1955.35717773438,0,0,0,10428.5712890625,11601.785736084,0,0,6321.00927734375,0,0,6999.60180664063,0,0,0,0,0,6257.14306640625,0,3128.57153320313,0,1997.72317504883,0,655.426940917969,0,0,0,0,0,152690.609375,7889.9287109375
"NGA",3,1,"LSMS-ISA2015",2015,1,7,713,304,0,70154,9,0,4000,0,0,0,270.370361328125,0,0,888.888888888889,594.973510742188,0,0,0,0,0,0,3785.18530273438,555.555541992188,0,1896.63647460938,0,0,0,0,3650,4634.92057291667,10428.5716145833,0,3476.19053819444,0,0,0,0,0,2317.46028645833,0,1390.47623697917,2317.46028645833,289.682535807292,1042.85709635417,0,1042.85709635417,347.619059244792,0,0,19565.4279513889,0,0,0,0,0,0,0,0,8501.33051215278,0,0,0,2466.94384765625,0,0,0,0,0,0,0,73463.4140625,7889.9287109375
"NGA",3,1,"LSMS-ISA2015",2015,1,7,713,304,0,70155,6,0,6000,0,2027.77783203125,0,1013.88891601563,0,0,1333.33333333333,507.142852783203,0,0,0,0,0,0,8111.111328125,1333.33337402344,0,1280.84020996094,0,0,0,0,4345.23795572917,19119.0481770833,5214.28580729167,0,1738.09521484375,0,0,0,3476.1904296875,0,6952.380859375,0,2607.14282226563,5214.28580729167,0,3128.5712890625,0,55271.4306640625,521.428588867188,0,0,0,0,0,0,0,0,0,0,0,0,0,0,0,0,0,0,0,0,524.048828125,0,0,129719.5859375,7889.9287109375
"NGA",3,1,"LSMS-ISA2015",2015,1,7,713,304,0,70156,5,0,0,0,4866.666796875,0,730,0,0,1720,3704.28564453125,0,0,0,0,0,0,9733.333984375,400,0,1513.04931640625,0,41714.284375,0,0,5214.285546875,5214.285546875,11992.8568359375,0,2085.7142578125,0,0,3128.571484375,0,1042.85712890625,4275.7142578125,0,56188.6094238281,2607.1427734375,521.428564453125,1042.85717773438,0,0,521.428564453125,8765.83203125,0,0,0,0,0,0,0,0,0,0,3067.226953125,0,0,0,2192.67387695312,0,0,0,0,628.85859375,0,0,172871.953125,7889.9287109375
"NGA",3,1,"LSMS-ISA2015",2015,1,7,713,304,0,70157,7,0,5142.85693359375,0,0,0,0,0,0,685.714285714286,1440.64624023438,0,0,3476.19056919643,0,0,0,6952.38134765625,857.142883300781,0,5218.2373046875,0,0,0,0,5139.79575892857,8938.77566964286,8938.77525111607,0,1936.73468889509,0,0,0,0,893.877580915179,1489.7958984375,0,1787.75512695313,0,372.448974609375,3277.55092075893,0,2681.63253348214,223.469395228795,0,0,14383.7779017857,0,0,0,0,0,0,0,0,2502.26913016183,0,0,0,698.341796875,0,0,0,0,0,0,0,77038.15625,7889.9287109375
"NGA",3,1,"LSMS-ISA2015",2015,1,7,713,304,0,70158,1,0,0,0,14600,0,7300,0,0,0,4233.3330078125,0,0,0,0,0,0,0,2240,0,7644.39990234375,0,0,0,6257.14306640625,0,23464.28515625,14600,0,0,0,0,0,0,0,15642.857421875,0,15642.8575439453,0,0,0,0,0,22682.1429443359,0,0,0,9639.7431640625,26537.625,6142.91552734375,0,0,0,0,0,21900,0,12514.2861328125,0,4132.32141113281,9089.4658203125,0,0,0,0,0,0,224263.40625,7889.9287109375
"NGA",3,1,"LSMS-ISA2015",2015,1,7,713,304,0,70159,2,0,0,0,0,0,1216.66662597656,0,0,10500,1303.57141113281,0,0,0,0,0,0,18250,9000,0,8132.48291015625,0,0,0,0,6517.85693359375,0,5214.28564453125,0,5214.28564453125,0,0,0,0,0,5214.28564453125,0,2607.14282226563,5214.28564453125,1303.57141113281,0,0,0,3910.71441650391,0,0,17951.0417480469,0,0,1386.31140136719,0,0,0,0,0,28003.7822265625,0,0,0,3747.76770019531,0,0,0,0,0,0,0,134688.046875,7889.9287109375
"NGA",3,1,"LSMS-ISA2015",2015,1,7,713,304,0,70160,9,0,3333.33325195313,0,2703.70377604167,0,270.370361328125,0,0,2422.22222222222,1586.08459472656,0,0,0,0,0,0,13518.5185546875,0,0,4854.439453125,0,0,0,0,5793.65060763889,0,0,0,0,0,0,0,0,0,0,0,1390.47619628906,5214.28559027778,289.682535807292,0,0,31285.7141927083,289.682535807292,0,0,13862.3029513889,0,5897.25,5448.25466579861,0,0,0,0,0,3128.57139756944,0,2780.95247395833,0,1431.03171115451,0,0,0,0,4294.75862630208,0,0,109795.28125,7889.9287109375
"NGA",3,1,"LSMS-ISA2015",2015,2,8,813,2094,0,80002,4,6083.33349609375,0,0,3041.66674804688,4562.5,0,0,0,8150,6444.0478515625,0,0,1520.83337402344,0,0,0,6083.33349609375,0,0,18696.560546875,0,0,0,0,13035.7138671875,26071.427734375,0,0,7821.4287109375,5866.0712890625,0,61267.857421875,71696.427734375,0,7560.71435546875,15642.857421875,10428.5712890625,6517.85693359375,4562.5,0,0,16294.6428222656,0,0,0,0,0,0,0,0,0,0,0,0,0,0,0,0,0,0,0,0,0,0,0,0,301348.375,4884.45263671875
"NGA",3,1,"LSMS-ISA2015",2015,2,8,813,2094,0,80003,8,608.333312988281,0,0,304.166656494141,456.25,0,0,0,1025,1000.29760742188,0,0,0,0,1303.57141113281,0,6083.33349609375,125,0,5609.484375,0,0,0,3334.01328632081,11335.6455742175,0,0,0,0,3000.61198210279,0,6668.02657264162,0,0,6001.22396420558,0,2667.21068293566,1667.00664316041,0,666.802670733915,0,6668.02670481371,333.401335366958,0,1280.68463970538,0,0,0,0,0,341.950123496937,0,0,5001.02031084482,4359.22229308687,0,900.183607342958,0,0,2731.32650046369,2104.18590991849,1143.09029232593,0,0,0,0,76719.0703125,4884.45263671875
"NGA",3,1,"LSMS-ISA2015",2015,2,8,813,2094,0,80004,6,1013.88891601563,0,0,202.777770996094,324.44443766276,0,0,0,5633.33333333333,5132.57958984375,0,0,608.333333333333,0,13035.71484375,0,6083.33349609375,3333.33325195313,0,5000,0,0,1564.28564453125,0,104285.71875,0,3041.66666666667,3476.1904296875,1564.28572591146,1738.09521484375,6952.380859375,8690.47591145833,0,6952.380859375,6430.95247395833,0,6257.14288330078,13035.71484375,3041.66666666667,2824.40477498372,0,52142.8564453125,1303.57141113281,0,0,0,0,0,0,0,0,0,0,0,0,0,0,0,0,0,0,0,0,0,0,5069.4443359375,268738.96875,4884.45263671875
"NGA",3,1,"LSMS-ISA2015",2015,2,8,813,2094,0,80005,8,2737.5,0,0,1520.83337402344,2433.33325195313,0,0,0,1825,1921.42846679688,0,0,0,0,19553.572265625,0,9125,75,0,7536.3955078125,0,2216.07153320313,0,1303.57144165039,9776.7861328125,0,0,0,3910.71435546875,4432.14294433594,0,18249.9995117188,23464.2858886719,0,1303.57144165039,3584.82153320313,7821.42840576172,1629.46423339844,1303.57141113281,2607.14282226563,0,4953.5714263916,488.839279174805,0,0,0,0,0,0,0,0,0,0,9776.7861328125,0,0,1759.82141113281,0,0,0,0,0,0,0,0,0,145310.640625,4884.45263671875
"NGA",3,1,"LSMS-ISA2015",2015,2,8,813,2094,0,80006,8,182.5,0,0,0,76.0416641235352,0,0,76.0416641235352,1337.5,310.178588867188,0,0,0,0,0,0,0,12.5,0,9000,0,0,0,24116.072265625,7821.4287109375,0,0,0,2607.14282226563,0,0,0,0,2867.85705566406,9450.892578125,0,2607.14288330078,1955.35717773438,1955.35717773438,521.428588867188,0,3193.75,325.892852783203,0,0,0,0,0,0,0,0,0,0,0,0,0,0,0,0,0,0,0,0,0,0,0,68417.0859375,4884.45263671875
"NGA",3,1,"LSMS-ISA2015",2015,2,8,813,2094,0,80007,9,0,0,0,0,4055.55555555556,0,0,0,2333.33333333333,3937.56591796875,0,0,0,0,0,0,1216.66662597656,0,0,5333.33349609375,0,0,0,5793.65060763889,3997.61892361111,0,1158.73014322917,0,0,0,0,23174.6024305556,0,0,1448.41265190972,0,1622.22222222222,1332.53971354167,1969.84136284722,0,0,3476.1904296875,289.682535807292,0,0,0,0,0,0,0,0,0,0,0,0,0,0,0,0,0,0,0,0,0,0,5407.40771484375,66547.3515625,4884.45263671875
"NGA",3,1,"LSMS-ISA2015",2015,2,8,813,2094,0,80008,3,4866.66650390625,0,0,4055.5556640625,4866.66666666667,0,0,0,633.333333333333,2937.9365234375,0,0,1825,0,0,0,16222.22265625,0,0,12000,0,0,0,10428.5712890625,9559.52408854167,10428.5716145833,0,0,0,2607.14290364583,0,31285.7135416667,8690.47591145833,0,15990.4763997396,1738.09521484375,13035.7141927083,4345.23795572917,4345.23795572917,0,0,134702.380940755,521.428588867188,0,0,0,0,0,0,0,6952.38151041667,0,0,28678.5716145833,0,0,0,0,0,0,0,0,0,0,0,12166.6669921875,342883.53125,4884.45263671875
"NGA",3,1,"LSMS-ISA2015",2015,2,8,813,2094,0,80009,4,7604.16650390625,0,0,0,7604.16650390625,0,0,0,9900,10435.7138671875,0,0,0,0,0,0,1520.83337402344,3000,0,9000,0,0,0,10428.5712890625,6517.85693359375,19553.572265625,2607.14282226563,0,0,18250,0,61267.85546875,6517.85693359375,0,7300,0,7299.99987792969,6257.14282226563,4562.5,0,0,6517.85693359375,1042.85717773438,0,0,0,0,0,0,0,0,0,0,0,0,0,0,0,0,0,0,0,0,0,0,9125,216313.109375,4884.45263671875
"NGA",3,1,"LSMS-ISA2015",2015,2,8,821,5062,1,80021,10,608.333374023438,2400,0,60.8333312988281,0,730,0,0,1650,216.452392578125,0,0,0,0,4171.428515625,0,1581.66674804688,0,0,1496.67651367188,0,1825,1668.571484375,0,8760,0,0,0,1042.85712890625,0,0,15121.428125,0,0,5318.5712890625,0,2450.71430664063,6257.14296875,0,0,0,521.428564453125,1720.71428222656,0,0,0,0,0,0,0,0,0,0,0,0,0,0,0,0,0,0,0,0,0,0,121.666664123535,57723.48828125,8822.248046875
"NGA",3,1,"LSMS-ISA2015",2015,2,8,821,5062,1,80022,7,3650,0,0,10428.5714285714,5214.28571428571,0,0,695.238098144531,7571.42857142857,3603.74169921875,0,0,0,0,37244.8973214286,0,3476.19067382813,571.428588867188,0,5142.85693359375,0,0,0,3575.51032366071,3724.48967633929,0,5959.18359375,0,2979.59186662946,0,0,0,11173.4698660714,0,8119.38755580357,0,4096.93875558036,0,2607.14285714286,1117.34695870536,0,3798.9795968192,1042.85714285714,0,0,0,0,0,0,0,0,0,0,0,0,0,0,0,0,0,0,0,0,0,0,6257.142578125,132050.6875,8822.248046875
"NGA",3,1,"LSMS-ISA2015",2015,2,8,821,5062,1,80023,8,13079.1669921875,2250,0,1520.83337402344,2281.25,0,0,760.416687011719,13250,14981.8447265625,0,0,7604.16650390625,0,0,0,30416.666015625,1250,0,7655.2080078125,0,0,0,0,36777.6024316039,0,0,0,1912.43535096068,8826.6249105734,0,11768.832794628,0,0,13166.3818596885,0,6914.18919687728,0,2206.65622764335,0,0,0,1471.1040993285,0,0,0,0,0,0,0,0,0,0,0,0,0,0,0,0,0,0,0,0,0,0,0,178093.375,8822.248046875
"NGA",3,1,"LSMS-ISA2015",2015,2,8,821,5062,1,80024,5,2920,2400,0,486.666650390625,0,2433.3333984375,0,0,800,5304.6669921875,0,0,4866.666796875,0,12514.2859375,0,4866.6669921875,0,0,7831.69140625,0,0,0,0,21900,0,0,0,3858.57138671875,0,0,19814.28515625,0,0,5214.285546875,0,5579.28570556641,4692.85703125,0,0,0,3858.571484375,3649.99995117188,0,0,0,0,0,0,0,0,0,0,0,0,0,0,0,0,0,0,0,0,0,0,1460,114451.828125,8822.248046875
"NGA",3,1,"LSMS-ISA2015",2015,2,8,821,5062,1,80025,14,1738.09533691406,857.142883300781,0,1738.09528459821,0,0,0,0,5428.57142857143,2057.82299804688,0,0,4345.23800223214,0,0,0,14773.8095703125,2607.14282226563,0,1597.64868164063,0,0,0,4469.38783482143,6517.85714285714,0,0,0,1489.7958984375,3724.48967633929,0,10428.5714285714,3724.48967633929,0,2569.89794921875,2793.36739676339,5586.73465401786,931.122419084821,372.448974609375,1564.28574916295,0,43762.7541852679,446.938773018973,0,0,0,0,0,0,0,0,0,0,0,0,0,0,0,0,0,0,0,0,0,0,0,123525.6953125,8822.248046875
"NGA",3,1,"LSMS-ISA2015",2015,2,8,821,5062,1,80026,13,935.8974609375,4010.98876953125,0,1965.38461538462,327.564115084135,0,0,0,6538.46153846154,1855.86083984375,0,0,3275.64092548077,0,0,93.5897404597356,11230.76953125,2179.4873046875,0,1720.54479980469,0,0,3609.89002403846,1604.39558293269,3208.79116586538,0,0,0,1604.39558293269,2005.49451622596,0,4010.98888221154,3208.79116586538,0,3690.10982572115,401.098895733173,3208.79124098558,882.417593149038,401.098895733173,401.098895733173,0,9867.03260216346,280.769230769231,0,0,0,0,0,0,0,0,0,0,0,0,0,0,0,0,0,0,0,0,0,0,0,72519.3515625,8822.248046875
"NGA",3,1,"LSMS-ISA2015",2015,2,8,821,5062,1,80027,8,0,0,0,0,4562.5,0,0,0,2950,668.72021484375,0,0,0,0,1303.57141113281,0,3193.75,875,0,2449.82177734375,0,0,0,3105.52053364569,13502.2624655508,0,0,8776.47043122114,0,4725.7920066602,0,0,0,0,6346.06347967471,0,7088.68788791998,2025.33947025581,2025.33947025581,1417.73763389911,0,4388.23521561057,337.556567050549,0,0,0,0,0,0,0,0,0,0,0,0,0,0,0,0,0,0,0,0,0,0,0,69742.3671875,8822.248046875
"NGA",3,1,"LSMS-ISA2015",2015,2,8,821,5062,1,80028,11,1659.09094238281,1090.90905761719,0,2212.12127130682,553.030317826705,442.424227627841,0,0,6636.36363636364,2400.43286132813,0,0,0,0,1896.10387073864,0,12719.6962890625,0,0,1898.39453125,0,0,0,9480.51917613636,9480.51917613636,0,0,0,2133.11685458097,5688.31178977273,0,17064.9346590909,6162.33735795455,0,3412.98694957386,2370.1298384233,8769.48046875,1042.85715553977,474.025967684659,2986.36372514205,0,21805.1953125,568.831165660511,0,0,0,0,0,0,0,0,0,0,0,0,0,0,0,0,0,0,0,0,0,0,110.606056213379,123058.78125,8822.248046875
"NGA",3,1,"LSMS-ISA2015",2015,2,8,821,5062,1,80029,6,4055.5556640625,2400,0,405.555541992188,811.111083984375,2027.77783203125,0,0,0,872.142883300781,0,0,4055.5556640625,0,8690.47591145833,0,4055.5556640625,0,0,9788.8115234375,0,0,0,19271.6134973923,80298.384860618,0,0,0,10278.1937664938,0,0,85116.2879416918,0,0,16059.6770894333,0,17986.8383055868,52996.9355869641,0,5139.09692393701,0,41755.1620023927,6745.06448877626,0,0,0,0,0,0,0,0,0,0,0,0,0,0,0,0,0,0,0,0,0,0,811.111083984375,373620.96875,8822.248046875
"NGA",3,1,"LSMS-ISA2015",2015,2,8,821,5062,1,80030,9,2703.70385742188,0,0,0,0,0,0,405.555541992188,2977.77777777778,4982.275390625,0,0,4055.55555555556,0,0,0,0,266.666656494141,0,2000,0,0,0,0,13904.7621527778,11587.3012152778,0,0,1158.73014322917,8690.4765625,0,4634.92057291667,0,811.111138237847,18539.6832682292,0,4403.17456054688,5793.65082465278,1738.09526909722,463.492078993056,0,5503.96820746528,579.365071614583,0,0,2264.01584201389,0,0,0,0,0,0,0,0,0,0,0,0,0,0,0,0,0,0,0,2974.07421875,100438.359375,8822.248046875
"NGA",3,1,"LSMS-ISA2015",2015,2,8,812,866,0,80081,9,0,0,0,0,0,0,0,0,1333.33333333333,439.41796875,0,0,0,0,2317.46028645833,0,11355.5556640625,0,0,2414.576171875,0,0,0,0,0,0,0,0,0,0,0,10192.7262596115,0,1274.09078245144,0,0,1274.09078245144,0,764.45450291306,0,0,0,382.22725145653,1101.322753363,0,13243.2766207368,3316.95787493874,0,0,0,0,0,0,0,0,0,10432.4331766466,0,7930.14051618769,2866.70421558681,0,0,0,0,0,0,70638.7734375,3757.27124023438
"NGA",3,1,"LSMS-ISA2015",2015,2,8,812,866,0,80082,12,0,0,0,0,0,0,0,0,5416.66666666667,333.333343505859,0,0,0,0,0,0,1622.22216796875,0,0,8344.4248046875,0,0,0,0,0,0,0,0,527.33173448428,0,0,4482.31992897696,0,0,2478.45918221226,0,1423.79569586561,0,0,0,0,0,210.932706276254,0,0,12636.9579309504,0,0,0,0,0,0,0,0,0,0,0,0,0,4745.9855870465,0,0,0,0,0,0,42222.4296875,3757.27124023438
"NGA",3,1,"LSMS-ISA2015",2015,2,8,812,866,0,80083,9,0,0,0,0,0,0,0,0,1744.44444444444,2990.52905273438,0,0,0,0,0,0,1689.81494140625,55.5555572509766,0,3109.7255859375,0,0,0,0,6753.77623863223,0,2026.13299217402,0,4052.26598434805,0,0,9455.28715213618,8104.53163908621,1013.06649608701,3241.81269422527,0,2701.51058287181,0,2363.82178803405,337.688819468134,0,0,337.688819468134,0,0,9725.43772900599,0,0,0,0,0,0,0,0,0,0,0,0,0,3039.19935160509,0,0,0,0,0,2298.14819335938,65040.43359375,3757.27124023438
"NGA",3,1,"LSMS-ISA2015",2015,2,8,812,866,0,80084,7,0,0,0,0,0,0,0,0,4000,943.877502441406,0,0,0,0,0,0,0,0,0,25158.37890625,0,0,0,0,2979.591796875,11173.4698660714,0,0,5959.18359375,0,0,11173.4698660714,14897.9587053571,4841.83649553571,3352.04073660714,2979.591796875,2979.591796875,0,2681.63253348214,372.448974609375,0,0,372.448974609375,0,0,13408.1629464286,0,0,0,0,0,0,0,0,0,0,0,0,383.374825613839,3352.04073660714,0,0,0,0,0,347.619049072266,111356.7109375,3757.27124023438
"NGA",3,1,"LSMS-ISA2015",2015,2,8,812,866,0,80085,6,0,0,0,0,0,0,0,0,1633.33333333333,423.015869140625,0,0,0,0,1738.09521484375,0,18250,0,0,4664.58837890625,0,0,0,0,0,0,0,0,0,0,0,15716.7769053954,0,1964.59711317443,3929.19422634885,0,4911.49283601739,0,982.298556587213,0,0,0,884.068719682778,0,0,13613.7353702461,10229.2332906203,0,0,0,0,0,0,0,0,0,1049.59303349303,0,0,4420.34347014797,0,0,0,0,0,0,84410.359375,3757.27124023438
"NGA",3,1,"LSMS-ISA2015",2015,2,8,812,866,0,80086,3,0,0,0,0,0,0,0,0,3333.33333333333,1553.17468261719,0,0,0,0,0,0,42583.33203125,0,0,3288.98046875,0,0,0,0,0,0,0,0,0,0,0,0,0,3532.48829769115,0,0,3532.48829769115,0,1766.24414884557,0,0,0,353.248846238096,0,0,28558.231162433,9196.45214272476,0,0,0,0,0,0,0,0,0,6597.22888811803,0,9714.34290388966,1744.34848185819,0,0,0,0,0,0,115753.890625,3757.27124023438
"NGA",3,1,"LSMS-ISA2015",2015,2,8,812,866,0,80087,7,0,0,0,1042.85714285714,0,0,0,0,0,160.238082885742,0,0,0,0,0,0,2259.52368164063,0,0,19943.849609375,0,0,0,0,13462.0712187389,0,0,0,8974.71452048767,0,0,16229.2751361641,3739.46419620568,0,12564.6001038857,0,4487.35712073491,0,0,0,0,0,299.157155366194,0,0,0,0,0,0,0,0,0,0,0,0,0,0,0,2745.31408116367,3808.9996236681,0,0,0,0,0,173.809524536133,89891.2265625,3757.27124023438
"NGA",3,1,"LSMS-ISA2015",2015,2,8,812,866,0,80088,13,0,0,0,0,0,0,0,0,992.307692307692,308.882781982422,0,0,0,0,0,0,935.8974609375,769.230773925781,0,1475.19665527344,0,0,0,0,0,1617.97485066013,0,0,5662.9120509599,0,0,2022.46852551994,1213.48117580031,1132.58241019198,1820.22168759979,808.987425330063,1213.48117580031,0,1415.72801273998,1617.97486944017,0,606.740587900156,202.246856332516,0,0,101932.407278362,0,0,0,0,0,0,0,0,0,0,703.936891735451,0,1648.61966565601,1820.22168759979,0,0,0,0,0,327.564117431641,130249.0625,3757.27124023438
"NGA",3,1,"LSMS-ISA2015",2015,2,8,812,866,0,80089,11,0,0,0,0,0,0,0,0,3272.72727272727,230.735931396484,0,0,0,0,0,0,7742.423828125,0,0,19123.908203125,0,0,0,0,0,0,0,0,0,0,0,7807.77931262949,0,520.518593765683,0,0,2082.07437506273,0,520.518593765683,0,0,0,572.570467787292,0,0,12023.166196747,5420.45598921068,0,0,0,0,0,0,0,0,0,2776.09914903993,0,3511.29515404409,4684.66729286055,0,0,0,0,0,0,70288.9375,3757.27124023438
"NGA",3,1,"LSMS-ISA2015",2015,2,8,812,866,0,80090,5,0,0,0,0,0,0,0,0,6640,400,0,0,0,0,0,0,2920,0,0,9693.294921875,0,0,0,0,12514.2859375,0,0,0,10011.42890625,0,0,21900.000390625,15121.42890625,0,12514.2859375,0,20857.1423828125,0,0,0,0,0,0,0,0,21420.8484375,0,0,0,0,0,0,0,0,0,0,0,0,0,28157.140625,0,0,0,0,0,1946.66662597656,164096.53125,3757.27124023438
"NGA",3,1,"LSMS-ISA2015",2015,2,8,805,46,0,80091,18,0,2666.66674804688,0,0,1216.66666666667,0,0,0,1888.88888888889,789.418029785156,0,0,2703.70377604167,0,0,0,11490.740234375,1351.85192871094,0,9750.998046875,0,0,0,3476.19053819444,10428.5711805556,0,0,3476.19053819444,2896.82530381944,4055.55555555556,0,11587.3012152778,5793.65060763889,5214.28559027778,6373.01584201389,579.365071614583,8111.11097547743,3186.50802951389,579.365071614583,144.841267903646,0,17960.3175455729,202.777777777778,0,0,0,0,0,0,0,0,0,0,0,0,0,0,0,0,0,0,0,0,0,0,675.925964355469,116600.75,6011.6337890625
"NGA",3,1,"LSMS-ISA2015",2015,2,8,805,46,0,80092,5,0,9600,0,1216.66669921875,0,0,0,0,5600,691.90478515625,0,0,12166.66640625,0,0,0,38933.3359375,0,0,35103.59375,0,0,0,6257.14296875,15642.8578125,0,0,0,8342.85703125,7300,0,20857.1421875,10428.57109375,13035.7140625,8760.0001953125,7300.00009765625,11992.8571289062,2294.2857421875,1042.85712890625,3128.57153320313,0,36499.998828125,730,0,0,0,0,0,0,0,0,0,0,0,0,0,0,0,0,0,0,0,0,0,0,486.666656494141,257411.703125,6011.6337890625
"NGA",3,1,"LSMS-ISA2015",2015,2,8,805,46,0,80093,1,0,12000,0,0,0,3650,0,0,0,3954.76171875,0,0,0,0,26071.427734375,0,30416.66796875,0,0,23708.216796875,0,0,0,0,0,0,0,0,20857.142578125,0,0,0,0,7821.4287109375,0,57357.142578125,0,0,0,30242.8579101563,0,338928.560546875,0,0,0,0,0,0,0,0,0,0,0,0,0,0,0,0,0,0,0,0,0,0,0,4866.66650390625,559874.875,6011.6337890625
"NGA",3,1,"LSMS-ISA2015",2015,2,8,805,46,0,80095,9,32.4444427490234,1600,0,0,1757.40744357639,0,0,0,4388.88888888889,1168.49206542969,0,0,405.555555555556,0,0,0,1081.4814453125,444.444458007813,0,8353.21875,0,0,0,6600.12153706762,12692.5413308284,0,0,0,2538.50830956846,6346.2706654142,0,3807.76257285963,1269.25415478423,0,17769.5583839931,3173.1353327071,2601.97111903185,2221.19479799914,2538.50830956846,825.015224345104,0,0,317.313538696057,0,0,0,0,0,0,0,0,0,0,0,0,0,0,0,0,0,0,0,0,0,0,135.185180664063,82068.28125,6011.6337890625
"NGA",3,1,"LSMS-ISA2015",2015,2,8,805,46,0,80097,5,1095,4800,0,0,4380,0,0,0,760,2849.76196289063,0,0,7300,0,0,0,4866.6669921875,5466.6669921875,0,8071.5244140625,0,0,0,2519.32829535653,37789.9222664325,15745.8019963322,0,0,3149.16032036753,4198.8802960885,0,6298.32064073507,1049.72007402212,8922.62097259721,4198.8802960885,1784.52418501178,1889.49614827521,3674.02030887293,3149.16032036753,4198.88044257287,0,6823.18062795064,524.860037011062,0,0,0,0,0,0,0,0,0,0,0,0,0,0,0,0,0,0,0,0,0,0,486.666656494141,145993.078125,6011.6337890625
"NGA",3,1,"LSMS-ISA2015",2015,2,8,805,46,0,80098,12,0,2000,0,4055.5556640625,0,0,0,0,7466.66666666667,2750.6943359375,0,0,4055.5556640625,0,869.047607421875,608.333333333333,4055.5556640625,35361.11328125,0,5421.02978515625,0,0,0,0,3943.55051406153,4600.80878832014,0,0,2103.22689016974,0,0,0,0,0,10516.1341251575,0,2431.8560476441,0,0,0,0,2629.03353128937,657.258382822343,0,0,0,0,0,0,0,0,0,0,0,0,0,0,0,0,0,0,0,0,0,0,4258.33349609375,97783.7578125,6011.6337890625
"NGA",3,1,"LSMS-ISA2015",2015,2,8,805,46,0,80099,18,0,1333.33337402344,0,135.185180664063,0,405.555555555556,0,0,2777.77777777778,520.793640136719,0,0,675.925944010417,0,5793.65060763889,337.962972005208,1689.81494140625,222.222229003906,0,30102.34765625,0,0,0,0,6952.38107638889,2317.46028645833,0,0,2375.39686414931,2896.82530381944,0,2317.46028645833,0,0,2085.71424696181,0,4779.76181369358,0,0,0,0,1158.7301703559,1158.73014322917,0,0,0,0,0,0,0,0,0,0,0,0,0,0,0,0,0,0,0,0,0,0,439.351837158203,70476.3828125,6011.6337890625
"NGA",3,1,"LSMS-ISA2015",2015,2,8,805,46,0,80100,8,0,4500,0,0,2737.5,1977.08337402344,0,0,3700,825.892822265625,0,0,0,0,0,0,1216.66662597656,700,0,7575.18408203125,0,0,0,4073.66064453125,9776.7861328125,5214.28564453125,0,0,1955.35717773438,0,9776.7861328125,16294.642578125,31285.7138671875,2933.03564453125,5735.71435546875,2933.03564453125,2281.24996948242,4562.5,3910.71435546875,5637.94622802734,0,0,651.785705566406,0,0,0,0,0,0,0,0,0,0,0,0,0,0,0,0,0,0,0,0,0,0,0,130255.546875,6011.6337890625
"NGA",3,1,"LSMS-ISA2015",2015,2,8,827,804,0,80101,3,0,0,0,0,0,0,0,0,1333.33333333333,869.047607421875,0,0,0,0,20857.1432291667,0,0,0,0,16155.4921875,0,9559.52408854167,8690.47591145833,0,20857.1432291667,0,0,0,2085.71435546875,0,0,26940.4765625,0,0,7300,0,8342.85709635417,20857.1432291667,0,0,0,0,1738.09521484375,0,0,0,0,0,0,0,0,0,0,0,0,0,0,0,0,0,0,0,0,0,0,0,145586.4375,3907.56201171875
"NGA",3,1,"LSMS-ISA2015",2015,2,8,827,804,0,80102,12,0,0,0,0,0,0,0,0,2333.33333333333,417.261871337891,0,0,0,0,5214.28580729167,0,0,0,0,8344.4248046875,0,0,0,0,13035.71484375,0,0,0,2607.14290364583,0,0,8690.47591145833,0,0,2042.26188151042,0,2389.88098144531,0,0,0,0,0,434.523803710938,0,0,0,0,0,0,0,0,0,0,0,0,0,4798.4228515625,0,0,3910.71419270833,0,0,0,0,0,101.388885498047,54319.83203125,3907.56201171875
"NGA",3,1,"LSMS-ISA2015",2015,2,8,827,804,0,80103,7,0,0,0,0,0,0,0,0,1771.42857142857,458.163269042969,0,0,0,0,5214.28571428571,0,0,0,0,9321.91796875,0,3426.53069196429,3352.04073660714,0,7448.97935267857,0,0,0,0,0,0,14897.9587053571,0,0,7895.91824776786,0,4096.93882533482,8938.77566964286,0,0,0,0,893.877580915179,0,0,0,0,0,0,0,0,0,0,0,0,0,0,0,0,0,0,0,0,0,0,173.809524536133,67890.625,3907.56201171875
"NGA",3,1,"LSMS-ISA2015",2015,2,8,827,804,0,80104,8,0,0,0,0,0,0,0,0,1375,400.892852783203,0,0,1977.08337402344,0,0,0,760.416687011719,517.708374023438,0,3788.171875,0,0,0,0,4867.78703301397,4520.08771424719,0,0,2086.19447129456,0,0,13560.2639339909,1390.79627350627,0,3337.91108671186,0,2433.89351650699,0,2433.89351650699,347.699068376568,0,1947.11480585216,347.699068376568,4808.81145961375,0,6258.5831550362,0,0,0,0,0,0,0,0,0,0,1210.19532994939,0,55.3856925827186,13341.8738263178,0,0,0,0,0,0,71767.46875,3907.56201171875
"NGA",3,1,"LSMS-ISA2015",2015,2,8,827,804,0,80105,4,0,0,0,0,0,0,0,0,2200,776.785705566406,0,0,1825,0,0,0,1216.66662597656,4862.5,0,5008.263671875,0,0,0,0,6283.163935315,3926.97739821152,0,0,3926.97739821152,0,0,18325.8941942631,5235.96970022082,0,6283.1636885728,0,3926.97727484042,0,4843.27210766452,1047.19398900237,0,8246.65238897935,654.496212527603,0,0,14137.1182408552,0,0,0,0,0,0,0,0,0,0,810.17738278501,0,0,6666.66572853069,0,0,0,0,0,304.166656494141,100508.078125,3907.56201171875
"NGA",3,1,"LSMS-ISA2015",2015,2,8,827,804,0,80106,8,0,0,0,0,0,0,0,0,2625,267.261901855469,0,0,0,0,0,0,0,0,0,1980.48937988281,0,0,0,0,0,0,0,0,0,0,0,0,2913.67879445151,728.419698612877,2913.67879445151,3642.09856731942,3132.20477879683,0,1165.47157982861,0,0,0,582.735789914304,7555.7431318382,0,3365.07122941995,0,0,0,0,0,0,0,0,0,0,4021.94965162556,0,0,3709.82333827797,0,0,0,0,0,0,38603.625,3907.56201171875
"NGA",3,1,"LSMS-ISA2015",2015,2,8,827,804,0,80107,28,0,0,0,0,0,0,0,0,1471.42857142857,268.537414550781,0,0,0,0,1117.34695870536,86.9047589983259,0,0,0,1164.48486328125,0,0,0,0,0,0,0,0,0,0,0,6704.08147321429,1862.24483816964,372.448974609375,446.938790457589,1862.24492536272,1266.32655552455,0,372.448974609375,0,0,5586.73493303571,223.469386509487,6438.89006696429,0,2150.74734933036,572.523332868304,0,0,0,0,0,0,0,0,0,397.964390345982,0,0,2845.30970982143,0,0,0,0,0,0,35211.078125,3907.56201171875
"NGA",3,1,"LSMS-ISA2015",2015,2,8,827,804,0,80108,7,0,0,0,0,0,173.809517996652,0,0,2371.42857142857,587.925170898438,0,0,0,0,0,0,0,157.142852783203,0,2861.86499023438,0,0,0,0,8566.32645089286,7448.97935267857,0,0,1489.7958984375,0,0,10428.5714285714,3352.04073660714,744.89794921875,3575.51018415179,372.448974609375,1117.34692382813,0,2666.73465401786,446.938790457589,0,2607.14278738839,372.448974609375,0,0,2665.638671875,0,0,0,0,0,0,0,0,0,0,0,0,94.0568280901228,2971.54143415179,0,0,0,0,0,173.809524536133,55246.41015625,3907.56201171875
"NGA",3,1,"LSMS-ISA2015",2015,2,8,827,804,0,80109,6,0,0,0,0,0,0,0,0,500,389.682525634766,0,0,0,0,1738.09521484375,0,0,0,0,2640.65258789063,0,0,0,0,0,0,0,0,0,0,0,0,0,0,2393.32798902605,0,4786.6560187422,0,1196.66399451302,0,0,0,1435.99681649005,7123.66419405071,0,3498.97091172976,0,0,0,0,0,0,0,0,0,0,0,0,0,3973.22107880358,0,0,0,0,0,0,29676.9296875,3907.56201171875
"NGA",3,1,"LSMS-ISA2015",2015,2,8,827,804,0,80110,5,0,0,0,0,0,0,0,0,2760,975.238098144531,0,0,0,0,3650,0,0,0,0,3168.78295898438,0,0,0,0,0,0,0,0,0,0,0,6264.19556482849,10440.3254201026,1252.83913253031,2088.06512311639,0,7308.22793132443,0,835.226088409153,0,0,0,1252.83908370219,9024.60652184163,0,1310.2959106788,0,0,0,0,0,0,0,0,0,0,0,0,0,0,0,0,0,0,0,0,50330.64453125,3907.56201171875
"NGA",3,1,"LSMS-ISA2015",2015,2,8,820,1030,0,80141,5,0,0,0,0,0,0,0,0,1180,584.285766601563,0,0,0,0,0,0,0,0,0,1755.72033691406,0,0,0,0,6277.58301160417,0,0,0,2511.03327045854,1255.51663522927,0,36409.9814205755,0,0,3389.89499823762,0,2511.03327045854,0,0,0,0,2511.03327045854,1004.41332060232,0,3617.08382482483,0,0,0,0,0,0,0,0,0,0,0,1674.02218773746,0,0,5940.35751647721,3565.75683331825,0,0,0,0,0,74187.7265625,3456.689453125
"NGA",3,1,"LSMS-ISA2015",2015,2,8,820,1030,0,80142,6,0,0,0,0,0,0,0,0,0,100,0,0,0,0,0,0,1013.88891601563,0,0,7501.65771484375,0,0,0,0,3650,6952.380859375,0,0,869.047607421875,0,0,7821.42838541667,2607.14290364583,0,3823.8095703125,0,3650.0000406901,0,0,0,0,0,869.047607421875,0,1807.06722005208,0,0,0,0,0,0,0,0,0,0,0,0,0,0,2885.45345052083,0,0,0,0,0,0,43550.92578125,3456.689453125
"NGA",3,1,"LSMS-ISA2015",2015,2,8,820,1030,0,80143,6,0,0,0,0,0,0,0,0,756.666666666667,143.452377319336,101.388885498047,0,0,0,0,0,0,0,0,1049.57287597656,0,0,0,0,3476.1904296875,2607.14290364583,869.047607421875,0,0,0,0,6952.380859375,4345.23795572917,0,434.523803710938,0,1738.09521484375,0,0,0,0,0,434.523803710938,0,1669.12337239583,0,2463.79475911458,0,157.960622151693,0,1985.7739461263,0,0,0,0,0,0,0,0,3835.78450520833,0,0,0,0,0,0,33020.66015625,3456.689453125
"NGA",3,1,"LSMS-ISA2015",2015,2,8,820,1030,0,80144,7,0,0,0,0,0,0,0,0,0,0,0,0,0,0,0,0,0,0,0,2633.93286132813,0,0,0,0,0,0,0,0,0,0,0,0,2497.8805203975,0,3330.50725774416,0,2497.88045064303,0,0,0,0,0,0,10076.1048167681,0,0,0,0,0,0,0,0,0,0,0,0,0,0,0,0,0,0,0,284.758383795334,0,0,21321.06640625,3456.689453125
"NGA",3,1,"LSMS-ISA2015",2015,2,8,820,1030,0,80145,5,0,0,0,0,0,0,0,0,4360,288.571441650391,0,0,0,0,0,0,0,0,0,1526.12231445313,0,0,0,0,0,0,0,0,0,0,0,20857.1421875,6257.14296875,0,2920,0,1564.2857421875,0,7821.42890625,0,0,0,0,0,5007.369921875,0,0,0,0,0,0,0,0,0,0,0,0,0,0,4934.179296875,0,0,0,0,0,0,55536.2421875,3456.689453125
"NGA",3,1,"LSMS-ISA2015",2015,2,8,820,1030,0,80146,1,0,0,0,0,0,0,0,0,2200,560.714294433594,0,0,0,0,0,0,0,0,0,6689.58203125,0,0,0,0,0,0,0,0,5214.28564453125,0,0,0,7821.4287109375,0,13035.7138671875,0,14078.5712890625,0,1564.28576660156,0,0,0,1564.28576660156,0,5007.3701171875,0,12404.6728515625,0,0,0,0,7395.42529296875,0,0,0,0,5630.24768066406,0,0,12335.4482421875,0,0,0,0,0,0,95502.015625,3456.689453125
"NGA",3,1,"LSMS-ISA2015",2015,2,8,820,1030,0,80147,5,0,0,0,486.666650390625,0,0,0,0,800,432.857116699219,486.666656494141,0,0,0,0,0,0,0,0,6061.0751953125,0,0,0,0,4171.428515625,0,0,0,1042.85712890625,0,0,0,2085.7142578125,0,6152.8572265625,1042.85712890625,5214.28569335937,0,6257.14296875,0,0,3128.571484375,1042.85712890625,3724.837109375,2168.4806640625,0,0,0,0,0,0,0,0,0,0,0,0,0,0,3462.544140625,0,0,0,0,0,0,47761.69921875,3456.689453125
"NGA",3,1,"LSMS-ISA2015",2015,2,8,820,1030,0,80148,6,0,0,0,0,0,0,0,0,833.333333333333,50,0,0,0,0,0,0,0,0,0,2138.31860351563,0,0,0,0,0,0,0,0,0,0,0,0,0,0,0,0,3476.19051106771,5214.28580729167,0,0,0,0,173.809529622396,0,0,0,22432.203125,0,0,0,0,0,0,0,0,0,0,0,2440.41145833333,0,0,0,0,0,0,0,36758.55078125,3456.689453125
"NGA",3,1,"LSMS-ISA2015",2015,2,8,820,1030,0,80149,5,0,0,0,0,0,0,0,0,400,1162.85717773438,0,0,0,0,0,0,0,0,0,6061.0751953125,0,0,0,0,4171.428515625,0,0,0,1042.85712890625,0,0,10428.57109375,0,0,3441.42861328125,0,5631.42858886719,0,0,0,0,0,1042.85712890625,0,2168.4806640625,0,0,0,0,0,0,0,0,0,0,0,0,0,0,3462.544140625,0,0,0,0,0,0,39013.52734375,3456.689453125
"NGA",3,1,"LSMS-ISA2015",2015,2,8,820,1030,0,80150,4,0,0,0,0,0,0,0,0,3825,255.357147216797,0,0,0,0,0,0,0,0,0,2029.13146972656,0,0,0,0,0,0,2607.14282226563,0,5214.28564453125,0,0,26071.427734375,0,0,3910.71435546875,0,3910.71435546875,0,4562.5,0,0,0,782.142883300781,0,5007.3701171875,0,0,0,0,0,0,0,0,0,0,0,0,0,0,3083.86206054688,0,0,0,0,0,0,61259.65234375,3456.689453125
"NGA",3,1,"LSMS-ISA2015",2015,2,8,824,768,0,80151,8,4258.33349609375,0,0,2281.25,0,0,0,0,2375,4125.2978515625,0,0,0,0,0,0,0,0,0,6418.78125,0,0,11732.142578125,26071.427734375,11992.857421875,0,0,0,0,0,0,29330.357421875,9125,0,4106.24987792969,0,21183.0362548828,9776.7861328125,9776.7861328125,1564.28576660156,0,10167.8571777344,0,0,0,0,0,0,0,0,0,0,0,0,0,0,0,0,0,0,0,0,0,0,0,0,164285.453125,4358.4345703125
"NGA",3,1,"LSMS-ISA2015",2015,2,8,824,768,0,80152,5,730,0,0,0,0,0,0,0,0,0,0,0,0,0,0,0,2433.33349609375,0,0,9145.876953125,0,18771.428125,1251.42861328125,0,9385.7140625,0,0,0,1251.42861328125,0,0,0,3650,0,2398.571484375,1042.85712890625,0,0,0,0,0,32328.5708007813,0,0,0,0,0,0,0,0,0,0,0,0,0,0,0,0,0,0,0,0,0,0,0,0,82389.2109375,4358.4345703125
"NGA",3,1,"LSMS-ISA2015",2015,2,8,824,768,0,80153,9,811.111083984375,0,0,540.74072265625,0,0,0,0,522.222222222222,350.529083251953,0,0,675.925944010417,0,0,0,1892.59240722656,0,0,3357.60229492188,0,0,4055.55555555556,0,4634.92057291667,0,0,0,3823.80959743924,0,0,8690.47591145833,0,0,12746.0321180556,0,2317.46028645833,0,0,0,0,4924.60324435764,289.682535807292,0,0,0,0,0,0,0,0,0,0,0,0,0,0,0,1421.05002170139,0,0,0,0,0,0,0,51054.3125,4358.4345703125
"NGA",3,1,"LSMS-ISA2015",2015,2,8,824,768,0,80154,1,6083.33349609375,0,0,3650,0,6083.33349609375,0,0,5000,9490.4765625,0,0,0,0,0,0,12166.6669921875,400,0,63757.76171875,0,0,0,0,0,0,0,0,5214.28564453125,0,0,46928.5703125,15642.857421875,0,17207.1430664063,0,5735.71435546875,0,0,0,0,0,5214.28564453125,0,0,6912.87890625,13459.3212890625,0,0,0,0,0,0,0,0,0,15990.4760742188,3696.20263671875,5306.57373046875,17312.720703125,21569.79296875,0,0,0,0,0,286822.40625,4358.4345703125
"NGA",3,1,"LSMS-ISA2015",2015,2,8,824,768,0,80155,11,0,0,0,1106.06063565341,553.030317826705,1106.06063565341,0,0,2545.45454545455,1591.25537109375,0,0,0,0,14220.7798295455,1106.06063565341,5530.302734375,181.818176269531,0,4668.20458984375,0,0,0,0,28441.5596590909,4740.25958806818,0,0,474.025967684659,0,0,4740.25958806818,1185.06489701705,0,2796.75328480114,711.038973721591,4124.02596768466,0,2844.15589488636,0,0,2370.12979403409,474.025967684659,0,0,3556.99041193182,0,0,0,0,0,0,0,0,0,0,0,0,0,3147.76740056818,0,0,0,0,0,0,92215.09375,4358.4345703125
"NGA",3,1,"LSMS-ISA2015",2015,2,8,824,768,0,80156,7,869.047668457031,3428.57153320313,0,695.238071986607,0,0,0,0,22.8571428571429,1008.16320800781,0,0,0,0,0,0,0,142.857147216797,0,14304.7275390625,0,22346.9397321429,0,0,0,0,0,0,0,0,0,3724.48967633929,0,0,1713.26534598214,0,0,0,0,0,0,11918.3674665179,0,0,888.556919642857,0,0,0,0,0,0,0,0,0,0,0,0,0,0,1269.19154575893,0,0,0,0,0,0,62332.26953125,4358.4345703125
"NGA",3,1,"LSMS-ISA2015",2015,2,8,824,768,0,80157,1,2433.33325195313,0,0,12166.6669921875,0,0,0,0,0,3677.380859375,0,0,0,0,0,0,0,0,0,14766.111328125,0,0,0,0,0,0,0,0,0,0,0,0,0,0,0,0,0,0,0,0,0,0,0,0,5007.3701171875,0,13245.3603515625,18293.662109375,0,0,0,7395.42529296875,46928.5703125,39107.14453125,20454.064453125,0,13991.6665039063,0,1735.05592918396,12335.4482421875,0,0,0,260.714294433594,0,0,211797.96875,4358.4345703125
"NGA",3,1,"LSMS-ISA2015",2015,2,8,824,768,0,80158,2,1216.66662597656,0,0,0,608.333312988281,1216.66662597656,0,0,6500,200,0,0,3041.66674804688,0,0,0,0,0,0,11526.3916015625,0,0,0,1303.57141113281,26071.4287109375,15642.857421875,0,0,5214.28564453125,0,0,46928.5703125,20857.142578125,0,0,3128.57153320313,5214.28564453125,6517.85693359375,5735.71435546875,0,0,18249.9997558594,1303.57141113281,0,0,0,7391.38427734375,0,0,0,0,0,0,0,0,0,0,0,0,0,0,0,0,0,0,0,187868.984375,4358.4345703125
"NGA",3,1,"LSMS-ISA2015",2015,2,8,824,768,0,80159,3,0,0,0,0,0,0,0,0,4133.33333333333,547.619079589844,0,0,0,0,0,0,0,1200,0,11468.84765625,0,0,0,0,15990.4765625,0,0,0,0,0,0,46928.5703125,0,0,4692.85709635417,0,6083.33333333333,0,6083.33333333333,0,0,0,1042.85717773438,4241.89192708333,0,0,0,0,0,0,0,0,0,0,0,0,8503.87044270833,0,0,7671.56901041667,0,0,0,0,0,0,118588.5625,4358.4345703125
"NGA",3,1,"LSMS-ISA2015",2015,2,8,824,768,0,80160,5,0,0,0,0,0,0,0,0,2420,204.285720825195,0,0,0,0,0,0,2676.66674804688,0,0,7417.7255859375,0,0,9385.7140625,11262.85703125,14391.428125,0,0,0,0,2085.7142578125,0,18771.428125,0,0,2920,0,1564.2857421875,0,3650,2502.8572265625,0,7717.1427734375,0,0,0,0,0,0,0,0,0,0,0,0,0,0,0,0,0,4602.94140625,0,0,0,0,0,0,91573.0546875,4358.4345703125
"NGA",3,1,"LSMS-ISA2015",2015,1,7,704,0,0,80161,8,0,3000,0,0,0,0,0,0,1925,65.1785736083984,0,0,1825,0,0,0,10950,0,0,11207.5419921875,0,0,0,5476.32273897083,25556.1717811973,5841.41059003363,8762.11576298013,0,0,0,0,6936.67530056502,13143.174338411,0,1679.40560679753,0,6571.58691378783,3650.88155773586,730.176323754204,0,0,8762.11588505044,438.105817986484,0,0,1684.38405406743,0,0,0,0,0,0,0,0,0,0,0,0,0,0,0,0,0,1170.93735317457,0,0,119376.1875,2034.70678710938
"NGA",3,1,"LSMS-ISA2015",2015,2,8,815,362,0,80201,5,4866.6669921875,0,0,2433.3333984375,486.666650390625,0,0,0,800,990.952331542969,0,0,3650,0,0,0,3650,7700,0,5581.5673828125,0,3128.571484375,0,0,4171.428515625,15642.8578125,0,0,8342.85703125,0,0,28157.1421875,0,0,12305.7138671875,3649.99990234375,4692.85712890625,0,6257.14296875,3337.14296875,0,26592.85703125,2085.71430664063,0,875.6689453125,0,8869.6609375,0,0,0,0,0,0,0,3642.17861328125,0,0,0,0,7070.0310546875,0,834.2857421875,0,0,0,0,169815.296875,3456.689453125
"NGA",3,1,"LSMS-ISA2015",2015,2,8,815,362,0,80202,2,1216.66662597656,0,0,608.333312988281,0,0,0,0,4500,2738.6904296875,0,0,0,0,0,1216.66662597656,13383.333984375,0,2607.14282226563,9988.9306640625,0,0,0,1825,14339.2861328125,0,0,0,0,7821.42846679688,0,18250,5214.28564453125,1042.85717773438,15642.8569335938,0,4041.07138061523,14339.2856445313,782.142883300781,0,0,5214.28564453125,0,0,2503.68505859375,0,0,0,0,0,0,0,0,0,19436.248046875,0,0,0,0,0,957.040649414063,0,0,130.357147216797,0,0,147799.59375,3456.689453125
"NGA",3,1,"LSMS-ISA2015",2015,2,8,815,362,0,80203,6,0,0,0,2027.77783203125,0,0,0,0,8666.66666666667,6183.33349609375,0,0,20277.77734375,0,0,0,16222.22265625,0,0,8558.375,0,34761.9036458333,0,0,86904.7604166667,0,0,0,6952.380859375,2607.14290364583,0,45190.4752604167,0,0,33023.8095703125,0,8690.47599283854,32154.76171875,6517.857421875,3476.1904296875,0,13904.7620442708,869.047607421875,0,0,0,0,0,0,0,0,0,0,0,0,0,0,0,0,0,0,0,0,0,0,0,336989.71875,3456.689453125
"NGA",3,1,"LSMS-ISA2015",2015,2,8,815,362,0,80204,10,4866.6669921875,0,0,2433.3333984375,0,0,0,0,23500,5127.38134765625,0,0,24333.3328125,0,0,0,14600,0,0,10650.423828125,0,26071.428125,0,0,57357.14375,0,0,0,0,12514.2853515625,0,41714.2859375,0,0,21899.999609375,0,4432.1427734375,0,18250,1042.85712890625,0,7300,0,0,0,0,0,0,0,0,0,0,0,0,0,0,0,0,0,8755.0603515625,0,0,0,0,0,0,284848.34375,3456.689453125
"NGA",3,1,"LSMS-ISA2015",2015,2,8,815,362,0,80205,9,337.962982177734,0,0,608.333333333333,0,0,0,0,666.666666666667,44.4444427490234,0,0,0,0,4634.92057291667,0,5407.40771484375,0,0,7228.0400390625,0,18539.6822916667,6373.01605902778,0,0,0,0,0,3476.19053819444,0,0,0,0,0,2433.33333333333,0,0,0,0,0,0,3476.1904296875,0,0,0,0,0,0,0,0,0,0,0,0,0,0,0,0,0,0,0,0,0,0,0,0,53226.19140625,3456.689453125
"NGA",3,1,"LSMS-ISA2015",2015,2,8,815,362,0,80206,2,486.666656494141,0,0,0,0,0,0,0,0,658.333312988281,0,0,0,0,0,0,0,0,0,7777.18359375,0,31285.71484375,0,0,0,0,0,0,0,0,0,0,0,0,5996.4287109375,0,0,0,0,0,0,0,0,0,4378.3447265625,2516.73852539063,0,0,0,0,0,0,0,0,0,0,0,0,0,0,0,0,0,0,0,0,53099.41015625,3456.689453125
"NGA",3,1,"LSMS-ISA2015",2015,2,8,815,362,0,80207,2,0,0,0,608.333312988281,0,0,0,0,150,430.357147216797,0,0,0,0,0,0,0,0,0,9047.685546875,0,0,0,0,0,0,0,0,0,0,0,0,5445.94816917639,0,1361.4870422941,0,0,0,0,0,0,0,816.892263614661,0,2286.43385833978,0,6916.91545405658,0,0,0,0,0,0,0,0,0,363.063217202263,0,10382.9135247648,6441.74642314958,0,0,0,0,0,0,44251.7734375,3456.689453125
"NGA",3,1,"LSMS-ISA2015",2015,2,8,815,362,0,80208,7,0,0,0,1390.47614397321,0,1738.09528459821,0,0,1571.42857142857,991.49658203125,869.047668457031,0,0,0,7448.97935267857,0,19119.048828125,1738.09533691406,0,9321.91796875,0,0,0,4469.38783482143,2979.591796875,5959.18359375,0,0,744.89794921875,0,0,6704.08147321429,2234.69391741071,0,4469.38783482143,0,10279.5916573661,0,4469.38783482143,0,0,11173.4690290179,744.89794921875,0,1548.91476004464,0,0,0,0,0,0,0,0,0,0,0,0,0,0,2473.24581473214,0,0,0,0,0,0,102439.3125,3456.689453125
"NGA",3,1,"LSMS-ISA2015",2015,2,8,815,362,0,80209,4,0,0,0,1520.83337402344,1520.83337402344,3041.66674804688,0,0,4000,3076.78564453125,0,0,0,0,13035.7138671875,0,30416.66796875,0,0,16263.08984375,0,0,0,5214.28564453125,23464.28515625,15642.857421875,0,0,1303.57141113281,0,0,23464.28515625,26071.427734375,10428.5712890625,19944.6431884766,6517.85717773438,18380.3570556641,19553.572265625,7821.4287109375,0,0,39107.1416015625,1303.57141113281,0,0,0,0,0,0,0,0,0,0,0,0,0,0,0,0,0,0,0,0,0,0,0,291093.4375,3456.689453125
"NGA",3,1,"LSMS-ISA2015",2015,2,8,815,362,0,80210,3,0,0,0,2027.77783203125,0,2027.77783203125,0,0,4000,1932.53967285156,0,0,0,0,17380.9518229167,0,0,0,0,16155.4921875,0,0,0,0,13904.76171875,17380.9518229167,0,0,1738.09521484375,0,0,13904.76171875,1738.09521484375,0,9385.71435546875,5214.28580729167,11297.6189778646,0,10428.5716145833,0,0,0,1738.09521484375,0,1807.06722005208,0,0,0,0,0,0,0,0,0,0,0,0,0,0,5770.90690104167,0,0,0,0,0,0,137833.46875,3456.689453125
"NGA",3,1,"LSMS-ISA2015",2015,5,9,908,278,1,90001,6,3041.66674804688,1000,0,0,0,730,0,0,400,2948.29370117188,0,0,7300,0,1738.09521484375,0,9733.3330078125,500,0,1990.40466308594,0,0,0,1738.09521484375,2607.14290364583,3476.1904296875,0,0,4779.76204427083,1738.09521484375,6952.380859375,8690.47591145833,16946.4290364583,6778.57161458333,2607.14290364583,3476.1904296875,2607.14290364583,0,0,11645.2381184896,0,4779.76204427083,6517.85725911458,0,0,0,0,0,3341.54915364583,0,2172.61897786458,0,0,0,18105.16015625,0,1922.04355875651,0,675.012084960938,1180.07535807292,457.393513997396,651.78564453125,0,2350.81766764323,0,608.333312988281,146187.0625,19294.583984375
"NGA",3,1,"LSMS-ISA2015",2015,5,9,908,278,1,90002,2,4866.66650390625,0,0,0,0,1216.66662597656,0,0,1200,3285,0,0,0,0,0,0,6691.66650390625,0,0,8729.7412109375,0,0,0,0,10950,0,0,0,9907.142578125,0,0,33892.8564453125,7821.4287109375,3910.71435546875,9125.00012207031,5214.28564453125,19032.1424560547,0,0,2607.14282226563,20857.142578125,26592.8576660156,0,0,0,0,0,15642.857421875,23464.28515625,0,0,0,0,0,0,2363.8095703125,5388.09545898438,0,0,7409.77490234375,823.308288574219,2224.76171875,0,417.142852783203,0,0,233634.5,19294.583984375
"NGA",3,1,"LSMS-ISA2015",2015,5,9,908,278,1,90003,1,4866.66650390625,0,0,0,0,0,0,0,0,5909.5234375,0,0,0,0,10428.5712890625,0,4866.66650390625,0,0,19742.55078125,0,0,0,0,5214.28564453125,0,15642.857421875,0,0,0,0,0,15642.857421875,0,0,0,0,0,0,0,2607.14282226563,2607.14282226563,0,0,0,0,0,0,0,0,0,0,0,0,0,0,10428.5712890625,0,3625.17004394531,0,0,0,0,0,0,0,101582,19294.583984375
"NGA",3,1,"LSMS-ISA2015",2015,5,9,908,278,1,90004,9,405.555541992188,0,0,0,0,135.185180664063,0,0,0,1394.44445800781,0,0,0,0,5793.65060763889,0,811.111083984375,0,0,1419.54138183594,0,0,0,0,1738.09526909722,0,2317.46028645833,0,289.682535807292,0,0,0,2317.46028645833,0,984.920654296875,0,289.682535807292,0,0,0,0,289.682535807292,1158.73014322917,0,0,0,0,0,1572.09288194444,0,0,0,0,0,0,0,0,0,0,0,0,0,0,289.682535807292,0,0,21206.978515625,19294.583984375
"NGA",3,1,"LSMS-ISA2015",2015,5,9,908,278,1,90005,5,730,720,0,0,0,2433.3333984375,0,0,600,1397.61901855469,0,0,73000,0,3128.571484375,0,1460,5106.6669921875,0,8263.70703125,0,0,0,0,9540.56910715918,0,16536.9856369364,0,0,7632.45488477491,0,0,11448.6826612894,0,3434.60471203016,1908.11379060099,4579.47304191657,0,1272.07582098887,0,0,1780.90616068401,3180.18959101072,0,0,0,0,0,0,0,0,0,0,0,0,0,0,0,0,0,0,0,0,0,0,0,158153.953125,19294.583984375
"NGA",3,1,"LSMS-ISA2015",2015,5,9,908,278,1,90006,4,4562.5,9000,10950,0,0,912.5,0,0,5000,6084.52392578125,0,0,21291.666015625,0,0,0,15208.333984375,7604.16650390625,0,104024.1796875,0,0,0,0,58660.71484375,5214.28564453125,6517.85693359375,0,0,0,19553.572265625,0,13035.7143554688,3910.71435546875,2607.14282226563,15642.857421875,7821.42846679688,3910.71435546875,0,1303.57141113281,0,7169.64288330078,651.785705566406,0,0,0,0,0,0,0,0,0,0,0,0,0,0,0,0,0,0,0,0,0,0,0,330637.875,19294.583984375
"NGA",3,1,"LSMS-ISA2015",2015,5,3,312,0,0,90007,5,0,2400,0,0,0,1946.6666015625,0,0,600,3948.57153320313,0,0,0,0,5214.285546875,0,2433.33349609375,0,0,4244.8037109375,0,0,0,0,14738.9638481341,0,0,0,8597.7285442533,0,0,2456.49389827666,31934.4193957128,3439.09147711857,0,0,2456.49389827666,7369.48192406706,0,1965.19515768383,0,2456.49389827666,736.948184131435,0,0,2887.89284645738,0,0,17754.9769280195,0,0,7598.88119436568,0,0,0,0,6878.18295423714,11343.2221853342,140.875854218091,0,0,0,0,0,0,0,143542.96875,19294.583984375
"NGA",3,1,"LSMS-ISA2015",2015,5,9,909,0,1,90008,1,6083.33349609375,18000,0,0,0,1460,0,0,8400,9038.095703125,0,0,0,0,0,0,97333.328125,0,0,74056.640625,0,0,0,0,20857.142578125,83428.5703125,31285.71484375,0,49535.71484375,0,31285.71484375,5214.28564453125,10428.5712890625,10428.5712890625,5214.28564453125,5214.28564453125,23985.7141113281,41714.28515625,0,0,0,54750,5214.28564453125,0,0,0,0,0,0,0,0,6086.71484375,0,0,0,0,19744.7619628906,7821.4287109375,0,0,0,0,0,3869.31596374512,0,0,630450.75,19294.583984375
"NGA",3,1,"LSMS-ISA2015",2015,5,9,908,278,1,90009,6,2027.77783203125,12000,0,0,0,12166.6666666667,0,0,400,4180.23828125,0,0,0,0,6952.380859375,0,14802.77734375,1000,0,20105.86328125,0,0,0,5766.55086772907,9610.91759102991,0,4805.45879551496,0,7688.7343107597,3844.36711468975,0,7688.73422937949,20182.9279053156,2306.6203708613,3363.82118191892,0,8073.17103191791,3844.36711468975,672.764252659826,480.545889336218,0,16626.887774422,384.436729391718,0,0,0,0,0,0,0,0,4515.63556522862,0,0,0,2883.27543386454,0,18540.0521565517,1802.04714067633,0,0,0,0,0,0,608.333312988281,197325.34375,19294.583984375
"NGA",3,1,"LSMS-ISA2015",2015,5,9,908,278,1,90010,5,1216.66674804688,6240,0,0,0,10950,0,0,42760,35295.23828125,0,0,14600,0,0,0,43800,121333.328125,0,66090.203125,0,0,0,0,5005.714453125,0,2085.7142578125,15642.8578125,31077.1427734375,1042.85712890625,0,19814.28515625,20857.1421875,9177.14296875,5214.285546875,0,8864.28559570312,0,1042.85712890625,4692.85703125,0,9385.7142578125,521.428564453125,0,0,0,0,0,0,16253.534375,0,24346.859375,0,0,0,0,8021.97734375,16003.2559570313,0,0,0,379.220825195313,0,3402.453125,0,6326.66650390625,551443.6875,19294.583984375
"NGA",3,1,"LSMS-ISA2015",2015,5,9,903,48,0,90011,7,1738.09533691406,1714.28576660156,0,0,0,1390.47614397321,0,0,7428.57142857143,3486.59887695313,0,0,27809.5245535714,0,0,0,7821.4287109375,2571.42846679688,0,12991.3935546875,0,0,0,0,3724.48967633929,7448.97935267857,3724.48967633929,0,3352.04077148438,7448.97935267857,0,7448.97935267857,16760.2043805804,12067.3469587054,3724.48981584821,0,4096.93872070313,1862.24483816964,1638.77553013393,19218.3671875,6331.63288225446,29795.91796875,2607.14289202009,0,0,0,0,0,0,0,0,0,0,0,0,0,0,0,0,0,0,0,0,0,0,782.142883300781,198984.9375,6431.52783203125
"NGA",3,1,"LSMS-ISA2015",2015,5,9,903,48,0,90012,4,4562.5,1800,9125,912.5,0,1977.08337402344,0,0,13000,20274.642578125,0,0,9125,0,0,0,20379.166015625,25333.333984375,0,12000,0,0,0,3258.92846679688,0,0,0,0,33110.7142333984,3910.71435546875,0,45625,7821.4287109375,0,4692.85711669922,9124.99987792969,9124.99993896484,3910.71435546875,0,0,0,89946.4296875,1303.57141113281,0,0,0,8739.908203125,7821.4287109375,6683.09814453125,0,0,3594.96630859375,0,0,0,6283.21411132813,2650.59521484375,3910.71435546875,2772.57232666016,0,823.308288574219,3337.142578125,0,3881.74627685547,0,13079.1669921875,393897.46875,6431.52783203125
"NGA",3,1,"LSMS-ISA2015",2015,5,9,903,48,0,90013,3,0,4000,0,0,0,1622.22216796875,0,0,0,3395.55541992188,0,0,0,0,4345.23795572917,0,8111.111328125,1333.33337402344,0,4000,0,0,0,0,7425.49122844318,0,0,0,7425.49130982339,21215.6887946026,0,0,6364.70687630734,1909.41195399089,9547.06037068631,0,7425.49122844318,0,0,4667.45172882255,0,8486.27585579005,0,0,0,547.957139196908,0,0,8486.27558057903,0,0,0,0,0,0,0,0,0,0,0,0,0,0,0,0,4055.5556640625,114364.3046875,6431.52783203125
"NGA",3,1,"LSMS-ISA2015",2015,5,9,903,48,0,90014,6,0,2000,0,0,0,4380,0,0,6000,3868.25390625,0,0,4055.5556640625,0,4345.23795572917,0,8111.111328125,3333.33325195313,0,7724.11572265625,0,0,0,0,0,0,0,0,6200.35825656464,0,0,13286.4825639758,7086.12362878221,9123.38401690582,4428.82734936909,0,3543.0618143911,0,354.306198289887,0,0,13729.3649107701,0,0,0,0,11994.4032695671,0,31188.9221395619,0,0,12924.5937089427,0,0,0,0,5314.59289354283,7991.79415342066,1024.49979726469,1888.07926241799,0,0,0,708.612396579774,0,0,174605,6431.52783203125
"NGA",3,1,"LSMS-ISA2015",2015,5,9,903,48,0,90015,1,486.666656494141,12000,0,0,0,1216.66662597656,0,0,0,721.428588867188,0,0,0,0,0,0,0,600,0,8576.8974609375,0,0,0,0,14443.8428560969,0,14443.8428560969,0,2888.76866887562,14443.8428560969,0,0,10832.8823862133,0,0,0,5055.34504846203,0,0,1805.48035701211,0,0,0,0,0,0,0,0,0,0,0,0,0,0,0,0,6740.45990185562,14552.1694832525,0,0,0,0,0,3610.96071402422,0,3650,116069.25,6431.52783203125
"NGA",3,1,"LSMS-ISA2015",2015,5,9,903,48,0,90016,4,1825,0,0,0,0,1672.91662597656,0,0,0,5171.4287109375,0,0,8516.6669921875,0,0,0,45625,0,0,5904.1943359375,0,0,0,0,6517.85693359375,0,5214.28564453125,0,6908.92846679688,0,0,11080.3569335938,0,3910.71435546875,1303.57141113281,4562.5,4562.5,3650,391.071441650391,0,12383.9284667969,18641.0712890625,0,0,0,1303.5712890625,0,11732.142578125,0,0,1303.57141113281,0,0,0,16294.642578125,3519.64282226563,5209.19360351563,12234.3106689453,3282.15487670898,0,0,0,0,6929.42542266846,0,0,209650.640625,6431.52783203125
"NGA",3,1,"LSMS-ISA2015",2015,5,9,903,0,1,90017,5,2433.33349609375,1080,0,0,0,4380,0,0,6800,13227.904296875,0,0,10950,0,4171.428515625,3650,14600,3400,0,8400,0,0,0,0,0,31285.715625,0,0,19292.8571289062,0,0,41192.8576171875,2085.7142578125,22942.8580078125,2085.7142578125,8342.85703125,11679.9999023438,0,0,6674.28583984375,0,35457.144140625,0,0,0,0,3188.5646484375,0,9385.7140625,0,0,6162.799609375,0,0,6517.85703125,0,3260.66669921875,0,1672.62685546875,3802.165234375,1509.39853515625,14599.99921875,0,988.628576660156,0,10220,315441.125,6431.52783203125
"NGA",3,1,"LSMS-ISA2015",2015,5,9,903,48,0,90018,5,243.33332824707,2400,0,0,0,1460,0,0,2800,860.619018554688,0,0,4866.666796875,0,0,0,7300,0,0,7742.8193359375,0,0,0,0,5427.90096367658,0,9498.82672091443,0,4070.9258414723,0,0,10855.8019273532,10855.8021226657,0,0,0,1356.97524091915,6784.87608588086,1356.97524091915,1628.37035612017,2713.95048183829,4070.9256595816,271.395061108246,0,0,0,0,12212.7767968541,0,0,0,7286.48153168354,0,0,0,2035.46292073615,3618.60058629476,3457.29364252472,10177.3141422431,0,0,0,0,0,0,608.333374023438,125962.4296875,6431.52783203125
"NGA",3,1,"LSMS-ISA2015",2015,5,9,903,48,0,90019,6,0,2000,0,405.555541992188,0,1095,0,0,833.333333333333,431.626983642578,0,0,0,0,0,0,1825,0,0,2540.69946289063,0,0,0,1226.98574164677,9202.39359012547,0,0,0,4907.94314739114,0,0,0,15950.8147340195,0,0,0,5521.43591538451,6134.92860199767,1226.98574164677,0,0,3190.16304806889,245.397160195769,0,0,0,0,0,10797.4740111081,0,0,13685.3306587627,0,0,0,5521.43530963576,2453.97148329354,11422.3009514514,0,0,0,0,0,0,0,0,100618.7890625,6431.52783203125
"NGA",3,1,"LSMS-ISA2015",2015,5,9,903,48,0,90020,6,0,0,0,0,0,101.388885498047,0,0,0,50,0,0,0,0,0,0,1013.88891601563,0,0,10212.26953125,0,0,0,0,6916.44148793198,0,0,0,212.813600565717,0,0,0,5320.33966311706,0,0,0,2766.57668919904,0,0,0,0,1064.06795478347,532.033977391733,0,0,0,0,0,2604.41597002417,0,0,0,0,0,0,0,2128.13590956693,0,0,0,0,0,0,0,0,0,32922.375,6431.52783203125
"NGA",3,1,"LSMS-ISA2015",2015,5,9,915,1390,1,90021,2,912.5,0,0,0,0,912.5,0,0,0,260.714294433594,0,0,0,0,0,0,0,20000,2607.14282226563,4769.7646484375,0,0,0,0,13035.7138671875,0,0,0,5214.28564453125,0,0,0,0,0,0,0,0,0,0,0,0,0,0,0,0,0,0,0,2607.14282226563,0,0,0,0,0,73716.197265625,4692.85693359375,10063.5712890625,4341.53845214844,6864.39001464844,0,0,0,0,1303.57141113281,0,1520.83337402344,152822.71875,4692.98876953125
"NGA",3,1,"LSMS-ISA2015",2015,5,9,915,1390,1,90022,4,304.166656494141,0,0,0,0,912.5,0,0,0,2781.25,0,0,4562.5,0,2607.14282226563,0,6083.33349609375,400,0,10861.0498046875,0,0,0,0,0,0,0,0,0,4312.98135311691,0,2875.32081161258,10063.622704946,287.532095412448,0,718.830202903144,2875.32081161258,2300.25676329959,0,1150.12838164979,0,0,718.830202903144,0,0,4792.20109946185,0,0,5750.64162322515,0,0,0,0,0,0,0,1533.50446363371,0,1662.836132216,0,0,0,0,179.707550725786,0,0,67733.65625,4692.98876953125
"NGA",3,1,"LSMS-ISA2015",2015,5,9,915,1390,1,90024,5,486.666656494141,1680,0,0,0,608.333349609375,0,0,0,6043.5712890625,0,0,0,0,2607.1427734375,0,4866.6669921875,600,0,4320,0,0,0,0,10950,7300,5214.285546875,0,4171.42861328125,6257.14296875,0,5214.285546875,21900,0,3128.571484375,1042.85712890625,5214.2857421875,6257.14296875,0,1042.85712890625,0,1042.85712890625,2085.7142578125,0,0,0,0,0,0,0,0,0,0,0,0,0,1738.0953125,0,927.316201782227,0,0,0,0,207.528564453125,0,4380,109286.7421875,4692.98876953125
"NGA",3,1,"LSMS-ISA2015",2015,5,9,915,1390,1,90025,15,405.555572509766,0,0,0,0,48.6666666666667,0,0,40,41.4285736083984,0,0,0,0,0,0,648.888916015625,0,0,3357.3603515625,0,0,0,0,3491.6184116556,0,2380.64891943962,0,0,0,0,0,595.162229859905,793.549614652168,0,0,952.25956452064,0,0,0,0,119.032447599585,277.742367864519,0,0,0,0,0,0,0,0,0,0,0,0,0,1110.96947145808,991.936994254955,0,0,0,0,531.394842613299,0,0,0,15786.2138671875,4692.98876953125
"NGA",3,1,"LSMS-ISA2015",2015,5,9,915,1390,1,90026,3,811.111083984375,2000,0,0,0,81.1111094156901,0,0,0,507.142852783203,0,0,0,0,0,0,0,0,0,13336.7568359375,0,0,0,0,0,0,6111.56504202527,0,0,2037.18830970299,0,0,3055.78252101264,0,0,0,1426.0318181149,0,0,0,0,0,611.156519817167,0,0,0,0,0,0,0,0,0,0,0,0,0,2852.0636362298,6689.61706109081,0,0,0,0,0,0,0,0,39519.52734375,4692.98876953125
"NGA",3,1,"LSMS-ISA2015",2015,5,9,915,1390,1,90027,4,3650,1500,0,0,0,3041.66674804688,0,0,1000,1042.85717773438,0,0,0,0,0,0,18250,0,0,3973.35815429688,0,0,0,0,1303.57141113281,0,0,0,782.142883300781,0,0,10428.5712890625,1303.57141113281,0,2867.85717773438,0,1303.57141113281,1303.57141113281,130.357147216797,0,3910.71417236328,17728.571105957,0,0,0,1303.5712890625,0,0,13035.7138671875,0,0,0,0,0,0,782.142883300781,391.071411132813,2214.76470947266,1693.2505645752,0,0,0,0,260.714294433594,0,0,93201.6171875,4692.98876953125
"NGA",3,1,"LSMS-ISA2015",2015,5,9,915,1390,1,90028,5,2433.33349609375,0,0,0,0,2433.3333984375,0,0,0,177.285720825195,0,0,0,0,2085.7142578125,0,2190,1600,0,1200,0,0,0,0,1564.2857421875,0,0,0,1877.14289550781,0,0,0,5214.285546875,0,2085.7142578125,0,4692.85712890625,10428.57109375,0,0,0,1042.85712890625,834.285717773437,0,0,0,0,0,14071.22578125,0,0,0,0,0,0,625.714306640625,2085.7142578125,1084.8296875,1809.2943359375,0,0,0,0,0,0,1216.66674804688,60753.109375,4692.98876953125
"NGA",3,1,"LSMS-ISA2015",2015,5,9,915,1390,1,90029,3,6083.33349609375,0,0,0,0,6083.33333333333,0,0,0,1744.04748535156,0,0,0,0,0,0,0,0,0,3200,0,0,0,0,4176.50862954897,0,10441.2714620175,0,0,0,0,4176.50862954897,3132.38157899469,0,0,0,1044.12715738724,4176.50862954897,0,0,0,0,0,0,0,0,0,0,0,0,0,0,0,0,0,0,4872.59343507747,4585.45844098373,3702.81785530888,0,0,0,0,438.533414294312,0,3244.4443359375,61101.8671875,4692.98876953125
"NGA",3,1,"LSMS-ISA2015",2015,5,9,915,1390,1,90030,1,121.666664123535,6000,0,0,0,608.333312988281,0,0,0,3000,0,0,0,0,0,0,0,4000,0,56942.46484375,0,0,0,0,6257.14306640625,0,2607.14282226563,0,1564.28576660156,0,0,10428.5712890625,15642.857421875,0,0,0,1042.85717773438,0,0,0,0,3650,15121.4282226563,0,0,0,0,15642.857421875,0,0,0,0,0,0,2923.8984375,0,8447.14282226563,0,0,0,0,3337.142578125,0,0,0,0,157337.796875,4692.98876953125
"NGA",3,1,"LSMS-ISA2015",2015,5,9,917,1254,1,90031,3,0,2000,0,0,0,405.555541992188,0,0,0,1589.28576660156,0,0,0,0,0,0,0,800,0,13874.4072265625,0,0,0,0,3476.1904296875,0,0,0,3476.1904296875,0,0,0,3476.1904296875,0,4345.23795572917,0,1911.90478515625,2607.14290364583,0,2085.71435546875,0,22769.0478515625,8169.04777018229,0,0,0,0,22127.6276041667,7300,0,0,3423.77701822917,0,0,0,0,0,1808.04947916667,4617.46997070313,0,0,0,0,0,0,0,110262.84375,5663.58447265625
"NGA",3,1,"LSMS-ISA2015",2015,5,9,917,1254,1,90032,6,1216.66662597656,0,0,0,0,1216.66666666667,0,0,1166.66666666667,289.682525634766,0,0,0,0,0,0,2027.77783203125,0,1564.28564453125,6702.87841796875,0,0,0,0,13035.71484375,0,0,0,2172.61897786458,0,0,0,2172.61897786458,0,0,0,2694.04764811198,0,695.238118489583,0,0,869.047607421875,3476.1904703776,0,0,0,0,0,5214.28580729167,0,0,0,0,0,0,0,1738.09521484375,1520.83333333333,3041.66674804688,1852.44384765625,0,0,0,0,0,0,52667.4296875,5663.58447265625
"NGA",3,1,"LSMS-ISA2015",2015,5,9,917,1254,1,90033,2,0,3000,0,0,0,1216.66662597656,0,0,6000,8075.23828125,0,0,1825,0,2607.14282226563,0,12166.6669921875,0,0,24509.7265625,0,0,0,0,7039.28564453125,0,0,0,10428.5712890625,0,2607.14282226563,5214.28564453125,0,2346.42846679688,2607.14282226563,2607.14282226563,3649.99987792969,0,0,0,31285.71484375,58660.71484375,7821.4287109375,0,0,0,0,15563.4521484375,21900,0,0,0,0,26933.79296875,0,0,4171.42858886719,0,4669.92700195313,2778.66577148438,0,0,0,834.285736083984,0,0,270519.84375,5663.58447265625
"NGA",3,1,"LSMS-ISA2015",2015,5,9,917,1254,1,90034,2,0,1800,0,0,0,3041.66674804688,0,0,6500,2977.380859375,0,0,0,0,0,0,14600,6000,0,11766.974609375,0,0,0,0,0,0,0,0,9125,0,0,19553.5717773438,20857.142578125,0,2607.14282226563,2607.14282226563,15642.8571777344,0,0,0,0,18249.9995117188,0,0,0,0,10428.5712890625,0,9576.6591796875,0,0,17499.3046875,0,0,0,0,16946.4282226563,9597.5439453125,7343.4521484375,5557.33154296875,0,12735.4973144531,0,15191.6088562012,0,0,240205.28125,5663.58447265625
"NGA",3,1,"LSMS-ISA2015",2015,5,9,917,1254,1,90035,3,2027.77783203125,2000,0,0,0,486.666666666667,0,0,5333.33333333333,5889.84130859375,0,0,0,0,0,0,16222.22265625,466.666656494141,0,7844.64990234375,0,0,0,0,6952.380859375,0,0,0,0,0,0,8690.47591145833,15642.857421875,0,8690.47591145833,0,5214.28564453125,2607.14290364583,0,4519.04777018229,0,5214.28556315104,4345.23803710938,0,0,0,0,31285.7135416667,2462.70963541667,0,0,6847.55403645833,0,0,0,0,0,5211.8447265625,2607.14298502604,0,0,0,0,4345.23828125,0,202.777770996094,155110.34375,5663.58447265625
"NGA",3,1,"LSMS-ISA2015",2015,5,9,917,1254,1,90036,4,0,0,0,0,0,3041.66674804688,0,0,10900,10485.71484375,0,0,0,0,3910.71435546875,0,3041.66674804688,1000,0,38234.03125,0,0,0,0,5214.28564453125,0,0,0,2085.71432495117,0,0,0,15642.857421875,0,17728.5717773438,3910.71435546875,13687.4998779297,3258.92846679688,0,0,0,1303.57141113281,0,0,0,0,0,39107.14453125,9576.6591796875,0,0,10271.3310546875,0,0,0,0,0,3910.71435546875,1955.35717773438,0,0,0,0,4953.57159423828,0,0,203220.734375,5663.58447265625
"NGA",3,1,"LSMS-ISA2015",2015,5,9,917,1254,1,90037,11,0,3818.18188476563,0,0,0,3318.18181818182,0,0,2181.81818181818,3741.55834960938,0,0,1327.27272727273,0,948.051935369318,0,32075.7578125,16363.63671875,0,10966.8349609375,0,0,0,0,0,4740.25958806818,0,0,5214.28560014205,0,0,18012.9866832386,1896.10387073864,1137.66237571023,805.844171697443,474.025967684659,5451.29860617898,0,0,1896.10391512784,0,4645.45445667614,0,0,0,0,12837.8423295455,0,1422.07794744318,3871.29616477273,224.538640802557,5090.70667613636,0,0,2370.12979403409,0,1422.07794744318,0,129.040405273438,775.447476473722,74.8462080522017,0,0,2610.30311168324,0,497.727264404297,150341.34375,5663.58447265625
"NGA",3,1,"LSMS-ISA2015",2015,5,9,917,1254,1,90038,7,2085.71435546875,857.142883300781,0,0,0,382.380964006696,0,0,17342.8571428571,5573.53759765625,0,0,0,0,0,0,10428.5712890625,2857.14282226563,0,21132.873046875,0,0,0,0,3687.24483816964,0,0,0,521.428571428571,2979.591796875,0,3724.48967633929,13408.1632254464,6629.59172712054,3501.02033342634,372.448974609375,3501.0204031808,1489.7958984375,0,3277.55106026786,0,2309.1836983817,744.89794921875,0,0,0,0,0,1055.44698660714,0,0,0,0,18622.4486607143,0,0,0,465.561209542411,0,0,0,0,0,0,0,2520.23828125,129470.34375,5663.58447265625
"NGA",3,1,"LSMS-ISA2015",2015,5,9,917,1254,1,90039,8,0,2250,0,0,0,912.5,0,0,1400,1119.34521484375,0,0,0,0,0,0,12166.6669921875,1000,0,4480.232421875,0,0,0,0,0,0,0,0,3258.92846679688,0,0,13035.7138671875,7821.42846679688,0,977.678588867188,1303.57141113281,4888.39279174805,0,0,0,0,3910.71417236328,0,0,0,0,10871.1416015625,5866.0712890625,4788.32958984375,0,0,2567.83276367188,0,0,0,977.678588867188,5540.17858886719,0,399.218780517578,5596.78076171875,0,556.1904296875,0,3198.25936508179,0,0,98886.8515625,5663.58447265625
"NGA",3,1,"LSMS-ISA2015",2015,5,9,917,1254,1,90040,1,1216.66662597656,6000,0,0,0,7300,0,0,0,1129.76196289063,0,0,0,0,0,0,0,4000,0,167197.296875,0,0,0,0,15642.857421875,0,0,0,0,0,0,0,15642.857421875,0,10428.5712890625,0,13035.7141113281,5214.28564453125,0,0,0,0,1042.85717773438,0,0,0,0,15642.857421875,5214.28564453125,0,0,0,0,0,0,0,0,3910.71435546875,0,0,0,0,0,0,0,3041.66674804688,275660.375,5663.58447265625
"NGA",3,1,"LSMS-ISA2015",2015,5,9,901,398,0,90041,11,0,1309.09094238281,0,0,0,143.787875088778,0,0,0,445.584442138672,0,0,0,0,0,0,0,2090.9091796875,0,2099.9189453125,0,0,0,0,1060.91969886168,0,0,0,0,0,0,1591.37958608179,2387.06929694422,0,530.459849430841,0,530.459849430841,0,0,0,0,0,265.229924715421,0,0,0,0,0,2334.02317888627,0,0,5015.63254542624,0,0,0,0,1662.10758552157,0,530.459893820046,0,0,0,0,745.2451412728,0,0,22742.27734375,3626.40063476563
"NGA",3,1,"LSMS-ISA2015",2015,5,9,901,398,0,90042,4,3041.66674804688,1500,0,0,0,3041.66674804688,0,0,8900,2238.09521484375,0,0,0,0,0,0,12166.6669921875,10000,2607.14282226563,31578.818359375,0,0,0,0,6517.85693359375,0,0,0,3258.92846679688,0,0,0,7821.4287109375,0,2607.14282226563,0,6126.78570556641,3910.71435546875,0,0,1303.57141113281,37803.5708007813,912.5,0,0,0,0,0,7821.4287109375,0,0,0,0,0,0,0,0,0,0,0,0,0,0,0,0,760.416687011719,153918.390625,3626.40063476563
"NGA",3,1,"LSMS-ISA2015",2015,5,9,901,398,0,90043,1,0,7200,0,0,0,3650,0,0,0,17984.5234375,0,0,0,0,62571.4296875,0,29200,2400,0,9415.1279296875,0,0,0,0,0,0,0,0,0,0,0,0,31285.71484375,0,0,2607.14282226563,4171.4287109375,0,0,0,50057.14453125,261757.14453125,0,0,0,0,5214.28564453125,15642.857421875,0,0,0,0,0,0,0,0,2780.95239257813,0,1776.78851318359,0,0,0,0,677.857147216797,0,0,508392.375,3626.40063476563
"NGA",3,1,"LSMS-ISA2015",2015,5,9,901,398,0,90044,3,0,8000,0,0,0,689.444417317708,0,0,2000,2769.84106445313,0,0,0,0,0,0,4055.5556640625,1666.66662597656,0,2686.40307617188,0,0,0,0,3532.82968625217,0,0,0,2649.62235076411,0,0,5299.24470152822,14131.3187450087,0,9891.92333309461,706.56597097621,4416.03710781521,2649.62235076411,0,2119.69791175494,0,0,4416.037026435,0,0,0,0,0,6488.46422856208,0,0,9485.02872246293,0,0,0,0,0,0,560.082747326826,0,0,0,0,12260.2526932919,0,0,100474.6328125,3626.40063476563
"NGA",3,1,"LSMS-ISA2015",2015,5,9,901,398,0,90045,1,0,0,0,0,0,0,0,0,0,3546.4287109375,0,0,0,0,0,0,0,1000,0,23550.65234375,0,0,0,0,0,0,0,0,0,0,0,0,15861.4080493538,0,13217.8396214419,0,5815.84958394616,0,1057.42721916676,0,0,13217.8398655825,19562.4029388397,0,0,0,10574.2717009891,47584.2221565807,19420.9145923544,0,0,17743.7922375994,0,0,0,0,0,8351.41966417604,8344.75681470802,5634.97453787867,0,0,0,422.970869476018,0,0,214907.171875,3626.40063476563
"NGA",3,1,"LSMS-ISA2015",2015,5,9,901,398,0,90046,1,608.333312988281,0,0,0,0,0,0,0,0,0,0,0,0,0,0,0,0,8000,0,8144.13671875,0,0,0,0,0,0,0,0,7821.4287109375,0,0,0,28678.5712890625,0,0,0,16685.7141113281,0,0,0,0,0,1042.85717773438,0,0,0,8690.4765625,5293.69091796875,0,0,0,0,0,0,0,0,10428.5712890625,0,2607.14282226563,0,0,0,0,0,0,0,98000.921875,3626.40063476563
"NGA",3,1,"LSMS-ISA2015",2015,5,9,901,398,0,90047,6,0,4000,0,0,0,243.333333333333,0,0,1450,2854.5634765625,0,0,0,0,0,0,8111.111328125,833.333312988281,0,958.844909667969,0,0,0,0,1477.38102213542,0,0,0,0,0,0,0,2172.61897786458,3041.66666666667,3910.71423339844,869.047607421875,2172.61901855469,3476.1904296875,0,1738.09521484375,0,0,6257.14282226563,0,0,0,0,0,10428.5716145833,0,0,0,0,0,0,0,0,0,502.581746419271,0,0,0,0,0,0,202.777770996094,54700.5859375,3626.40063476563
"NGA",3,1,"LSMS-ISA2015",2015,5,9,901,398,0,90048,2,0,0,0,0,0,608.333312988281,0,0,0,710.714294433594,0,0,0,0,0,0,0,300,0,2095.66552734375,0,0,0,0,4773.70988245259,0,0,0,795.618375587418,0,0,0,5304.1222543744,0,8221.38945193351,0,530.412250661667,1326.0305635936,0,0,0,3182.47338027936,795.618375587418,0,0,0,0,0,5304.1222543744,0,0,0,0,0,0,0,0,1326.0305635936,7045.53612824338,0,0,1591.23675117484,0,11164.6682424068,0,0,55075.6796875,3626.40063476563
"NGA",3,1,"LSMS-ISA2015",2015,5,9,901,398,0,90049,1,0,0,0,0,0,0,0,0,0,921.428588867188,0,0,0,0,0,0,0,0,0,5674.98193359375,0,0,0,0,0,0,0,0,0,0,0,0,10884.143218936,0,5442.07160946802,0,2176.82874513559,5442.07160946802,0,0,0,0,544.207186283897,0,0,0,9070.11987431589,57735.6827334546,0,0,0,6432.02107537685,0,0,0,0,1632.62143216622,3875.1832117196,3147.22211777486,0,0,0,0,12010.2079555112,0,0,124988.796875,3626.40063476563
"NGA",3,1,"LSMS-ISA2015",2015,5,9,910,200,0,90051,6,0,0,0,0,0,608.333333333333,0,0,0,999.40478515625,0,0,0,0,0,0,13180.5556640625,0,0,1200,0,0,0,0,0,0,0,0,2608.86185418343,0,0,0,0,0,0,0,1565.31701481632,5217.72370836687,521.772378970021,0,2608.86185418343,0,0,0,0,0,5085.31257094516,0,8297.35701175235,0,0,27016.3215924312,0,7398.46461118067,13044.3095962505,0,1391.39296992786,0,1215.27183938471,0,0,0,0,400.025474273109,0,2433.33325195313,94792.6328125,3733.05932617188
"NGA",3,1,"LSMS-ISA2015",2015,5,9,910,200,0,90052,1,0,0,0,0,0,1946.66662597656,0,0,0,1330,0,0,7300,0,78214.2890625,0,7300,0,10428.5712890625,36,0,0,0,0,25415.2267115939,12707.613355797,0,0,0,317.690347428736,0,0,57184.2598250901,0,9530.71036713084,0,12707.613355797,0,0,0,0,0,1270.76138971495,0,0,0,0,0,12707.6121669495,0,0,0,0,27028.1170244913,0,0,0,0,0,0,0,0,0,0,0,3650,269075.15625,3733.05932617188
"NGA",3,1,"LSMS-ISA2015",2015,5,9,910,200,0,90054,4,0,0,0,0,0,0,0,0,0,627.023803710938,0,0,0,0,0,0,2433.33325195313,90,0,900,0,0,0,0,5761.8232789693,0,0,0,0,0,0,0,4321.36759248996,0,1440.45581974232,0,1440.45581974232,0,0,0,0,0,0,0,0,0,0,0,2700.31310246841,0,0,0,0,0,0,0,0,0,0,0,0,0,0,144.045588077748,0,912.5,20771.3203125,3733.05932617188
"NGA",3,1,"LSMS-ISA2015",2015,5,9,910,200,0,90055,1,0,0,0,0,0,0,0,0,16000,5121.4287109375,0,0,0,0,0,0,6083.33349609375,500,0,3600,0,0,0,0,4171.4287109375,0,5214.28564453125,0,0,0,0,0,10428.5712890625,0,5214.28564453125,0,0,0,0,0,0,0,3650,0,0,0,0,0,1524.60266113281,0,0,4724.7412109375,0,0,0,0,0,7169.64282226563,3015.49047851563,0,0,0,0,0,0,3650,80067.8125,3733.05932617188
"NGA",3,1,"LSMS-ISA2015",2015,5,9,910,200,0,90056,5,0,0,0,0,0,389.333325195313,0,0,1440,636.285766601563,0,0,0,0,3128.571484375,0,1216.66662597656,0,0,100,0,0,0,0,9582.9445043516,0,0,0,7546.5691057739,0,0,0,7187.20860818535,0,0,0,3234.24385130836,0,0,0,0,0,359.360437022537,0,0,0,0,0,2395.7361260879,0,0,0,0,0,0,0,3194.31484632025,1796.80215204634,598.934031521975,0,0,0,0,0,0,1216.66674804688,44023.63671875,3733.05932617188
"NGA",3,1,"LSMS-ISA2015",2015,5,9,910,200,0,90057,8,0,0,0,0,0,608.333312988281,0,0,5050,4641.8154296875,0,0,5018.75,0,5214.28564453125,4866.66650390625,13687.5,2750,0,3750,0,0,0,0,7821.4287109375,0,0,0,5214.28570556641,0,0,7821.4287109375,3258.92846679688,1303.57141113281,8538.39273071289,0,2607.14282226563,6517.85693359375,195.535720825195,2607.14288330078,5214.28564453125,25419.6426391602,3258.92852783203,0,0,1756.20043945313,0,0,11260.0961914063,0,0,256.783294677734,0,0,0,977.678588867188,0,3474.34063720703,3020.79141235352,0,2574.5537109375,0,0,4526.28955078125,0,4258.3330078125,157471,3733.05932617188
"NGA",3,1,"LSMS-ISA2015",2015,5,9,912,0,0,90058,8,0,0,0,0,0,760.416687011719,0,0,6250,217.261901855469,0,0,0,0,5214.28564453125,0,304.166656494141,0,0,1826.35070800781,0,0,0,0,0,0,0,0,977.678588867188,0,0,6517.85693359375,3258.92846679688,0,0,325.892852783203,977.678558349609,1303.57141113281,0,0,0,20857.1424560547,0,0,0,0,2951.25610351563,27375,3580.23095703125,0,0,13352.7314453125,0,0,0,0,1179.73205566406,0,229.082901000977,0,0,0,0,1833.14142608643,0,0,99292.40625,3733.05932617188
"NGA",3,1,"LSMS-ISA2015",2015,5,9,910,200,0,90059,7,0,0,0,0,0,0,0,0,0,57.1428565979004,0,0,0,0,1489.7958984375,0,695.238098144531,571.428588867188,1489.7958984375,1028.57141113281,0,0,0,0,767.543023113377,0,0,0,1765.3489638506,0,0,0,6907.8871966874,0,3837.71504354582,0,3837.71511330029,0,0,0,0,383.771511556689,2302.62914136119,0,0,0,0,0,4165.41825200344,0,0,13439.4700089251,0,0,0,0,0,0,0,0,0,0,0,3837.71533163008,0,1042.85717773438,47620.04296875,3733.05932617188
"NGA",3,1,"LSMS-ISA2015",2015,5,9,910,200,0,90060,4,0,0,0,0,0,608.333312988281,0,0,150,760.416687011719,0,0,0,0,0,0,0,0,0,900,0,0,0,0,3258.92846679688,0,0,0,0,0,0,0,7821.4287109375,0,3910.71423339844,0,4562.5,3258.92846679688,0,0,0,1042.85717773438,5214.28564453125,0,0,0,0,0,3537.208984375,0,0,15216.787109375,0,0,0,0,0,0,0,0,0,0,0,325.892852783203,0,912.5,51480.78125,3733.05932617188
"NGA",3,1,"LSMS-ISA2015",2015,5,9,907,1446,0,90061,1,0,6000,0,0,0,7908.33349609375,0,0,0,9667.857421875,0,0,0,0,0,0,12166.6669921875,0,0,31885.158203125,0,0,0,0,0,0,6935.37671836939,0,0,0,0,0,52015.3224711102,0,0,0,0,0,0,0,0,0,17338.4409864638,0,0,0,28897.4031774281,0,3379.71936410842,0,0,0,130038.310084025,0,0,0,11558.9606234035,11558.9606234035,5779.48031170176,0,0,0,0,14448.7015887141,0,5475,355053.65625,2207.837890625
"NGA",3,1,"LSMS-ISA2015",2015,5,9,907,1446,0,90062,2,0,0,0,0,0,0,0,0,0,11471.4287109375,0,0,27983.333984375,0,0,0,54750,36000,0,30654.287109375,0,0,0,0,0,0,2640.60991138958,0,0,5281.21982277916,0,0,5281.21982277916,1584.36602143465,1320.30495569479,0,11882.7447233234,0,0,1584.36602143465,0,0,0,0,0,0,14963.456420759,15763.2353966076,0,0,0,35370.8170571635,23765.4889583656,5281.21982277916,13203.0493128073,0,14136.0651481914,2640.60991138958,4003.46711500566,8443.00270551415,0,22011.3705458105,0,2693.42213629168,0,3041.66674804688,355750.71875,2207.837890625
"NGA",3,1,"LSMS-ISA2015",2015,5,9,907,1446,0,90063,5,0,1440,0,0,0,1460,0,0,800,424.285736083984,0,0,2433.3333984375,0,0,0,1460,0,0,17703.35546875,0,0,0,0,3497.71045357654,0,6995.42090715307,0,0,0,0,0,11659.034282863,0,0,0,816.132423549601,0,0,0,0,0,349.771050240466,0,0,0,0,17488.5527208459,4663.61379750402,0,0,7825.61643891911,0,0,0,0,4663.61379750402,7172.78310284816,14146.7110035668,0,0,0,0,0,0,0,104999.9375,2207.837890625
"NGA",3,1,"LSMS-ISA2015",2015,5,9,907,1446,0,90064,9,0,0,0,0,0,1892.59266493056,0,0,400,1120.37048339844,0,0,0,0,9269.84114583333,0,5407.40771484375,0,0,7633.1884765625,0,0,0,0,1465.67235469221,0,879.403456860417,0,1289.79172958046,0,0,0,5862.68941876884,0,1758.80691372083,293.134476363789,1231.16481751781,1172.53790545516,0,351.761388105283,879.403456860417,1172.53790545516,1758.80691372083,0,0,0,0,3517.61382744167,1356.1622817632,0,0,2754.55164695587,0,0,0,0,1563.38387394021,366.418088673053,0,0,1468.75806227148,0,0,140.704554289092,0,0,55006.703125,2207.837890625
"NGA",3,1,"LSMS-ISA2015",2015,5,9,907,1446,0,90065,8,0,0,0,0,0,0,0,0,125,582.291687011719,0,0,760.416687011719,0,3258.92846679688,0,6083.33349609375,625,0,4256.330078125,0,0,0,0,1564.28576660156,0,521.428588867188,0,325.892852783203,0,0,0,5214.28564453125,0,0,0,2607.14282226563,814.732116699219,0,0,0,5214.28576660156,1303.57141113281,0,0,0,0,0,1507.71618652344,0,0,8749.65234375,0,0,0,0,4718.92864990234,732.343505859375,0,0,0,0,0,39.1071434020996,0,0,49004.671875,2207.837890625
"NGA",3,1,"LSMS-ISA2015",2015,5,9,907,1446,0,90066,9,0,0,0,0,0,270.370361328125,0,0,1333.33333333333,4931.48193359375,0,0,8111.11111111111,0,0,0,20277.77734375,10000,0,46326.18359375,0,0,0,0,0,0,0,0,2317.46028645833,0,0,0,2607.14279513889,0,289.682535807292,0,2375.3967827691,0,0,0,2433.33333333333,4287.30164930556,0,0,0,0,4634.92057291667,20751.2690972222,4055.55555555556,0,0,8217.06510416667,0,10562.2708333333,16898.1493055556,1094.35622829861,4982.53922526042,4885.15668402778,3532.03314887153,3087.40625,365.914794921875,926.984157986111,0,4008.98377821181,0,0,193563.171875,2207.837890625
"NGA",3,1,"LSMS-ISA2015",2015,5,9,907,1446,0,90067,20,0,0,0,0,0,24.333332824707,0,0,1660,2026.07153320313,152.083343505859,0,365,0,0,0,3954.16650390625,8400,0,8603.916015625,0,0,0,0,5670.535546875,0,365,0,2346.428515625,8864.2859375,1433.92861328125,6517.85703125,3128.571484375,0,782.142846679688,0,1042.85712890625,365,156.428576660156,0,0,6257.1427734375,912.499987792969,0,0,0,0,3319.144140625,0,0,0,4108.532421875,0,0,0,243.333325195313,2607.1427734375,788.001611328125,0,0,0,0,0,0,0,91.25,74185.65625,2207.837890625
"NGA",3,1,"LSMS-ISA2015",2015,5,9,907,1446,0,90068,4,0,0,0,0,0,0,0,0,0,651.785705566406,0,0,0,0,0,0,1520.83337402344,0,0,11126.38671875,0,0,0,0,0,0,0,0,0,0,0,0,2933.14324012958,0,0,0,3666.42903842591,1466.57162006479,0,0,0,0,2933.14324012958,0,0,0,2933.14324012958,9335.43530821428,2144.05094355531,0,0,0,0,0,0,0,2933.14324012958,0,0,0,0,0,0,0,0,0,41644.06640625,2207.837890625
"NGA",3,1,"LSMS-ISA2015",2015,5,9,907,1446,0,90069,6,0,0,0,0,0,1216.66666666667,0,0,0,497.738128662109,0,0,0,0,0,0,0,0,0,1327.58068847656,0,0,0,0,1868.90298735617,0,0,0,0,0,0,0,6541.16054426968,0,0,0,2523.01904464029,0,0,0,1868.90298735617,1868.90298735617,3177.13518330462,0,0,0,0,0,1810.32411442759,0,0,3313.30327514884,0,0,0,0,3488.61883510349,0,934.451493678083,0,0,0,0,0,0,0,30436.70703125,2207.837890625
"NGA",3,1,"LSMS-ISA2015",2015,5,9,907,0,0,90070,6,0,2000,0,0,0,1622.22216796875,0,0,4000,86.9047622680664,0,0,3041.66666666667,0,0,0,8111.111328125,3027.77807617188,0,4966.57958984375,0,0,0,0,0,0,0,0,3041.66658528646,0,0,10428.5716145833,3041.66666666667,1738.09521484375,1738.09521484375,0,5127.38098144531,0,869.047607421875,0,0,4692.85717773438,3041.66670735677,0,0,0,0,0,1738.09505208333,0,0,6162.798828125,0,0,0,0,5231.66666666667,3905.83203125,869.047688802083,0,0,0,0,0,0,608.333312988281,79091.0859375,2207.837890625
"NGA",3,1,"LSMS-ISA2015",2015,5,9,912,102,0,90071,6,0,0,0,0,0,0,0,0,0,898.214294433594,0,0,3041.66666666667,0,43452.3802083333,0,811.111083984375,0,0,23339.296875,0,0,0,0,6566.47320133887,0,1876.1351632602,0,3752.27032652039,0,0,4690.33782677028,5628.40570108898,0,4221.30422298964,938.067581630099,2345.16900690234,6097.43907714512,0,1876.1351632602,0,4690.33801380469,2345.16891338514,0,0,0,0,16799.5050740071,26611.8496945873,0,0,0,0,0,0,0,0,0,0,0,0,0,0,121.948788213978,0,0,160103.21875,1343.9013671875
"NGA",3,1,"LSMS-ISA2015",2015,5,9,912,102,0,90072,3,0,0,0,0,0,1216.66666666667,0,0,1000,2158.73022460938,0,0,0,0,8690.47591145833,0,2433.33325195313,1333.33337402344,0,6466.20703125,0,0,0,0,3476.1904296875,0,0,0,3476.19051106771,0,0,8690.47591145833,10428.5716145833,0,0,1738.09521484375,1738.09521484375,2607.14290364583,0,2607.14282226563,0,1738.09521484375,0,0,0,0,0,0,8192.0048828125,0,0,4108.53287760417,0,0,2172.61897786458,0,8097.5322265625,0,9259.4560546875,0,0,0,0,6668.92959594727,0,405.555541992188,98703.3671875,1343.9013671875
"NGA",3,1,"LSMS-ISA2015",2015,5,9,912,102,0,90073,1,0,0,0,0,0,0,0,0,0,0,0,0,0,0,26071.427734375,0,0,0,0,197139.640625,0,0,0,0,0,0,0,0,0,0,0,0,0,0,0,0,0,0,0,0,0,0,0,0,0,0,8690.47701859329,31285.7164856858,18320.2651216397,0,0,60867.1516319274,0,0,28815.5757310479,0,10428.5718363744,2812.1991221991,12618.3871368471,0,0,0,0,12237.5035719357,0,0,409286.90625,1343.9013671875
"NGA",3,1,"LSMS-ISA2015",2015,5,9,912,102,0,90074,10,0,0,0,0,0,0,0,0,5400,1426.54760742188,0,0,608.333349609375,0,0,0,8516.666015625,600,0,8983.974609375,0,0,0,0,14652.14296875,0,5214.285546875,0,1564.28569335938,1042.85712890625,7821.42890625,15642.8578125,10428.571484375,1668.57143554687,6517.85715332031,0,6048.57138671875,3910.714453125,2085.7142578125,2294.2857421875,5735.7142578125,4692.85712890625,782.142846679688,0,0,0,0,12514.2859375,1143.451953125,0,0,0,0,0,0,0,0,0,863.812377929688,0,0,0,0,1303.571484375,0,547.5,132011,1343.9013671875
"NGA",3,1,"LSMS-ISA2015",2015,5,9,912,102,0,90075,2,0,0,0,0,0,1825,0,0,0,260.714294433594,0,0,0,0,0,0,2433.33325195313,8000,0,2708.36108398438,0,0,0,0,7410.72024181052,0,0,0,0,0,0,14821.440483621,17785.7293923189,0,31125.0258330631,0,23714.3051029714,0,1482.14406893571,0,0,0,6817.86293340251,0,0,0,0,18869.1228593237,2778.46290823898,0,0,0,0,0,0,3557.14595033464,5789.62515273924,23997.656882082,1482.14406893571,0,0,0,0,11499.393536372,0,0,186358.1875,1343.9013671875
"NGA",3,1,"LSMS-ISA2015",2015,5,9,912,102,0,90076,7,0,0,0,0,0,590.952357700893,0,0,1000,583.50341796875,0,0,15642.8571428571,0,0,0,6952.38134765625,1714.28576660156,0,12834.2490234375,0,0,0,0,11173.4698660714,0,2234.69391741071,0,3724.48967633929,0,0,7448.97935267857,10428.5714285714,1489.7958984375,5214.28557477679,0,5959.18373325893,0,0,0,0,5214.28564453125,2607.14289202009,0,0,0,0,15642.8571428571,2178.00362723214,0,0,0,0,0,0,0,0,0,861.568708147321,0,0,0,0,0,0,1738.09533691406,115233.65625,1343.9013671875
"NGA",3,1,"LSMS-ISA2015",2015,5,9,912,102,0,90077,2,0,0,0,0,0,24333.333984375,0,0,2800,1043.09521484375,0,0,0,0,0,0,24333.333984375,0,0,81349.5390625,0,0,0,0,5214.28564453125,0,0,0,1042.85717773438,10271.3310546875,0,13035.7138671875,19553.572265625,3910.71435546875,11471.4287109375,0,14339.2856445313,6517.85693359375,1825,0,0,33892.8564453125,6517.85705566406,0,0,0,0,23464.28515625,5214.28515625,0,0,0,0,0,0,0,0,5424.1484375,0,0,0,0,0,0,0,1520.83337402344,297075.59375,1343.9013671875
"NGA",3,1,"LSMS-ISA2015",2015,5,9,912,102,0,90078,5,0,0,0,0,0,973.33330078125,0,0,0,1425.23803710938,0,0,0,0,8342.85703125,0,2433.33349609375,0,0,44471.734375,0,0,0,0,0,0,0,0,1042.85712890625,0,0,26071.428125,0,1042.85712890625,5735.71416015625,0,3649.99995117188,2607.1427734375,521.428564453125,2607.14282226563,3128.571484375,8342.85703125,1042.85712890625,0,0,3476.190234375,6952.38125,0,7300,8126.7671875,0,0,0,0,0,0,12220.98125,1050.67841796875,894.25,0,0,0,0,3765.10793457031,0,0,157225.71875,1343.9013671875
"NGA",3,1,"LSMS-ISA2015",2015,5,9,912,102,0,90079,8,0,0,0,0,0,608.333312988281,0,0,1550,1910.17858886719,0,0,0,0,0,0,9125,7083.33349609375,0,5465.57470703125,0,0,0,0,0,0,0,0,3910.71429443359,0,0,13035.7138671875,2607.14282226563,1955.35711669922,977.678588867188,0,20661.608001709,0,3519.64276123047,2085.71423339844,3910.71435546875,14404.4647216797,260.714294433594,0,0,2607.142578125,5214.28564453125,46928.5703125,10920.51953125,0,0,4005.82781982422,7039.28564453125,0,0,0,5266.42846679688,7754.94348144531,1965.0295715332,2798.39038085938,0,0,0,3454.4644317627,0,380.208343505859,191406.96875,1343.9013671875
"NGA",3,1,"LSMS-ISA2015",2015,5,9,912,102,0,90080,2,0,0,0,0,0,4562.5,0,0,0,4093.21435546875,0,0,0,0,0,0,4866.66650390625,50000,0,13116.021484375,0,0,0,0,5214.28564453125,0,0,13035.7138671875,6517.85693359375,0,0,10428.5712890625,0,16946.427734375,0,0,9124.99987792969,5214.28564453125,0,0,0,8342.85717773438,0,0,0,0,0,7940.537109375,0,0,0,10499.5830078125,0,0,0,0,5214.28564453125,0,0,0,0,0,0,156.428573608398,0,1520.83337402344,176795.0625,1343.9013671875
"NGA",3,1,"LSMS-ISA2015",2015,5,9,916,1068,0,90081,3,0,0,0,0,0,0,0,0,1246.66666666667,6012.69873046875,0,0,0,0,8690.47591145833,0,8111.111328125,366.666656494141,0,7850.21728515625,0,0,0,0,4419.40758427759,0,0,0,883.881533309274,0,0,3535.5261332371,12374.3416237588,0,6187.17081187942,0,6187.17081187942,2209.7037921388,0,0,7071.05226647419,7071.05226647419,0,0,429.313895808852,0,0,31819.7348274074,1414.21035386145,0,0,4004.49037338769,17500.8549732886,0,0,0,4242.63122256763,1838.91139241596,883.881615578052,0,0,0,0,1626.34207210022,0,0,145977.515625,3263.76049804688
"NGA",3,1,"LSMS-ISA2015",2015,5,9,916,1068,0,90082,4,0,3000,0,0,0,7604.16650390625,0,0,2000,8547.796875,0,0,45625,0,13035.7138671875,0,36500,60833.33203125,0,31578.818359375,0,0,0,0,0,0,0,7821.4287109375,3258.92846679688,0,0,0,45625,0,0,0,6778.57147216797,5214.28564453125,782.142883300781,0,0,19553.5708007813,5474.99993896484,0,0,0,6517.857421875,27659.53515625,7560.71362304688,0,0,8749.65234375,0,0,0,0,9125,7600.46728515625,0,0,0,0,0,0,0,912.5,371359.5,3263.76049804688
"NGA",3,1,"LSMS-ISA2015",2015,5,9,916,1068,0,90083,6,0,2000,0,0,0,608.333333333333,0,0,666.666666666667,86.9047622680664,0,0,0,0,0,0,811.111083984375,0,0,5998.82470703125,0,0,0,0,3041.66666666667,0,0,0,0,0,0,0,5214.28580729167,0,0,0,869.047607421875,1852.44384765625,0,0,0,0,434.523803710938,0,0,0,0,15642.8567708333,3367.23274739583,0,0,0,0,0,8690.47591145833,0,3476.1904296875,3076.64371744792,4046.83020019531,0,0,0,0,0,0,0,59884.0390625,3263.76049804688
"NGA",3,1,"LSMS-ISA2015",2015,5,9,916,1068,0,90084,6,0,2000,0,0,0,1520.83333333333,0,0,833.333333333333,2875.39672851563,0,0,2027.77783203125,0,4345.23795572917,0,4055.5556640625,266.666656494141,0,10782.87109375,0,0,0,0,0,0,0,0,4779.7617594401,0,0,1738.09521484375,13035.7142740885,1216.66666666667,2607.14290364583,869.047607421875,4692.85717773438,0,869.047607421875,2433.33333333333,0,0,4171.4287109375,0,0,8690.47591145833,2896.82552083333,36500,10550.6083984375,0,0,5249.79134114583,0,0,0,0,5214.28580729167,2185.39925130208,434.523803710938,2469.92496744792,0,0,0,3302.38102213542,0,0,142615,3263.76049804688
"NGA",3,1,"LSMS-ISA2015",2015,5,9,916,1068,0,90085,11,0,436.363647460938,0,0,0,553.030317826705,0,0,272.727272727273,2670.56274414063,0,0,0,0,4740.25958806818,0,884.848449707031,181.818176269531,0,732.655395507813,0,0,0,476.260636546084,952.521273092168,0,0,0,714.390977153297,0,0,952.521273092168,476.260636546084,0,2381.30318245128,0,714.390954679557,952.521273092168,0,0,0,2381.30318245128,476.260636546084,0,0,0,0,10001.4735014728,7375.80306117744,0,1428.78195430659,0,0,0,0,0,0,0,1302.54421302895,0,0,0,0,1352.58027982421,0,0,42411.17578125,3263.76049804688
"NGA",3,1,"LSMS-ISA2015",2015,5,9,916,1068,0,90086,5,0,2400,0,0,0,1703.3333984375,0,0,0,608.571411132813,0,0,3650,0,0,0,9733.333984375,200,0,20509.3203125,0,0,0,0,2196.11748927121,0,0,0,219.611759282202,0,0,0,7686.41130617578,0,219.611759282202,0,2196.11748927121,1372.57340343316,0,0,0,2415.7293511218,3843.20560425977,0,0,0,0,23059.2340128403,1555.84103331807,0,0,10815.0250473505,0,20018.4554408034,0,0,4392.23497854242,1647.08817167609,1098.05879739344,0,0,1197.88235106273,0,0,0,0,122737.765625,3263.76049804688
"NGA",3,1,"LSMS-ISA2015",2015,5,9,916,1068,0,90087,6,0,2000,0,0,0,2027.77783203125,0,0,66.6666666666667,420.238128662109,0,0,4055.5556640625,0,0,0,6083.33349609375,11138.8876953125,0,6801.83935546875,0,0,0,0,3476.1904296875,0,0,0,0,0,0,0,12166.6666666667,3041.66666666667,434.523803710938,0,4692.85713704427,1042.85717773438,10428.5716145833,4692.85717773438,10428.5716145833,3041.66670735677,1477.38098144531,0,0,0,0,20857.1432291667,3071.0703125,0,0,0,0,0,0,0,5909.5234375,0,0,0,0,0,1390.47623697917,2172.619140625,0,2838.88891601563,123757.828125,3263.76049804688
"NGA",3,1,"LSMS-ISA2015",2015,5,9,916,1068,0,90088,2,608.333312988281,6000,0,0,0,3650,0,0,1500,912.5,0,0,0,0,0,0,5475,0,0,5344.701171875,0,0,0,0,2607.14282226563,10428.5712890625,0,0,0,0,0,0,15642.857421875,0,5214.28564453125,0,14078.5712890625,5214.28564453125,0,0,0,7821.4287109375,521.428588867188,0,0,0,0,0,7821.42797851563,0,0,0,0,0,0,0,0,1629.46423339844,0,0,0,0,0,0,0,1825,96295,3263.76049804688
"NGA",3,1,"LSMS-ISA2015",2015,5,9,916,1068,0,90089,3,0,4000,0,0,0,2595.55550130208,0,0,0,8970.5556640625,0,0,28388.8880208333,0,0,0,19466.666015625,18833.333984375,0,42894.53125,0,0,0,0,0,0,0,0,2954.76196289063,0,0,0,20857.1432291667,0,0,0,7821.42846679688,0,0,0,0,8690.47591145833,0,0,0,0,17380.953125,26071.4296875,17380.9518229167,0,0,0,0,0,8690.47591145833,0,9733.33203125,0,1490.41666666667,18524.4375,0,0,0,1494.76196289063,0,0,266240.125,3263.76049804688
"NGA",3,1,"LSMS-ISA2015",2015,5,9,916,1068,0,90090,3,0,4000,0,0,0,2433.33333333333,0,0,800,2433.33325195313,0,0,0,0,0,0,28388.888671875,46000,0,16247.75,0,0,0,0,0,0,0,0,905.042732975876,0,0,0,0,0,0,3620.1709319035,1810.08546595175,8145.38452137126,0,0,0,0,0,0,0,0,6536.23614457356,16290.7690427425,1448.06827033028,0,0,17009.1692170298,0,14299.674810251,20401.9117625925,57440.0426643788,3378.82613482253,452.521366487938,2090.04913336131,0,1143.21191539377,5406.12189991968,0,760.235905942848,0,0,261440.796875,3263.76049804688
"NGA",3,1,"LSMS-ISA2015",2015,5,9,918,834,0,90091,6,0,0,0,0,0,141.944447835286,0,0,1000,86.9047622680664,0,0,0,0,0,0,1622.22216796875,1166.66662597656,0,874.466491699219,0,0,0,0,10459.7315709215,0,0,0,3137.91927501924,0,0,4358.22127034524,1743.2885407689,0,0,0,2614.93285204028,1307.46644636519,522.986586723461,0,871.644270384452,0,2179.11067586272,0,0,0,0,26149.3295783455,3486.57675522971,0,0,0,0,0,0,0,8716.44286621131,1634.33309864659,871.644351961477,0,0,0,0,2885.47158592796,0,0,75831.3046875,1535.88732910156
"NGA",3,1,"LSMS-ISA2015",2015,5,9,918,834,0,90092,8,0,0,0,0,0,228.125,0,0,4550,3184.07739257813,0,0,7300,0,10428.5712890625,0,10950,6083.33349609375,0,3764.61840820313,0,0,0,0,0,0,0,0,0,1955.35717773438,0,7169.64282226563,3910.71435546875,0,6191.96417236328,325.892852783203,8147.32153320313,7821.4287109375,0,2737.5,11732.142578125,17728.5710449219,5540.17858886719,0,0,3258.92846679688,6952.38134765625,0,3128.57141113281,0,0,0,7039.28564453125,0,0,2672.32147216797,5475,5724.85107421875,399.218780517578,0,411.654144287109,651.785705566406,0,821.25,0,380.208343505859,156664.90625,1535.88732910156
"NGA",3,1,"LSMS-ISA2015",2015,5,9,918,834,0,90093,4,0,0,0,0,0,1064.58337402344,0,0,0,230.357147216797,0,0,0,0,0,0,912.5,750,0,2287.025390625,0,0,0,0,0,0,0,0,0,0,0,3910.71435546875,7169.64282226563,0,0,0,1042.85717773438,0,782.142883300781,0,0,2607.14282226563,2607.14282226563,0,0,2607.142578125,2607.14282226563,41489.30078125,5214.28564453125,0,0,0,0,0,0,0,2607.14282226563,8147.3212890625,8864.28564453125,0,0,0,0,4315.3134765625,0,0,99216.046875,1535.88732910156
"NGA",3,1,"LSMS-ISA2015",2015,5,9,918,834,0,90094,4,0,0,0,0,0,0,0,0,1000,908.333312988281,0,0,0,0,0,0,0,0,0,1099.13659667969,0,0,0,761.29639440959,761.29639440959,0,0,0,0,0,0,0,0,0,3349.70416205679,0,913.555677589078,609.03714174768,0,0,0,761.29639440959,609.03714174768,0,0,0,0,0,8263.03620591012,0,0,0,0,0,0,0,0,0,761.29639440959,0,0,0,0,60.903711773078,0,0,19857.9296875,1535.88732910156
"NGA",3,1,"LSMS-ISA2015",2015,5,9,918,834,0,90095,1,0,0,0,0,0,0,0,0,6000,5284.52392578125,0,0,0,0,62571.4296875,0,36500,1000,5214.28564453125,5768.623046875,0,0,0,0,15642.857421875,0,0,0,7821.4287109375,0,0,0,10428.5712890625,4171.4287109375,13035.7138671875,521.428588867188,521.428588867188,10428.5712890625,0,0,10428.5712890625,10428.5712890625,7821.4287109375,0,0,0,0,62253.80859375,28297.671875,0,0,0,0,0,0,0,3128.5712890625,0,7821.42895507813,0,0,0,0,417.142860412598,0,0,315507.5,1535.88732910156
"NGA",3,1,"LSMS-ISA2015",2015,5,9,918,834,0,90096,2,0,0,0,0,0,0,0,0,2800,693.333312988281,0,0,4258.33349609375,0,0,0,0,400,0,6332.5576171875,0,0,0,0,2816.20943601272,0,2816.20943601272,0,1126.48383067218,0,0,5632.41887202545,5632.41887202545,1408.10471800636,0,1689.72573980913,3661.07231831556,2816.20943601272,563.24191533609,6758.90295923653,0,4224.31415401908,3661.07237935072,615.952860996804,0,0,0,47804.0842306544,0,0,0,0,50691.769459134,0,0,0,20276.7083894283,0,17130.3424709466,0,0,0,0,0,0,0,193809.453125,1535.88732910156
"NGA",3,1,"LSMS-ISA2015",2015,5,9,918,834,0,90097,5,0,0,0,0,0,0,0,0,0,208.571441650391,0,0,2433.3333984375,0,0,0,2433.33349609375,240,0,1593.09680175781,0,0,0,0,2268.88190419074,0,0,0,0,0,0,0,1134.44095209537,0,0,0,1020.99688454918,0,0,0,0,1701.66143627515,567.220476047684,0,0,0,0,7221.26350854165,0,0,0,0,0,0,0,0,3993.2321442095,1418.0511697712,2268.88213203165,0,0,0,5445.31641380776,0,0,0,33948.28515625,1535.88732910156
"NGA",3,1,"LSMS-ISA2015",2015,5,9,918,0,0,90098,1,0,0,0,0,0,0,0,0,0,0,0,0,0,0,0,0,0,0,0,7101.78955078125,0,0,0,0,3142.67535319107,0,0,0,0,0,0,0,0,0,0,0,0,0,0,0,0,0,0,0,0,0,0,78566.88456689,9590.32204424432,0,0,0,0,0,0,0,2933.16356557229,0,3387.58464745865,0,0,0,0,14626.4870157734,0,0,119348.90625,1535.88732910156
"NGA",3,1,"LSMS-ISA2015",2015,5,9,918,834,0,90099,3,0,0,0,0,0,0,0,0,400,1955.95251464844,0,0,0,0,0,0,0,2000,0,2015.24157714844,0,0,0,0,2286.17703654668,0,1143.08851827334,0,0,0,0,0,0,0,5944.06035391698,0,2286.17716826434,0,0,0,0,0,2286.17703654668,0,0,0,0,0,12406.9704411902,0,0,0,0,0,0,0,0,0,1143.08841172441,0,0,0,0,685.85310480797,0,0,34552.78515625,1535.88732910156
"NGA",3,1,"LSMS-ISA2015",2015,5,9,918,834,0,90100,6,0,0,0,0,0,0,0,0,8833.33333333333,3609.72192382813,0,0,8111.111328125,0,29547.6197916667,0,8922.2216796875,3166.66674804688,0,4000,0,0,0,0,0,0,0,0,3302.3809000651,0,0,0,0,0,0,0,0,0,0,8690.47623697917,0,32589.2846679688,0,0,0,289.682535807292,6952.380859375,1843.96907552083,695.238118489583,0,0,0,3285,13759.9202473958,2607.14290364583,0,5202.69840494792,1086.30948893229,5476.09952799479,7500.35221354167,182.957397460938,0,3476.1904296875,3927.72642008464,0,5170.83349609375,172229.3125,1535.88732910156
"NGA",3,1,"LSMS-ISA2015",2015,5,9,905,978,0,90101,5,0,3600,0,0,0,973.33330078125,0,0,0,2903.33349609375,0,0,0,0,1251.42861328125,0,2433.33349609375,1000,0,1084.28601074219,0,0,0,0,2916.19668220575,0,0,0,0,0,0,0,1458.09834110287,0,4520.10466151349,0,2916.19668220575,0,0,0,0,0,0,0,0,0,0,0,0,0,0,0,0,0,0,0,2758.99532876904,0,802.11265170431,0,0,0,0,874.859002650157,0,1581.66674804688,31073.943359375,1823.8662109375
"NGA",3,1,"LSMS-ISA2015",2015,5,9,905,978,0,90102,8,0,4500,0,0,0,912.5,0,0,1050,1196.22021484375,0,0,0,0,1955.35717773438,0,8364.5830078125,0,0,5658.1455078125,0,0,0,0,2054.66677302051,0,3424.4444451173,0,0,0,0,0,6848.88889023459,0,2739.5556090689,0,2808.04455589927,0,0,0,0,1712.22222255865,4999.68893207903,0,0,0,0,20859.5609832064,1925.86385653942,0,0,0,0,0,0,0,2038.61466618249,1284.1667636554,1027.33335599268,0,0,0,0,5855.14265217332,0,532.291687011719,81747.296875,1823.8662109375
"NGA",3,1,"LSMS-ISA2015",2015,1,25,2503,0,0,90103,9,0,0,0,0,0,270.370361328125,0,0,3366.66666666667,2414.02124023438,0,0,4055.55555555556,0,0,0,7435.18505859375,0,0,965.038208007813,0,13904.7621527778,0,4055.55555555556,20277.7777777778,2607.14279513889,5214.28580729167,0,4345.23809136285,0,0,0,6952.38075086806,11471.4290364583,9733.33355034722,579.365071614583,4924.60310872396,2896.82530381944,1042.85709635417,695.238118489583,0,13209.523586697,4519.04747178819,0,0,0,0,0,0,0,0,0,0,0,0,0,1969.84114583333,0,0,0,0,0,0,4030.611328125,0,337.962982177734,131274.609375,1823.8662109375
"NGA",3,1,"LSMS-ISA2015",2015,5,9,905,978,0,90104,7,86.9047622680664,0,0,0,0,0,0,0,1285.71428571429,1992.85717773438,0,0,1738.09528459821,0,3724.48967633929,0,10428.5712890625,4916.66650390625,0,3424.48217773438,0,0,0,0,2234.69391741071,0,2905.10198102679,0,446.938790457589,0,0,744.89794921875,1117.34692382813,0,744.89794921875,2607.14278738839,4171.42850167411,1489.7958984375,74.4897984095982,0,0,15344.8974958147,0,0,0,6704.08147321429,0,4446.70061383929,0,0,0,7499.70256696429,13408.1629464286,0,0,0,5934.35358537946,0,1079.14718191964,0,0,0,0,6081.50622558594,0,0,104633.0703125,1823.8662109375
"NGA",3,1,"LSMS-ISA2015",2015,5,9,905,978,0,90105,1,0,0,0,0,0,0,0,0,0,1825,0,0,0,0,0,0,0,0,0,5421.43017578125,0,0,0,0,0,0,0,0,0,0,0,0,0,0,0,0,0,0,0,0,0,0,0,0,0,0,10428.5718139811,46928.5726746336,10202.9897713765,0,0,0,0,0,8545.63421920406,0,14773.8103139472,0,11015.1792653828,7409.77527531225,0,0,0,25898.9334020027,0,0,142449.890625,1823.8662109375
"NGA",3,1,"LSMS-ISA2015",2015,5,9,905,978,0,90106,6,0,6300,0,0,0,608.333333333333,0,0,5833.33333333333,5340.47607421875,0,0,1013.88891601563,0,0,0,8111.111328125,1000,0,11787.1298828125,0,0,0,0,4014.6402275897,0,3010.98028529856,0,2308.4182048044,1003.66005689742,8029.2804551794,12043.9211411943,5018.30021418228,2007.32011379485,3412.44441900422,1003.66005689742,8230.01270694336,3010.98028529856,0,5018.30021418228,6021.96057059713,1003.66005689742,2709.88221463407,0,0,0,0,8518.37393096295,5446.81383115917,0,0,0,0,0,0,0,1505.49014264928,3118.07023284408,2230.25242189124,0,0,0,0,0,0,0,128660.703125,1823.8662109375
"NGA",3,1,"LSMS-ISA2015",2015,5,9,905,978,0,90107,7,0,857.142883300781,0,0,0,260.714285714286,0,0,1457.14285714286,2468.06127929688,0,0,347.619035993304,0,0,0,1738.09533691406,657.142883300781,0,9064.439453125,0,0,0,1340.81626674107,744.89794921875,0,2234.69391741071,0,2234.69381277902,0,8938.77566964286,4469.38783482143,1489.7958984375,0,2979.59183175223,744.89794921875,6704.08164760045,744.89794921875,0,3128.57142857143,3873.46944754464,2607.14289202009,2234.69381277902,0,0,0,0,6322.1796875,0,0,0,0,0,13580.0625,0,347.619035993304,8640.81612723214,2314.17410714286,2037.25111607143,0,0,0,0,1910.44866071429,0,0,96473.296875,1823.8662109375
"NGA",3,1,"LSMS-ISA2015",2015,5,9,905,978,0,90108,7,0,26071.427734375,0,0,0,0,0,0,0,171.428573608398,0,0,0,0,0,0,4866.6669921875,485.714294433594,0,565.472717285156,0,0,0,0,0,0,0,0,297.959193638393,0,0,0,0,0,0,0,372.448974609375,0,0,0,0,17877.5513392857,0,0,0,1241.49651227679,0,0,893.877511160714,0,0,0,0,0,931.122419084821,0,1564.28564453125,0,744.89794921875,0,0,0,0,297.959193638393,0,0,56382.30859375,1823.8662109375
"NGA",3,1,"LSMS-ISA2015",2015,5,9,911,0,0,90109,5,4866.6669921875,1680,0,0,0,365,0,0,2920,1320.95239257813,0,0,16546.6671875,0,0,0,4866.6669921875,0,0,4800,0,0,0,0,0,0,0,0,2085.7142578125,5214.285546875,0,0,4171.428515625,0,1042.85712890625,521.428564453125,730,1042.85712890625,0,0,0,14078.5716308594,0,0,0,0,1089.69453125,9385.7140625,3830.663671875,0,0,0,0,0,0,0,4380,0,1071.93685302734,0,0,0,0,3246.32273864746,0,0,89257.4296875,1823.8662109375
"NGA",3,1,"LSMS-ISA2015",2015,5,9,905,978,0,90110,5,0,1200,0,0,0,0,0,0,0,365,0,0,0,0,0,0,1946.66662597656,7400,0,1162.69799804688,0,0,0,0,4372.04546925678,0,0,0,0,0,0,0,2186.02273462839,0,0,0,546.505683657097,0,0,0,0,0,0,0,0,1457.34849169242,0,0,3279.03400428633,0,0,10334.6999444011,0,0,0,0,6590.29778279327,0,2890.5541466684,0,0,0,0,2393.48492001785,0,0,46124.359375,1823.8662109375
"NGA",3,1,"LSMS-ISA2015",2015,5,9,914,1746,0,90112,9,0,1333.33337402344,0,0,0,608.333333333333,0,0,1333.33333333333,409.603179931641,0,0,2027.77777777778,0,0,0,12166.6669921875,666.666687011719,0,9700.8046875,0,0,0,0,5793.65060763889,3476.19053819444,2896.82530381944,0,0,0,0,0,13904.7621527778,1911.90473090278,2317.46028645833,0,3447.22216796875,2896.82530381944,0,0,0,12282.5393337674,3939.68252224392,0,0,0,0,0,0,0,0,4666.48133680556,0,0,0,0,0,0,4026.58745659722,0,0,0,0,0,0,0,89806.640625,4373.01220703125
"NGA",3,1,"LSMS-ISA2015",2015,5,9,914,1746,0,90113,11,0,1636.36364746094,0,0,0,0,0,0,454.545454545455,14261.9697265625,0,0,0,0,0,0,4070.30322265625,3636.36352539063,0,3967.43432617188,0,0,0,1896.10387073864,1303.57146661932,0,2844.15589488636,0,616.233753551136,0,0,1896.10387073864,2844.15589488636,0,2844.15580610795,0,1564.28570001776,829.545454545455,474.025967684659,0,948.051935369318,4408.44158380682,1896.10387073864,0,0,0,0,0,0,0,0,4482.03586647727,0,0,0,0,2717.74884588068,1432.73020241477,639.649591619318,0,0,0,0,474.025989879261,0,0,62138.10546875,4373.01220703125
"NGA",3,1,"LSMS-ISA2015",2015,5,9,914,1746,0,90114,5,0,0,0,0,0,2433.3333984375,0,0,0,2173.33325195313,0,0,0,0,5214.285546875,0,2433.33349609375,600,0,3258.52294921875,0,0,0,0,0,0,0,0,1059.3122879199,0,0,0,4766.90529633614,0,529.656143959949,0,1588.96843396964,0,0,0,0,529.656143959949,3177.93696559552,0,0,0,1765.52058077353,0,5941.16472757288,0,0,0,0,0,0,0,2824.83276964399,0,1582.58712789009,0,0,0,0,308.805582990312,0,0,40188.15625,4373.01220703125
"NGA",3,1,"LSMS-ISA2015",2015,5,9,914,1746,0,90115,6,0,0,0,0,0,1216.66666666667,0,0,0,1144.44445800781,0,0,0,0,3476.1904296875,0,0,0,0,12148.171875,0,0,0,0,1042.85717773438,0,4345.23795572917,0,0,0,0,0,6083.33341471354,0,0,0,1390.47621663411,869.047607421875,0,0,0,2607.14290364583,869.047607421875,0,0,0,0,0,2010.28824869792,0,0,10499.5826822917,23464.2864583333,0,0,0,4769.57771809896,910.5830078125,1371.62943522135,0,0,0,2317.46028645833,2013.51239522298,0,0,82549.53125,4373.01220703125
"NGA",3,1,"LSMS-ISA2015",2015,5,9,914,1746,0,90116,7,0,0,0,0,0,0,0,0,3542.85714285714,245.918365478516,0,0,0,0,0,0,3476.19067382813,1000,0,1465.81713867188,0,0,0,0,4214.70046260178,0,0,0,2950.29039219413,0,0,5479.11049467824,0,6743.52080577256,842.94010072157,0,1011.52813359101,0,0,0,0,0,252.88204451276,0,0,0,0,7586.46090381925,1685.88006193421,0,0,3320.92157535958,0,0,0,1264.41020033378,1685.88020144314,0,7194.44297484541,0,0,0,0,0,0,0,53963.75,4373.01220703125
"NGA",3,1,"LSMS-ISA2015",2015,5,9,914,1746,0,90117,1,0,0,0,0,0,0,0,0,0,0,0,0,0,0,0,0,0,1000,0,10875.4462890625,0,0,0,0,5214.28564453125,0,0,0,0,0,0,0,0,0,0,0,0,0,0,0,0,5214.28564453125,0,0,0,0,0,0,3811.50634765625,0,0,0,0,0,7203.8935546875,0,5214.28564453125,267920.53125,2555.00024414063,0,0,0,4171.4287109375,208.571426391602,0,0,313389.21875,4373.01220703125
"NGA",3,1,"LSMS-ISA2015",2015,5,9,914,1746,0,90118,8,0,3750,0,0,0,1216.66662597656,0,0,487.5,7532.142578125,0,0,4562.5,0,0,0,5018.75,875,0,1905.52465820313,0,0,0,0,0,0,0,0,0,2281.25,0,1955.35717773438,3910.71435546875,0,1303.57141113281,3258.92858886719,3910.71429443359,2281.25,0,0,1173.21423339844,13687.4999389648,1303.57144165039,0,0,0,0,13829.767578125,4688.24340820313,0,0,2824.61596679688,0,0,0,0,3258.92846679688,1360.24829101563,0,0,0,0,0,0,0,1064.58337402344,87440.5390625,4373.01220703125
"NGA",3,1,"LSMS-ISA2015",2015,5,9,907,0,0,90119,3,0,0,0,0,0,1013.88891601563,0,0,4333.33333333333,0,0,0,20277.77734375,0,0,0,4866.66650390625,0,0,2800,0,0,0,0,0,0,0,0,1738.09521484375,0,0,5214.28580729167,8690.47591145833,0,0,0,2607.14290364583,0,0,0,0,15642.857421875,2607.14290364583,0,0,0,1816.15755208333,0,9865.52604166667,0,0,0,0,0,0,0,1703.33333333333,0,1142.39135742188,0,0,0,0,7231.75650787354,0,0,91550.8359375,4373.01220703125
"NGA",3,1,"LSMS-ISA2015",2015,5,9,914,1746,0,90120,10,0,0,0,0,0,0,0,0,400,2056.66674804688,0,0,0,0,6257.14296875,0,5840,1200,0,1614.94458007813,0,0,0,0,0,0,3128.571484375,0,0,0,0,13035.7140625,0,0,1824.99997558594,0,521.428564453125,0,365,0,0,1668.571484375,1407.85717773438,0,0,0,0,0,0,0,0,0,0,0,0,0,1574.71423339844,0,1261.71584472656,1852.44375,0,0,0,1428.71434326172,0,0,45438.48828125,4373.01220703125
"NGA",3,1,"LSMS-ISA2015",2015,5,9,913,2266,0,90121,7,0,0,0,0,0,1042.85714285714,0,0,600,1464.96594238281,0,0,2085.71428571429,0,0,0,2085.71435546875,0,0,1757.830078125,0,0,0,0,2979.591796875,0,744.89794921875,0,0,0,0,5959.18359375,1862.24483816964,0,1117.34692382813,0,0,1489.7958984375,0,0,0,0,0,0,0,0,0,17786.8024553571,0,0,0,2641.19949776786,0,0,0,0,1291.15625,0,2628.09875488281,0,0,0,0,4047.13590785435,0,0,51584.53125,2111.84497070313
"NGA",3,1,"LSMS-ISA2015",2015,5,9,913,2266,0,90122,6,0,0,0,0,0,0,0,0,566.666666666667,770.555603027344,0,0,0,0,5214.28580729167,0,0,0,0,1468.12097167969,0,0,0,0,0,0,0,0,207.022375590654,0,0,0,3622.89149290234,0,0,0,3001.82435160294,0,621.067134035682,0,0,0,1759.69017943923,0,0,0,3450.3729633226,3105.33563675202,4010.66917549654,0,0,0,0,0,0,0,2070.22367452633,1940.83479186896,517.555966585407,0,0,0,0,0,0,0,32327.115234375,2111.84497070313
"NGA",3,1,"LSMS-ISA2015",2015,4,11,1107,0,0,90123,7,0,0,0,0,0,0,0,0,200,319.727874755859,0,0,0,0,0,0,0,0,0,1210.82299804688,0,0,0,0,446.938790457589,0,0,0,0,0,0,0,0,0,0,0,744.89794921875,0,0,0,0,0,372.448974609375,0,0,0,0,2979.59207589286,1489.79575892857,0,0,744.89794921875,0,0,0,0,1042.85714285714,759.599818638393,372.449009486607,0,0,0,0,0,0,52.1428565979004,10736.1708984375,2111.84497070313
"NGA",3,1,"LSMS-ISA2015",2015,5,9,913,2266,0,90124,15,0,0,0,0,0,689.444466145833,0,0,0,338.96826171875,0,0,0,0,0,0,811.111145019531,226.66667175293,0,1596.03393554688,0,0,0,0,2170.44238046023,0,0,0,0,0,0,0,2170.44238046023,0,904.3509474346,361.740386403202,506.436546555954,1085.22119023011,0,0,0,0,1808.70195997337,0,0,0,0,0,2657.51792575717,0,0,5424.00832401659,0,0,0,0,2688.00925926589,0,1141.8793208394,0,0,0,0,144.69616091854,0,324.444427490234,25050.115234375,2111.84497070313
"NGA",3,1,"LSMS-ISA2015",2015,5,9,913,2266,0,90125,1,0,0,0,0,0,4258.33349609375,0,0,0,2746.4287109375,0,0,0,0,0,0,0,2400,0,5348.34423828125,0,0,0,0,0,0,0,0,0,0,0,0,10428.5712890625,0,2607.14282226563,0,2867.85711669922,0,0,0,0,0,1042.85717773438,0,0,3476.1904296875,10428.5712890625,0,19153.318359375,0,0,24499.02734375,0,0,0,0,10428.5712890625,14661.5170898438,5214.28588867188,7409.77490234375,0,0,0,22368.2844543457,0,0,149339.046875,2111.84497070313
"NGA",3,1,"LSMS-ISA2015",2015,5,9,913,2266,0,90126,10,0,0,0,0,0,3163.3333984375,0,0,1560,52.1428604125977,0,0,10950,0,0,0,1946.66662597656,1300,0,633.213745117188,0,0,0,0,2418.66057091632,0,3455.22946084381,0,1151.74312106252,1727.6147304219,0,5758.71548243266,2879.35774121633,0,4319.03672209259,287.93578026563,1266.91746246565,2764.18360773755,0,0,0,0,1439.67887060816,0,0,1343.70024226236,0,34376.9045175075,0,0,0,7001.7863997096,0,0,0,0,714.080749422577,0,575.871609359384,0,0,0,0,138.209177472527,0,0,91224.9765625,2111.84497070313
"NGA",3,1,"LSMS-ISA2015",2015,5,9,913,2266,0,90127,6,0,0,0,0,0,1013.88891601563,0,0,900,675.277770996094,0,0,0,0,0,0,1825,1000,0,651.146728515625,0,0,0,0,0,0,0,0,0,0,0,0,5214.28580729167,0,0,0,869.047607421875,0,0,0,0,0,608.333333333333,0,0,0,6668.54622395833,2607.14290364583,2552.66398111979,0,0,0,0,0,0,0,1738.09521484375,869.047607421875,4528.80688476563,0,0,0,0,0,0,506.944458007813,32228.2265625,2111.84497070313
"NGA",3,1,"LSMS-ISA2015",2015,5,9,913,2266,0,90128,8,0,0,0,0,0,912.5,0,0,0,1042.85717773438,0,0,1825,0,1303.57141113281,0,2737.5,162.5,0,709.372741699219,0,0,0,0,0,0,651.785705566406,0,0,0,0,0,2933.03564453125,0,651.785705566406,0,1303.57141113281,0,0,0,0,1303.57141113281,0,0,0,0,5214.28564453125,3910.71435546875,0,0,0,0,0,0,0,0,1477.38098144531,0,1217.20986938477,2083.9990234375,831.541366577148,0,0,3080.77392578125,0,0,33352.95703125,2111.84497070313
"NGA",3,1,"LSMS-ISA2015",2015,5,9,913,2266,0,90129,15,0,0,0,0,0,0,0,0,0,152.412689208984,0,0,0,0,0,0,1622.22229003906,13.3333330154419,0,11926.1923828125,0,0,0,0,0,0,0,0,1093.12788319895,0,0,3643.75943074799,728.751897279214,0,364.375948639607,0,1093.12784591882,1093.12788319895,0,0,0,182.187974319803,182.187974319803,0,0,0,4858.34625488621,34791.4284641356,0,0,0,3643.75969116465,9838.15106008668,0,36801.972638238,0,2186.25576639789,1955.94612542412,2998.4191766097,0,0,0,0,4936.94441814202,0,0,124106.03125,2111.84497070313
"NGA",3,1,"LSMS-ISA2015",2015,5,9,913,2266,0,90130,6,0,0,0,0,0,0,0,0,0,50,0,0,0,0,0,0,0,0,0,903.571716308594,0,0,0,0,0,0,0,0,0,0,0,0,1738.09521484375,0,2172.61901855469,0,955.952392578125,0,0,0,0,0,347.619059244792,0,0,0,2896.82552083333,15642.8567708333,2607.14290364583,0,0,0,0,0,2401.2978515625,0,0,0,1005.16349283854,0,0,0,0,6574.09505208333,0,0,37295.23828125,2111.84497070313
"NGA",3,1,"LSMS-ISA2015",2015,5,10,1014,80,0,100001,1,0,12000,0,0,0,6083.33349609375,0,0,0,1129.76196289063,0,0,73000,0,0,0,73000,0,0,73891.90625,0,0,0,0,41714.28515625,0,0,0,15642.857421875,0,0,41714.28515625,0,0,20857.142578125,0,31285.7138671875,13035.7138671875,0,21900,31285.71484375,182500,1564.28576660156,0,0,0,12138.76171875,0,8680.935546875,0,0,0,0,0,0,0,0,0,0,0,0,0,0,0,0,0,661424.625,1516.68615722656
"NGA",3,1,"LSMS-ISA2015",2015,5,10,1014,80,0,100002,5,0,0,0,0,0,5976.266796875,866.26669921875,0,2400,1102.28576660156,0,0,0,0,1564.2857421875,0,14600,0,0,39000.21484375,0,0,0,0,6257.14296875,0,0,0,1042.85712890625,0,0,14078.571875,4171.428515625,6257.14296875,3754.285546875,0,9907.1427734375,6257.14296875,1564.2857421875,0,0,1042.85712890625,1564.28576660156,0,0,156428.5875,0,52781.54375,1714.92490234375,0,3.27608108520508,414.075634765625,0,12674.72578125,0,2753.1427734375,2113.523828125,1042.85712890625,603.098095703125,1425.58076171875,0,0,0,0,0,486.666656494141,353848.5,1516.68615722656
"NGA",3,1,"LSMS-ISA2015",2015,5,10,1014,80,0,100003,4,0,1500,0,0,0,608.333312988281,0,0,0,260.714294433594,0,0,0,0,15642.857421875,0,9125,0,0,6558.0107421875,0,0,0,0,10428.5712890625,0,0,0,130.357147216797,0,0,13035.7138671875,3910.71435546875,2150.89282226563,5214.28564453125,0,5605.35723876953,2607.14282226563,0,4432.14294433594,0,1694.64291381836,260.714294433594,0,0,0,3641.62841796875,0,8707.6474609375,0,0,0,0,0,0,0,0,0,2263.75454711914,0,0,0,0,5177.50805664063,0,0,102955.9921875,1516.68615722656
"NGA",3,1,"LSMS-ISA2015",2015,5,10,1014,80,0,100004,7,4171.4287109375,0,0,0,0,4258.33342633929,608.333356584821,0,7828.57142857143,20095.44140625,0,0,5214.28571428571,0,1117.34695870536,8690.47600446429,34761.90234375,10976.189453125,0,14208.6025390625,0,0,0,8193.87779017857,44693.8794642857,0,3724.48981584821,9683.67299107143,7448.97935267857,5959.18359375,0,20857.1428571429,5959.18359375,3575.51032366071,5214.28557477679,0,15642.8570731027,4469.38783482143,1117.34695870536,8640.81626674107,7448.97935267857,63912.2449776786,13408.1629464286,0,0,1027.70675223214,13067.9017857143,0,0,2356.76227678571,0,295.768310546875,0,0,0,0,1946.66664341518,19739.7938058036,0,1018.27197265625,0,0,7448.97935267857,1489.7958984375,0,869.047607421875,391141.625,1516.68615722656
"NGA",3,1,"LSMS-ISA2015",2015,5,10,1014,80,0,100005,7,0,942.857116699219,0,0,0,2780.95228794643,0,0,2142.85714285714,148.979598999023,0,0,7647.61886160714,0,8938.77566964286,0,6952.38134765625,0,0,5142.85693359375,0,0,0,0,17877.5513392857,0,0,0,5214.28571428571,0,0,5959.18359375,45438.7762276786,1117.34695870536,5363.26548549107,0,5214.28564453125,2979.591796875,372.448974609375,7076.53079659598,0,10130.6118861607,4916.32657296317,0,0,0,9017.36551339286,0,14063.4475446429,0,0,0,0,0,0,0,0,0,430.784354073661,0,0,0,0,0,0,5214.28564453125,175083.375,1516.68615722656
"NGA",3,1,"LSMS-ISA2015",2015,5,10,1014,80,0,100006,1,6083.33349609375,0,0,0,0,3893.33325195313,0,0,6000,14381.4287109375,0,0,121666.6640625,0,0,0,3650,16966.66796875,0,2000,0,0,0,0,20857.142578125,20857.142578125,4171.4287109375,0,10428.5712890625,0,0,62571.4296875,0,0,10428.5712890625,0,12514.2854003906,15642.857421875,0,0,0,119928.572265625,9907.14282226563,0,0,0,0,0,0,0,0,0,0,0,0,0,0,0,0,0,0,0,0,0,0,24333.333984375,486281.96875,1516.68615722656
"NGA",3,1,"LSMS-ISA2015",2015,5,10,1014,80,0,100007,8,0,0,0,0,0,1748.95837402344,0,0,2025,2903.5712890625,0,0,6083.33349609375,0,0,0,1368.75,1625,0,1375.75183105469,0,0,0,0,9125,0,0,0,0,0,0,4562.5,4562.5,0,0,0,4236.60708618164,1955.35717773438,0,0,0,1955.35717773438,3258.92846679688,0,0,0,0,11058.52734375,9844.4140625,0,0,517.594543457031,0,0,0,0,1738.09521484375,0,0,0,0,0,0,0,0,0,69945.2421875,1516.68615722656
"NGA",3,1,"LSMS-ISA2015",2015,5,10,1014,80,0,100008,4,0,3000,0,0,0,3041.66674804688,0,0,0,999.40478515625,0,0,15208.3330078125,0,0,0,18250,0,0,77530.71875,0,0,0,0,130357.140625,0,0,0,7821.4287109375,0,0,26071.427734375,10428.5712890625,13166.0708007813,5214.28564453125,0,23725.0001220703,6517.85693359375,0,25680.3569335938,0,0,391.071441650391,0,0,0,0,16587.791015625,13061.470703125,0,0,0,0,0,0,0,0,0,0,0,0,0,0,1977.83251953125,0,0,399030.4375,1516.68615722656
"NGA",3,1,"LSMS-ISA2015",2015,5,10,1014,80,0,100009,1,0,0,0,0,0,3650,0,0,0,17059.5234375,0,0,0,0,78214.2890625,0,7300,3600,0,7577.1025390625,0,0,0,0,18250,0,0,0,0,0,0,62571.4296875,0,0,10950,0,17728.5710449219,18250,0,0,0,52142.8564453125,10428.5715332031,0,0,0,0,0,9844.4140625,0,0,0,0,0,0,0,0,0,0,0,0,0,0,0,0,0,317566.75,1516.68615722656
"NGA",3,1,"LSMS-ISA2015",2015,5,10,1001,172,0,100011,4,3041.66674804688,0,0,0,0,1216.66662597656,0,0,0,130.357147216797,0,0,0,0,3910.71435546875,0,0,0,0,2649.4560546875,0,0,0,0,5866.0712890625,0,3910.71435546875,0,2607.14282226563,0,0,0,3258.92846679688,0,5735.71435546875,0,1564.28576660156,2607.14282226563,0,0,0,0,5475.00012207031,0,0,0,0,0,2170.23388671875,0,0,5175.94580078125,0,0,0,0,0,1356.037109375,4033.70684814453,0,0,0,0,0,0,0,54709.7890625,5055.62060546875
"NGA",3,1,"LSMS-ISA2015",2015,5,10,1001,172,0,100013,3,0,2000,0,0,0,2838.88899739583,0,0,0,347.619049072266,0,0,0,0,10428.5716145833,0,15005.5546875,0,0,7074.67236328125,0,0,0,0,6083.33333333333,0,0,0,0,0,0,0,0,3128.5712890625,3823.8095703125,0,4519.04768880208,0,0,0,0,9733.3330078125,7821.42862955729,0,0,0,0,0,5805.09830729167,0,0,0,0,0,0,0,6952.380859375,7821.42903645833,16406.8619384766,3431.3046875,0,0,0,0,0,0,113221.90625,5055.62060546875
"NGA",3,1,"LSMS-ISA2015",2015,5,10,1001,172,0,100014,4,3041.66674804688,0,0,0,0,1825,0,0,0,3172.02392578125,0,0,0,0,3910.71435546875,0,4562.5,0,0,4294.291015625,0,0,0,0,3650,0,0,0,2607.14282226563,0,0,0,2607.14282226563,2737.5,2867.85717773438,0,7039.28576660156,2085.71435546875,0,0,0,0,4562.50006103516,0,0,0,0,0,4353.82373046875,0,0,0,0,0,0,0,0,0,0,0,0,0,0,4799.513671875,0,0,58116.6796875,5055.62060546875
"NGA",3,1,"LSMS-ISA2015",2015,5,10,1001,172,0,100015,11,553.030334472656,0,0,0,0,4424.24254261364,0,0,3218.18181818182,3142.07788085938,0,0,22121.2116477273,0,0,0,7742.4248046875,1090.90905761719,0,15454.583984375,0,0,0,0,47402.5965909091,0,0,0,2844.15589488636,0,0,16116.8835227273,4266.23366477273,0,0,0,2180.5194868608,1422.07794744318,0,0,0,8058.44140625,1469.48052423651,0,0,0,0,3015.96200284091,3579.78693181818,0,0,0,0,0,0,0,1896.10387073864,0,2496.18660111861,0,0,0,0,0,0,0,152495.078125,5055.62060546875
"NGA",3,1,"LSMS-ISA2015",2015,5,10,1001,172,0,100016,2,608.333312988281,0,0,2433.33325195313,0,1946.66662597656,0,0,800,2369.04760742188,0,0,0,0,0,0,0,2500,0,6184.1826171875,0,0,0,0,8342.857421875,13035.7138671875,0,0,0,0,0,0,13035.7138671875,0,5214.28564453125,0,14339.2857666016,4171.4287109375,0,0,0,18250,1303.57141113281,0,0,0,0,0,0,0,0,0,0,0,0,0,0,0,0,0,0,0,0,0,0,0,94534.4140625,5055.62060546875
"NGA",3,1,"LSMS-ISA2015",2015,5,10,1001,172,0,100017,1,1216.66662597656,0,0,4258.33349609375,0,3650,0,0,2900,10554.76171875,0,0,0,0,15642.857421875,0,0,16000,0,11672.892578125,0,0,0,13035.7138671875,12514.2861328125,0,8342.857421875,0,0,0,0,0,15642.857421875,0,10428.5712890625,0,28678.5715332031,8342.857421875,0,0,0,36499.9990234375,1564.28576660156,0,0,0,0,0,0,0,0,0,0,0,0,0,0,0,0,0,0,0,0,0,0,0,200945.515625,5055.62060546875
"NGA",3,1,"LSMS-ISA2015",2015,5,10,1001,172,0,100018,2,0,3000,0,0,0,2433.33325195313,0,0,2500,8882.142578125,0,0,0,0,4171.4287109375,0,15208.3330078125,0,0,55745.9375,0,0,0,0,10434.4941087088,5796.94130276468,14492.3536428051,0,8695.41198249758,4347.70614166965,11593.8826055294,27535.4720111129,11593.8826055294,6376.63536373545,15072.0475903737,0,12463.4239411261,5796.94130276468,0,5217.24742056533,0,3478.16495649373,6956.32979091716,0,0,0,0,0,1581.27317350351,0,0,0,0,0,0,0,0,0,0,0,0,0,0,0,0,0,243373.359375,5055.62060546875
"NGA",3,1,"LSMS-ISA2015",2015,5,10,1001,172,0,100019,2,0,0,0,0,0,0,0,0,0,886.547607421875,0,0,0,0,0,0,20683.333984375,0,0,12414.2822265625,0,0,0,16469.1770379901,19763.0141470932,82345.8839739221,49407.5323299989,0,36232.1921569712,65876.7081519605,0,0,49407.5323299989,0,32938.3540759803,0,107049.658158165,0,0,0,0,0,41172.9461186533,0,0,0,0,0,5483.69957886406,0,0,0,0,100081.930994102,0,0,0,925.234704159433,0,12759.4788220209,0,0,0,0,0,49883.3359375,703780.875,5055.62060546875
"NGA",3,1,"LSMS-ISA2015",2015,5,10,1001,172,0,100020,6,0,0,0,0,0,0,0,0,866.666666666667,999.682556152344,0,0,0,0,0,0,6083.33349609375,0,0,6688.77880859375,0,0,0,11356.9505888112,6814.17080415064,56784.7526185351,17035.4272233361,0,19874.6648705389,22713.9011776224,0,0,19874.6636117998,0,11356.9505888112,2839.2376472028,22713.9012590026,0,0,0,0,6246.32304927811,9937.33176520979,0,0,0,0,0,1890.74738676918,0,0,0,0,0,0,0,5713.07841198278,2839.2376472028,0,0,0,9734.52899202681,0,0,0,17033.333984375,259397.65625,5055.62060546875
"NGA",3,1,"LSMS-ISA2015",2015,5,10,1007,1166,1,100022,1,2433.33325195313,0,0,0,0,3893.33325195313,0,0,3600,17476.19140625,36500,0,0,0,15642.857421875,0,8516.666015625,5000,0,27558.328125,0,0,0,0,20857.142578125,26071.427734375,6257.14306640625,0,15642.857421875,0,0,39107.1435546875,0,24507.142578125,10428.5712890625,15642.857421875,17207.1428222656,7821.4287109375,0,0,0,33371.4287109375,1564.28576660156,0,0,0,0,0,0,0,0,0,0,0,0,0,0,0,2085.71459960938,0,0,0,0,0,0,0,341184.9375,2780.59130859375
"NGA",3,1,"LSMS-ISA2015",2015,5,10,1007,1166,1,100024,8,1.52083337306976,0,0,0,0,760.416687011719,0,0,0,2575.35717773438,0,0,6083.33349609375,0,195.535720825195,0,11254.166015625,0,0,7974.3271484375,0,0,0,9300.89944450183,7750.74921156403,13951.3485929802,17826.7241449124,0,6975.67429649008,0,0,20151.9482308703,3875.37460578201,0,3487.83714824504,3875.37460578201,2712.76231866243,11626.1237746004,0,930.089958794498,387.537466681717,13331.2888696949,387.537466681717,0,0,0,3608.72055797445,0,3728.97868066969,0,0,6155.00739358798,0,0,0,0,0,0,0,4002.35588708954,10205.153890492,0,0,0,0,304.166656494141,173420.328125,2780.59130859375
"NGA",3,1,"LSMS-ISA2015",2015,5,10,1007,1166,1,100025,5,365,0,0,0,0,1460,0,0,1200,3717.619140625,0,0,7300,0,0,0,973.333312988281,960,0,7050.67041015625,0,0,0,0,5005.714453125,2085.7142578125,2085.7142578125,0,0,0,0,0,6257.14296875,0,2085.7142578125,0,5735.71430664063,1668.571484375,0,0,0,5214.2857421875,3024.28566894531,0,0,0,0,0,0,0,0,0,0,0,0,0,0,0,0,0,0,0,0,0,0,0,56189.48046875,2780.59130859375
"NGA",3,1,"LSMS-ISA2015",2015,5,10,1007,1166,1,100026,1,12166.6669921875,6000,0,0,0,4866.66650390625,0,0,0,7821.4287109375,0,0,0,0,0,0,12166.6669921875,0,0,40631.07421875,0,0,0,0,15642.857421875,0,13035.7138671875,0,15642.857421875,0,0,0,20857.142578125,6257.14306640625,12514.2861328125,6257.14306640625,18771.4287109375,12514.2861328125,0,9385.71459960938,0,0,1042.85717773438,0,0,0,0,0,7812.84228515625,0,0,0,0,0,0,7821.4287109375,0,5424.1484375,2085.71459960938,0,0,0,0,0,0,0,238718.078125,2780.59130859375
"NGA",3,1,"LSMS-ISA2015",2015,5,10,1007,1166,1,100027,1,0,0,0,0,0,2433.33325195313,0,0,400,1249.76196289063,0,0,0,0,0,0,24333.333984375,0,0,40217.26953125,0,0,0,0,48420.3634115094,0,0,0,0,0,0,40350.3040093835,26900.2011538064,0,0,0,26900.2011538064,0,13450.1005769032,16140.1220594882,0,247481.849280361,53800.4066208201,0,0,8966.73405702435,0,40350.3040093835,11750.0162111963,0,32112.1161893797,21361.9251445904,0,0,0,0,39453.630860033,27982.8726302614,2690.02065859985,19346.9451936996,0,0,0,0,0,0,746091.6875,2780.59130859375
"NGA",3,1,"LSMS-ISA2015",2015,5,10,1007,1166,1,100028,6,2433.33325195313,0,0,6083.33333333333,0,1216.66666666667,0,0,5733.33333333333,2925.79370117188,0,0,0,0,6083.33333333333,608.333333333333,1216.66662597656,0,0,16415.328125,0,0,0,0,2607.14290364583,0,0,0,4779.76188151042,0,0,3041.66666666667,1738.09521484375,1042.85717773438,3650,521.428588867188,3041.66666666667,2607.14290364583,0,0,0,26592.8567708333,2867.85719807943,0,0,0,0,0,868.093587239583,0,0,2415.44124348958,0,0,0,0,347.619059244792,1685.19116210938,2224.97951253255,0,0,0,0,0,0,0,102747.921875,2780.59130859375
"NGA",3,1,"LSMS-ISA2015",2015,5,10,1007,1166,1,100029,6,608.333312988281,0,0,0,0,912.5,0,0,1000,3848.8095703125,0,0,8111.111328125,0,0,0,0,666.666687011719,0,4218.72900390625,0,0,0,0,5214.28580729167,0,0,0,0,0,0,13035.71484375,2607.14290364583,0,1738.09521484375,0,3823.80944824219,2607.14290364583,0,0,0,6083.33333333333,2867.85713704427,0,0,6811.107421875,0,3910.71419270833,7256.37239583333,0,0,0,0,0,0,0,0,4245.68815104167,1458.232421875,0,0,0,0,1798.7265625,0,0,82824.359375,2780.59130859375
"NGA",3,1,"LSMS-ISA2015",2015,5,10,1007,1166,1,100030,1,12166.6669921875,6600,0,0,0,7300,0,0,8240,13296.4287109375,0,0,0,0,62571.4296875,0,12166.6669921875,0,0,23162.90234375,0,0,0,0,12514.2861328125,0,0,0,27635.7135009766,0,0,0,14600,0,21900,0,6257.14306640625,12514.2861328125,0,9385.7138671875,0,9385.7138671875,0,0,0,0,0,23464.28515625,6076.65478515625,0,0,24844.5390625,0,0,0,0,0,0,7019.00149536133,0,0,0,0,0,0,0,321101.40625,2780.59130859375
"NGA",3,1,"LSMS-ISA2015",2015,5,10,1008,1314,0,100031,7,0,857.142883300781,0,0,0,1216.66671316964,0,0,1714.28571428571,74.4897994995117,0,0,8690.47600446429,0,0,0,7821.4287109375,0,0,9613.2607421875,0,0,0,0,11918.3671875,0,0,0,7374.48995535714,0,0,11918.3671875,2085.71428571429,2234.69391741071,2383.67347935268,0,7225.51018415179,3724.48967633929,0,0,0,0,223.469395228795,0,0,0,0,0,9951.59709821429,0,0,2957.68331473214,0,0,0,0,3873.46944754464,0,3164.58089773996,0,0,0,7945.578125,1130.19001116071,0,0,108099.6171875,3412.54370117188
"NGA",3,1,"LSMS-ISA2015",2015,5,10,1008,1314,0,100032,7,0,2228.57153320313,0,0,0,521.428571428571,0,0,514.285714285714,320.408172607422,0,0,2085.71428571429,0,2234.69391741071,0,869.047668457031,742.857116699219,0,9783.7373046875,0,0,0,0,2979.591796875,0,0,0,0,0,0,0,3724.48967633929,0,0,0,5959.18366350446,2234.69391741071,0,0,0,5959.18366350446,1266.32653808594,0,0,5838.09207589286,0,4469.38783482143,4219.03459821429,0,0,0,0,3168.68136160714,0,0,993.197265625,7363.65094866071,0,0,0,0,0,0,0,0,67476.2578125,3412.54370117188
"NGA",3,1,"LSMS-ISA2015",2015,5,10,1008,1314,0,100033,1,1703.33337402344,0,0,0,0,3650,0,0,6000,9951.4287109375,0,0,0,0,0,0,7300,8000,0,33397.23046875,0,0,0,0,0,0,0,0,0,0,0,52142.85546875,0,0,10950,0,16685.7143554688,0,0,0,0,26071.4287109375,9385.71447753906,0,0,20433.322265625,19422.017578125,22117.0546875,6351.2353515625,0,0,0,0,0,0,0,0,25474.12890625,14192.4714355469,10293.9140625,0,0,0,0,0,0,303521.84375,3412.54370117188
"NGA",3,1,"LSMS-ISA2015",2015,5,10,1008,1314,0,100034,4,0,1500,0,12166.6669921875,0,2129.16674804688,0,0,2875,160.357147216797,0,0,18250,0,9776.7861328125,0,9125,0,0,44802.8359375,0,0,0,0,20857.142578125,0,0,0,0,0,0,0,3258.92846679688,0,5475,0,4432.14294433594,4562.5,0,3128.57153320313,0,10689.2856445313,651.785705566406,0,0,0,8711.93359375,0,8707.6474609375,0,0,0,0,0,0,0,0,0,10637.2242736816,0,0,0,0,6777.34619140625,0,0,188675.3125,3412.54370117188
"NGA",3,1,"LSMS-ISA2015",2015,5,10,1008,1314,0,100035,7,1.7380952835083,0,0,0,0,347.619035993304,0,0,628.571428571429,368.775543212891,0,0,3476.19056919643,0,0,0,12166.6669921875,0,0,3032.00244140625,0,0,0,0,4469.38783482143,8938.77566964286,14897.9587053571,0,2979.59186662946,0,0,10428.5714285714,2979.591796875,0,1638.77553013393,0,2979.591796875,7448.97935267857,0,0,7448.97935267857,39777.5513044085,3426.53069196429,0,0,2925.67996651786,0,0,2487.89927455357,0,0,295.768310546875,0,4526.68777901786,0,0,0,744.89794921875,0,1697.11983816964,0,0,0,0,0,347.619049072266,140461.515625,3412.54370117188
"NGA",3,1,"LSMS-ISA2015",2015,5,10,1008,1314,0,100036,7,1.7380952835083,2571.42846679688,0,0,0,0,0,0,0,398.537414550781,0,0,13904.7622767857,0,0,3128.57142857143,10428.5712890625,0,0,3032.00244140625,0,0,0,0,8938.77566964286,4469.38783482143,0,0,744.89794921875,0,0,33520.4095982143,3724.48967633929,0,1638.77553013393,0,2979.591796875,4469.38783482143,0,0,0,15121.4282924107,7076.53044782366,0,0,4914.25725446429,0,0,2487.89927455357,0,3650.490234375,295.768310546875,0,0,0,0,0,0,0,0,0,0,0,0,0,0,127497.6953125,3412.54370117188
"NGA",3,1,"LSMS-ISA2015",2015,5,10,1008,1314,0,100037,1,0,4800,0,0,0,4866.66650390625,0,0,0,2607.14282226563,0,0,36500,0,20857.142578125,0,13991.666015625,0,0,22735.58984375,0,0,0,0,12514.2861328125,0,0,0,6257.14306640625,0,0,20857.142578125,15642.857421875,4692.85693359375,27114.2856445313,0,6257.14306640625,15642.857421875,0,15642.857421875,0,18771.427734375,0,0,0,0,0,0,7812.84228515625,0,0,6477.65869140625,0,0,0,0,0,5424.1484375,22881.8447875977,0,0,0,0,16754.3671875,0,0,309101.9375,3412.54370117188
"NGA",3,1,"LSMS-ISA2015",2015,5,10,1008,1314,0,100038,4,0,4500,0,0,0,0,0,0,3150,2007.79760742188,0,0,12166.6669921875,0,0,0,1825,500,0,32326.486328125,0,0,0,0,5214.28564453125,0,0,0,0,0,0,7821.4287109375,3910.71435546875,3650,2607.14282226563,7821.4287109375,6778.57135009766,3910.71435546875,0,4953.57153320313,0,9124.99987792969,0,0,0,8322.1240234375,0,0,3445.54467773438,0,0,0,0,0,0,0,0,0,0,0,0,0,0,2835.26782226563,0,0,126871.7421875,3412.54370117188
"NGA",3,1,"LSMS-ISA2015",2015,5,10,1008,1314,0,100039,2,0,0,0,0,0,3041.66674804688,0,0,0,443.214294433594,0,0,18250,0,0,0,30416.666015625,0,0,10612.0087890625,0,0,0,14087.8956936678,46959.6505385158,37567.7216703661,18783.8608351831,0,0,4695.96520879577,0,93919.3068364807,9391.93041759153,0,23479.8263429092,0,16435.8782644254,93919.3010770315,2817.57926926369,0,0,6574.35156932857,7983.14123135532,0,0,0,16872.9065096781,0,4690.80998010313,0,1358.47564295219,0,0,0,0,0,0,14193.4231832573,0,13194.4781536807,0,0,0,0,0,1216.66662597656,490906.75,3412.54370117188
"NGA",3,1,"LSMS-ISA2015",2015,5,10,1008,1314,0,100040,6,608.333312988281,1000,0,0,0,912.5,0,0,383.333333333333,2154.126953125,0,0,3650,0,3476.1904296875,0,811.111083984375,4033.33325195313,0,2400,0,0,0,0,4345.23795572917,2172.61897786458,0,0,0,0,0,8255.95263671875,6083.33333333333,0,1738.09521484375,0,6430.95231119792,2085.71435546875,0,1390.47623697917,0,6083.33333333333,260.714294433594,0,0,0,0,0,3281.47135416667,0,0,0,0,0,0,0,0,2607.14290364583,0,0,0,0,0,0,0,2433.33325195313,66597.3046875,3412.54370117188
"NGA",3,1,"LSMS-ISA2015",2015,5,10,1008,1718,0,100041,4,3041.66674804688,1500,0,0,0,1825,0,0,3550,434.523803710938,0,0,9125,0,0,0,13687.5,0,0,28389.8515625,0,0,0,0,65178.5703125,0,0,0,8994.64306640625,0,0,20857.142578125,17728.5708007813,4041.07153320313,5475,0,9776.78570556641,2346.42846679688,0,2085.71435546875,0,0,7951.78576660156,0,0,0,0,7821.4287109375,4353.82373046875,0,0,0,0,0,0,0,0,0,2449.70678710938,0,0,0,0,0,0,0,220614.21875,4095.05249023438
"NGA",3,1,"LSMS-ISA2015",2015,5,10,1008,1718,0,100042,8,0,750,0,0,0,684.375,0,0,1875,1569.10717773438,0,0,3802.08325195313,0,0,0,1216.66662597656,450,0,1900.42138671875,0,0,0,0,3128.57153320313,0,0,0,0,0,0,6517.85693359375,0,0,0,0,5866.07141113281,1303.57141113281,0,0,0,3258.92852783203,195.535720825195,0,0,3366.85400390625,0,5501.19677734375,3691.6552734375,0,0,0,0,0,0,0,1303.57141113281,0,753.872619628906,0,0,0,0,1349.044921875,0,0,48484.3828125,4095.05249023438
"NGA",3,1,"LSMS-ISA2015",2015,5,10,1008,1718,0,100043,6,608.333312988281,1000,0,0,0,912.5,0,0,1000,1721.03173828125,0,0,3041.66666666667,0,0,0,608.333312988281,400,0,3827.47265625,0,0,0,0,2780.95247395833,0,0,0,0,0,0,0,6952.380859375,0,0,0,3476.1904296875,1390.47623697917,0,1390.47623697917,0,2607.14282226563,260.714294433594,0,0,9822.34505208333,0,2607.14290364583,4922.20703125,0,0,0,0,0,0,0,1158.73014322917,1808.04947916667,981.187703450521,0,0,0,0,1798.7265625,0,0,55076.05859375,4095.05249023438
"NGA",3,1,"LSMS-ISA2015",2015,5,10,1008,1718,0,100044,1,2433.33325195313,6000,0,0,0,5475,0,0,5000,12126.1904296875,0,0,24333.333984375,0,0,0,24333.333984375,20600,0,33951.87109375,0,0,0,0,15642.857421875,0,0,0,6257.14306640625,0,0,46928.5712890625,13035.7138671875,0,0,0,14078.5715332031,5214.28564453125,0,8342.857421875,0,54228.5708007813,1564.28576660156,0,0,0,0,7821.4287109375,0,0,0,0,0,0,0,0,4171.4287109375,0,5214.28564453125,0,0,0,0,5396.1796875,0,0,322149.21875,4095.05249023438
"NGA",3,1,"LSMS-ISA2015",2015,5,10,1008,1718,0,100045,3,3244.4443359375,2000,0,0,0,1622.22216796875,0,0,0,3418.25390625,0,0,8111.111328125,0,0,0,12166.6669921875,0,0,5514.80224609375,0,0,0,0,0,0,0,0,0,0,0,0,0,0,2085.71435546875,0,0,6257.142578125,0,9385.71419270833,10428.5716145833,24159.5237630208,869.047607421875,0,0,0,0,25803.2317708333,12321.6484375,0,0,0,0,0,0,0,3128.57145182292,1808.04947916667,0,0,0,0,9269.84114583333,6399.3515625,0,0,147993.90625,4095.05249023438
"NGA",3,1,"LSMS-ISA2015",2015,5,10,1008,1718,0,100046,7,347.619049072266,857.142883300781,0,0,0,521.428571428571,0,0,285.714285714286,810.884338378906,0,0,3476.19056919643,0,0,0,1738.09533691406,457.142852783203,1489.7958984375,4850.26708984375,0,0,0,0,3724.48967633929,2979.591796875,0,0,1489.7958984375,0,0,4841.83649553571,1489.7958984375,1936.73465401786,1489.7958984375,0,5884.69377790179,1489.7958984375,148.979596819196,0,0,4469.38776506696,2309.18362862723,0,0,3502.85491071429,0,0,2812.68973214286,0,0,0,0,0,0,0,0,0,0,0,0,0,0,0,0,0,53403.91015625,4095.05249023438
"NGA",3,1,"LSMS-ISA2015",2015,5,10,1008,1718,0,100047,2,6.08333349227905,0,0,0,0,1825,0,0,0,3519.64282226563,0,0,6083.33349609375,0,0,0,15208.333984375,0,31285.71484375,11482.41796875,0,0,0,2607.14282226563,7821.4287109375,0,5214.28564453125,0,5214.28564453125,0,0,14339.2856445313,5214.28564453125,0,7821.4287109375,0,7300,7821.4287109375,0,0,18250,117321.428222656,7039.28576660156,0,0,0,0,3910.71435546875,4694.22766113281,0,0,1035.18908691406,0,0,0,0,2224.76171875,0,0,0,0,0,0,0,0,0,287239.6875,4095.05249023438
"NGA",3,1,"LSMS-ISA2015",2015,5,10,1008,1718,0,100048,3,0,2000,0,0,0,3650,0,0,0,173.809524536133,0,0,6083.33333333333,0,0,0,14194.4453125,0,0,16247.75,0,0,0,0,6952.380859375,0,0,0,0,0,0,13904.76171875,6952.380859375,0,2085.71435546875,0,2085.71435546875,2607.14290364583,0,6083.33333333333,6952.380859375,39107.1438802083,8690.47591145833,0,0,0,0,18430.87890625,1773.8198038737,0,0,4830.88248697917,0,0,0,0,3823.8095703125,3546.14469401042,9971.42515055338,0,0,0,9269.84114583333,4770.22705078125,0,0,194187.78125,4095.05249023438
"NGA",3,1,"LSMS-ISA2015",2015,5,10,1008,1718,0,100049,6,0,0,0,0,0,486.666666666667,0,0,266.666666666667,1096.90478515625,0,0,8111.111328125,0,0,0,19263.888671875,0,0,1000,0,0,0,2674.01223027541,9804.71163103082,3565.34952898177,0,0,3565.34952898177,0,0,8913.37383540769,3119.68088394635,0,3565.34952898177,0,6417.62936893703,17826.7473107525,0,0,0,7130.69905796353,5793.69316354739,0,0,0,3352.73713510367,3780.72069067992,3108.12881628131,0,0,707.826762748999,0,0,0,0,1804.0668140764,1437.15638732585,0,2564.24179762684,0,0,3565.34952898177,0,0,24333.333984375,147255.390625,4095.05249023438
"NGA",3,1,"LSMS-ISA2015",2015,5,10,1008,1718,0,100050,6,2.02777791023254,0,0,0,0,811.111083984375,0,0,0,86.9047622680664,0,0,8111.111328125,0,0,0,8313.8896484375,0,0,6573.36376953125,0,0,0,1738.09521484375,9559.52408854167,2607.14290364583,0,0,0,0,0,6952.380859375,2607.14290364583,0,7821.4287109375,0,4519.04760742188,16511.904296875,869.047607421875,0,6083.33333333333,12601.1902669271,4605.95235188802,0,0,0,2942.00553385417,1843.087890625,4640.64420572917,0,2380.85569254557,345.063028971354,0,0,0,0,1409.01578776042,0,0,5169.16031901042,0,0,0,0,0,0,119104.4375,4095.05249023438
"NGA",3,1,"LSMS-ISA2015",2015,5,10,1021,120,0,100053,1,1216.66662597656,0,0,0,0,7300,0,0,6400,13398.095703125,0,0,7300,0,10428.5712890625,0,4866.66650390625,17000,0,105444.1875,0,0,0,0,12514.2861328125,10428.5712890625,0,0,15642.857421875,0,0,26071.4282226563,26071.427734375,7300,10428.5712890625,31285.71484375,22942.8569335938,8342.857421875,2085.71435546875,8342.857421875,0,19814.28515625,1564.28576660156,0,0,0,0,0,0,0,0,0,0,0,0,0,0,7821.4287109375,0,30412.388671875,0,0,0,0,0,6083.33349609375,420507.0625,8246.98046875
"NGA",3,1,"LSMS-ISA2015",2015,5,10,1021,120,0,100054,4,608.333312988281,0,0,0,0,1825,0,0,2450,1342.85717773438,0,0,4866.66650390625,0,2607.14282226563,0,912.5,3250,0,4489.30615234375,0,0,0,0,3128.57153320313,2346.42846679688,2085.71435546875,0,2867.85717773438,0,0,9125,0,0,2607.14282226563,0,10428.5712890625,2607.14282226563,0,1564.28576660156,0,3519.64294433594,2085.71426391602,0,0,0,0,0,1646.61645507813,0,0,0,0,0,0,0,0,0,0,1695.28515625,0,0,0,0,0,0,68059.78125,8246.98046875
"NGA",3,1,"LSMS-ISA2015",2015,5,10,1021,120,0,100055,5,340.666687011719,2280,0,1946.6666015625,0,1362.66669921875,0,0,1340,444.952392578125,0,0,0,0,15642.8578125,0,19466.66796875,0,0,5246.40869140625,0,0,0,0,7094.04516092486,2955.85202017703,0,0,0,0,0,11823.4080807081,3547.02258046243,0,3074.08622989036,0,2364.68175286037,4256.42682127789,0,0,0,0,5320.53372420927,0,0,0,0,0,3948.92330632117,0,0,0,0,0,0,0,0,0,2149.40912631148,0,0,0,0,0,0,3650,98255.28125,8246.98046875
"NGA",3,1,"LSMS-ISA2015",2015,5,10,1021,120,0,100056,7,0,744.89794921875,0,0,0,695.238071986607,0,208.571426391602,4971.42857142857,7376.4287109375,0,0,8342.85714285714,0,0,0,4519.0478515625,7080.95263671875,0,17142.857421875,0,0,0,6704.08175223214,10428.5711495536,4096.93889508929,9683.67354910714,0,2979.591796875,5586.73465401786,0,14897.9587053571,3947.95919363839,5288.77566964286,8268.36732700893,6033.67354910714,2458.16329520089,12663.2652064732,595.918387276786,0,0,22644.8974609375,6182.65297154018,0,0,0,2241.52790178571,1485.55147879464,2094.31731305804,0,0,0,0,0,0,0,2085.71428571429,0,744.89794921875,3585.73018973214,0,0,0,0,0,18250,204031.21875,8246.98046875
"NGA",3,1,"LSMS-ISA2015",2015,5,10,1021,120,0,100057,2,1216.66662597656,6000,0,0,0,3650,0,0,0,1477.380859375,0,0,0,0,59964.28515625,0,18250,0,0,16698.615234375,0,0,0,0,6681.61666573493,0,0,0,0,0,0,0,5568.01362799922,2505.6060605554,2784.00681399961,0,5011.21236525143,0,0,0,0,0,5568.01362799922,0,0,0,0,12528.0305469176,11914.9727422541,0,0,0,0,22736.0552515039,0,0,0,4118.6995493181,12718.2228426772,0,0,0,0,9102.1557919473,0,0,208493.546875,8246.98046875
"NGA",3,1,"LSMS-ISA2015",2015,5,10,1021,120,0,100058,5,730,0,0,1946.6666015625,0,1703.3333984375,0,0,4400,1178.57153320313,0,0,0,0,3128.571484375,0,1460,1400,0,2914.36865234375,0,0,0,0,4171.428515625,0,2294.2857421875,0,2502.8572265625,0,0,5214.285546875,4692.85703125,0,2085.7142578125,1772.8572265625,8968.57138671875,3337.14296875,0,2085.7142578125,0,5735.7142578125,3232.85708007812,0,0,0,0,0,0,0,0,0,0,0,0,0,0,3128.571484375,0,0,0,0,0,0,0,0,68084.3671875,8246.98046875
"NGA",3,1,"LSMS-ISA2015",2015,5,10,1021,120,0,100059,6,0,2000,0,0,0,10138.888671875,0,0,6433.33333333333,86.9047622680664,0,0,6083.33333333333,0,26071.4296875,0,8111.111328125,0,0,16000,0,0,0,0,52142.859375,6952.380859375,0,0,10428.5716145833,0,0,8516.66650390625,3910.71419270833,11384.5234781901,6430.95247395833,6952.380859375,3563.09529622396,3128.5712890625,869.047607421875,9907.14265950521,1738.09521484375,0,5648.8096110026,0,0,0,0,0,2902.54915364583,0,0,0,0,0,0,0,0,0,7108.9052327474,0,0,0,0,0,0,16222.22265625,232732.453125,8246.98046875
"NGA",3,1,"LSMS-ISA2015",2015,5,10,1021,120,0,100060,1,0,0,0,0,0,0,0,0,5000,6621.4287109375,0,0,0,0,0,0,0,3000,0,17458.384765625,0,0,0,0,0,0,0,0,0,0,0,25278.4948416618,12639.2474208309,0,0,0,9479.43551168586,0,0,0,0,0,10111.3978390085,0,0,2106.54124579471,2377.10631021121,9479.43586370113,6409.42758532915,0,7544.05109787951,7527.78749823879,0,38403.8689945651,0,0,7449.32189329571,10124.3242031141,5467.84828328315,9265.78369772089,0,0,0,1895.88718636682,0,0,197639.765625,8246.98046875
"NGA",3,1,"LSMS-ISA2015",2015,5,10,1012,936,0,100061,7,608.333374023438,0,6083.33314732143,0,0,782.142857142857,0,869.047668457031,4057.14285714286,6722.07470703125,0,0,5214.28571428571,0,1489.7958984375,0,4345.23828125,1142.85717773438,0,29004.32421875,0,0,0,0,4171.42857142857,0,0,0,5586.73493303571,0,0,18622.4488002232,2234.69391741071,2234.69391741071,1489.7958984375,0,1862.24490792411,1489.7958984375,0,2383.67354910714,0,3724.48981584821,744.89794921875,0,0,0,0,3159.57924107143,3731.84877232143,0,0,0,0,0,0,0,0,1549.75669642857,4391.65938895089,0,0,0,0,2139.88895089286,0,0,119836.21875,8815.73828125
"NGA",3,1,"LSMS-ISA2015",2015,5,10,1012,936,0,100063,6,811.111083984375,1600,0,0,0,2838.88899739583,0,1013.88891601563,4266.66666666667,2141.03173828125,0,0,4055.5556640625,0,2607.14290364583,0,3041.66674804688,800,0,24000,0,0,0,0,5214.28580729167,4345.23795572917,4345.23795572917,0,6517.857421875,0,0,13035.71484375,10428.5716145833,2259.52376302083,1738.09521484375,2607.14290364583,9211.90486653646,1738.09521484375,1738.09521484375,2085.71435546875,0,8690.47615559896,2694.04762776693,0,0,0,0,0,0,0,0,0,0,0,0,0,0,0,0,0,0,0,0,0,0,24333.333984375,148159.265625,8815.73828125
"NGA",3,1,"LSMS-ISA2015",2015,5,10,1012,936,0,100064,1,0,14400,0,0,0,12166.6669921875,0,0,0,8388.095703125,0,0,42583.33203125,0,130357.140625,0,66916.6640625,0,0,120000,0,0,0,0,260714.28125,15642.857421875,13035.7138671875,0,7300,0,0,83428.5703125,44321.427734375,14600.0004882813,193971.428710938,9385.7138671875,37021.4284667969,7821.4287109375,0,20857.1435546875,0,12514.2861328125,17207.1431884766,0,0,0,0,0,6076.65478515625,0,0,0,0,0,0,0,5214.28564453125,0,1564.28576660156,0,0,0,0,0,0,121666.6640625,1267155.125,8815.73828125
"NGA",3,1,"LSMS-ISA2015",2015,5,10,1012,936,0,100065,5,0,0,0,0,0,2920,0,1216.66674804688,4840,2297.90478515625,0,0,0,0,2085.7142578125,0,2920,1040,0,14519.171875,0,0,0,2201.16862609786,4891.48598956231,0,0,0,0,0,0,12228.7149823638,3057.17872117689,0,2445.74299478115,0,7948.66499025126,1956.59450578421,0,2445.74299478115,0,2690.31736346445,1222.87149739058,0,0,0,0,0,8168.58513028873,0,0,0,0,0,0,0,0,0,7760.76015450323,0,0,0,0,7483.13341651021,0,0,96340.4140625,8815.73828125
"NGA",3,1,"LSMS-ISA2015",2015,5,10,1012,936,0,100066,4,0,3000,0,0,0,6387.5,0,0,3625,1803.27380371094,0,0,42583.33203125,0,23464.28515625,0,18250,0,0,30000,0,0,0,0,130357.140625,0,3258.92846679688,0,4562.50006103516,0,0,19553.572265625,3910.71435546875,9125.00024414063,86035.7109375,4301.78564453125,8212.50012207031,1955.35717773438,0,8473.2138671875,0,1303.57141113281,4301.78579711914,0,0,0,0,7821.4287109375,1302.14038085938,0,0,0,0,0,0,0,5735.71435546875,1356.037109375,1275.30126953125,0,0,0,0,0,0,30416.666015625,462372.46875,8815.73828125
"NGA",3,1,"LSMS-ISA2015",2015,5,10,1012,0,0,100067,6,0,8000,0,0,0,3650,0,0,2000,86.9047622680664,0,0,4055.5556640625,0,6517.857421875,0,16222.22265625,0,0,7854.9921875,0,0,0,0,3477.13169852846,4172.55823352219,0,0,6954.26339705692,0,0,9562.11257780843,0,5650.33880662,2086.27911676109,0,4781.05620752401,2607.84885529184,0,5650.33880662,0,0,3042.49031760025,0,0,0,0,0,2782.11933808198,0,0,0,0,0,9882.37375267432,0,0,0,0,0,0,0,0,0,0,0,109036.4609375,8815.73828125
"NGA",3,1,"LSMS-ISA2015",2015,5,10,1012,936,0,100068,3,0,4000,0,0,0,6488.888671875,0,0,1666.66666666667,1051.58728027344,0,0,16222.22265625,0,83428.5729166667,0,20277.77734375,0,0,48000,0,0,0,0,92119.0520833333,0,0,0,6083.33333333333,0,0,6952.380859375,17380.9518229167,2607.14290364583,9559.52376302083,5214.28580729167,4171.42862955729,5214.28580729167,0,0,0,0,6083.33341471354,0,0,0,0,5214.28580729167,2893.64518229167,0,0,0,0,0,0,0,0,0,1005.16349283854,0,0,0,0,0,0,48666.66796875,394301.15625,8815.73828125
"NGA",3,1,"LSMS-ISA2015",2015,5,10,1012,936,0,100070,12,202.777770996094,0,3548.61100260417,0,0,506.944458007813,0,506.944458007813,3333.33333333333,2230.35717773438,0,0,4055.5556640625,0,4345.23795572917,0,4055.5556640625,1000,0,16919.189453125,0,0,0,0,26071.4296875,10428.5716145833,4345.23795572917,0,7604.16666666667,0,0,11297.6189778646,14339.2858072917,1216.66666666667,1738.09521484375,0,5779.16674804688,1042.85717773438,869.047607421875,0,0,12601.1902669271,4084.52380371094,0,0,0,0,0,0,0,0,0,0,0,0,0,0,0,0,0,0,0,0,0,0,0,142122.359375,8815.73828125
"NGA",3,1,"LSMS-ISA2015",2015,5,10,1010,20,0,100071,3,0,8000,0,0,0,6083.33333333333,0,0,8000,1564.28564453125,0,0,2027.77783203125,0,8690.47591145833,0,12166.6669921875,0,0,10000,0,0,0,0,0,26071.4296875,0,0,4345.23803710938,0,0,14773.8093261719,13904.76171875,0,41714.2864583333,3476.1904296875,2607.14282226563,0,0,0,6083.33333333333,24680.9524739583,3476.1904296875,0,0,0,0,0,5805.09830729167,0,0,681.605997721354,0,0,0,0,1390.47623697917,0,0,1346.58756510417,0,0,0,20.8571421305339,0,10138.888671875,217049.375,7507.59619140625
"NGA",3,1,"LSMS-ISA2015",2015,5,10,1010,20,0,100072,7,0,3428.57153320313,0,0,0,0,3476.19056919643,0,18285.7142857143,744.89794921875,0,0,4345.23800223214,0,8938.77566964286,0,34761.90234375,0,0,25714.28515625,0,0,0,1940.12591678373,0,0,5820.37754339738,0,41389.3517876326,13580.8812105323,18107.8416140431,7760.50366713492,12934.1724964609,646.708621681759,5820.37754339738,1940.12591678373,9053.92073726707,3233.54312411523,0,2586.83448672704,0,29231.229308189,9053.92066751261,0,0,0,4865.14775559938,0,0,0,0,0,0,0,0,0,0,0,2798.65504356766,0,0,0,0,0,0,0,270459.3125,7507.59619140625
"NGA",3,1,"LSMS-ISA2015",2015,5,10,1010,20,0,100073,6,0,4000,0,0,0,730,0,1013.88891601563,133.333333333333,1037.97619628906,0,0,1013.88891601563,0,5214.28580729167,0,6083.33349609375,1166.66662597656,0,6000,0,0,0,0,3041.66666666667,0,0,0,1738.09529622396,0,0,0,11297.6188151042,0,4345.23803710938,869.047607421875,3128.57149251302,0,0,0,0,10602.3807373047,2954.76196289063,0,0,4345.23795572917,0,0,854.738362630208,0,0,2939.42578125,0,0,0,0,1738.09529622396,468.699829101563,0,11231.5377604167,0,0,0,78.2142842610677,0,6083.33349609375,92110.0390625,7507.59619140625
"NGA",3,1,"LSMS-ISA2015",2015,5,10,1010,20,0,100074,5,0,4800,0,0,0,2433.3333984375,0,0,0,208.571441650391,0,0,7300,0,0,0,24333.33203125,0,0,1889.71252441406,0,0,0,1879.37399943535,3132.28986885058,3758.74799887069,2505.83193414296,0,5638.12176735692,0,0,12529.1594754023,6264.57973770116,0,5638.12176735692,1879.37399943535,7517.49580242889,1879.37399943535,0,0,0,0,3132.2899176787,0,0,0,0,0,0,0,0,0,0,0,0,0,0,1303.34290366623,0,0,0,0,0,0,0,0,98023.0546875,7507.59619140625
"NGA",3,1,"LSMS-ISA2015",2015,5,10,1010,20,0,100075,7,0,3428.57153320313,0,0,0,6952.38113839286,0,0,8428.57142857143,1787.07482910156,0,0,6083.33314732143,0,18622.4486607143,0,10428.5712890625,5785.71435546875,0,5142.85693359375,0,0,0,0,0,1489.7958984375,0,0,1601.53063092913,6704.08147321429,0,3724.48967633929,7448.97935267857,6108.16329520089,148.979596819196,1489.79593331473,13333.6735491071,0,0,6257.14285714286,0,29795.9174107143,2234.69391741071,0,0,0,840.572963169643,0,4975.79854910714,0,0,0,0,11918.3671875,0,0,2681.6327078683,803.485421316964,0,0,0,0,0,89.3877563476563,0,5214.28564453125,173520.3125,7507.59619140625
"NGA",3,1,"LSMS-ISA2015",2015,5,10,1010,20,0,100076,3,0,8000,0,0,0,0,0,0,0,869.047607421875,0,0,6083.33333333333,0,0,0,42177.77734375,0,0,20000,0,0,0,2607.14290364583,3476.1904296875,5214.28580729167,4345.23795572917,0,6952.380859375,6952.380859375,0,13035.71484375,5214.28580729167,0,7821.42838541667,0,4345.23803710938,3476.1904296875,0,0,0,9559.52368164063,7647.619140625,0,0,0,0,0,0,0,0,0,0,0,0,0,0,0,0,0,0,0,0,0,0,20277.77734375,178055.5625,7507.59619140625
"NGA",3,1,"LSMS-ISA2015",2015,5,10,1010,20,0,100077,3,0,8000,0,4055.5556640625,0,1622.22216796875,0,0,0,1390.47619628906,0,0,8111.111328125,0,8690.47591145833,0,3244.4443359375,0,0,56666.80859375,0,0,0,0,0,13904.76171875,26071.4296875,0,3823.80948893229,3476.1904296875,0,13035.7142740885,13904.7620442708,695.238118489583,9559.52360026042,0,9907.14290364583,4345.23795572917,173.809529622396,2433.33333333333,0,7126.1904296875,6952.380859375,0,0,0,6537.78971354167,0,0,0,0,0,0,0,0,0,0,0,0,0,0,0,0,20.8571421305339,0,2027.77783203125,215777.03125,7507.59619140625
"NGA",3,1,"LSMS-ISA2015",2015,5,10,1010,0,0,100078,3,0,2000,0,0,0,14194.4440104167,0,0,2666.66666666667,86.9047622680664,0,0,16222.22265625,0,0,0,9733.3330078125,0,0,36000,0,0,0,0,9129.28062133076,0,4564.64031066538,0,0,0,0,54775.6877746858,0,3651.7123276816,7668.59595769735,0,6755.66781195315,7303.4246553632,0,3651.7123276816,0,0,547.756873127392,0,0,0,0,0,0,0,0,0,0,0,0,0,0,0,0,0,0,0,0,0,0,36500,215452.03125,7507.59619140625
"NGA",3,1,"LSMS-ISA2015",2015,5,10,1010,20,0,100079,4,2433.33325195313,6000,10645.8330078125,0,0,0,0,0,6850,8564.8212890625,0,0,15208.3330078125,0,6517.85693359375,0,13687.5,11125,0,20160.912109375,0,0,0,0,0,0,7821.4287109375,0,2607.14282226563,3910.71435546875,26071.427734375,11732.142578125,26071.427734375,2346.42846679688,2607.14282226563,13035.7144775391,9125,0,0,3910.71435546875,0,18249.9997558594,3258.92846679688,0,0,0,9716.9892578125,8293.8955078125,0,0,0,0,0,0,0,5214.28564453125,5735.71435546875,0,2433.33319091797,16847.306640625,0,3476.1904296875,0,2685.35710906982,0,2433.33325195313,288778.1875,7507.59619140625
"NGA",3,1,"LSMS-ISA2015",2015,5,10,1010,20,0,100080,3,0,10000,0,0,0,16222.22265625,0,0,10666.6666666667,3302.380859375,0,0,20277.77734375,0,26071.4296875,0,16222.22265625,8111.111328125,0,15709.984375,0,0,0,0,0,6952.380859375,0,0,2780.95247395833,0,0,14773.8093261719,12166.6666666667,2607.14290364583,5214.28580729167,11992.8571777344,13383.3333333333,0,0,4519.04768880208,0,23290.4763997396,13035.71484375,0,0,0,3268.89485677083,0,5805.09830729167,0,0,6901.26106770833,0,0,0,0,4171.4287109375,0,0,0,0,4171.4287109375,0,31.2857131958008,0,5272.22216796875,266922.0625,7507.59619140625
"NGA",3,1,"LSMS-ISA2015",2015,5,10,1005,1374,0,100082,2,0,6000,0,4258.33349609375,0,6083.33349609375,0,0,0,0,0,0,6083.33349609375,0,0,0,60833.33203125,0,0,6000,0,0,0,5214.28564453125,11732.142578125,0,0,0,10428.5712890625,5214.28564453125,0,26071.427734375,13035.7138671875,0,14339.2854003906,0,15642.8569335938,5214.28564453125,0,0,0,24767.8569335938,1303.57141113281,0,0,0,0,0,17415.294921875,0,0,0,0,0,0,0,0,0,0,0,0,0,0,0,0,0,239637.90625,10522.009765625
"NGA",3,1,"LSMS-ISA2015",2015,5,10,1005,1374,0,100083,8,0,1050,0,0,0,608.333312988281,0,0,325,645.386901855469,0,0,0,0,2607.14282226563,456.25,1825,250,0,1500,0,0,0,0,0,0,0,0,455.653405119251,0,0,11011.6232458391,4252.76483378685,2278.26692686104,2657.97801730208,379.711153279761,4936.24509496334,2733.92020451518,0,0,0,4556.53391475724,379.711153279761,0,0,0,6792.99785002196,4831.77919680478,5072.81888172025,0,0,0,0,0,0,0,0,0,708.794138666529,0,0,0,0,3363.5508775612,0,1520.83337402344,65200.2890625,10522.009765625
"NGA",3,1,"LSMS-ISA2015",2015,5,10,1005,1374,0,100085,7,0,2571.42846679688,0,0,0,1390.47614397321,0,0,1000,370.680267333984,0,0,0,0,3724.48967633929,0,1390.47619628906,285.714294433594,0,1549.35461425781,0,0,0,0,4958.55672711573,4958.55672711573,0,0,2875.96311032453,0,0,0,11900.536921902,1983.42272792574,2479.27836355786,991.711363962868,4958.55695840124,5950.26846095101,495.855681981434,1983.42272792574,0,0,4066.01655213628,0,0,0,0,0,1277.64930029726,0,0,0,0,0,0,0,614.861070125297,0,0,0,0,0,0,0,0,0,61777.2734375,10522.009765625
"NGA",3,1,"LSMS-ISA2015",2015,5,10,1005,1374,0,100086,2,0,6000,0,0,0,5840,0,0,4800,821.428588867188,0,0,0,0,5214.28564453125,0,2433.33325195313,3000,0,4237.61376953125,0,0,0,0,8006.33687447384,6671.94707536022,0,0,0,5337.55775629857,0,10675.1155125971,13343.8941507204,0,16546.4291737285,0,7739.45885690767,2401.90091338899,0,0,0,1334.38943907464,4003.16850650136,0,0,0,0,0,8913.50693380763,0,0,0,0,0,0,0,0,10675.1155125971,0,0,0,0,0,0,0,0,127995.4921875,10522.009765625
"NGA",3,1,"LSMS-ISA2015",2015,5,10,1005,1374,0,100087,1,0,0,0,0,0,2433.33325195313,0,0,0,2259.52392578125,0,0,0,0,0,0,0,10000,0,14794.4150390625,0,0,0,0,0,0,0,0,0,0,0,0,0,0,0,0,0,0,0,0,0,62050.0007324219,0,0,0,0,5214.28564453125,15642.857421875,4171.42822265625,0,14544.1330566406,0,0,12514.2861328125,9819.109375,0,25840.0422363281,0,14600.0001220703,4039.7626953125,0,0,0,10459.8570022583,0,0,208383.046875,10522.009765625
"NGA",3,1,"LSMS-ISA2015",2015,5,10,1005,1374,0,100088,7,0,1714.28576660156,0,0,0,695.238071986607,0,0,571.428571428571,372.448974609375,0,0,3476.19056919643,0,0,0,21726.189453125,0,0,3299.87255859375,0,0,0,1352.96032276864,0,4509.86753043041,3607.89408798385,0,1803.94704399192,901.973521995962,18039.4701217216,0,4509.86753043041,0,3382.40062823293,450.986760997981,4960.85444993224,811.776143972558,0,0,0,8117.76172734847,180.394713823373,0,0,0,4034.0559830435,0,3012.51906489446,0,0,716.273103341402,0,0,0,0,0,0,0,0,0,0,0,0,0,0,92248.65625,10522.009765625
"NGA",3,1,"LSMS-ISA2015",2015,5,10,1005,1374,0,100089,5,1703.33337402344,7200,0,0,0,1216.66669921875,0,0,4800,7600.9521484375,0,0,14600,0,7300,0,9733.333984375,0,0,10803.55078125,0,0,0,0,0,5214.285546875,2085.7142578125,0,6674.28583984375,3128.57138671875,0,41714.284375,20857.1421875,6257.14296875,2607.14282226563,2607.14282226563,3441.42861328125,2085.7142578125,0,1772.85715332031,0,11158.5712890625,2398.57141113281,0,0,0,9414.4171875,0,0,0,0,0,0,0,0,0,0,0,0,0,0,0,0,0,0,1216.66674804688,187591.765625,10522.009765625
"NGA",3,1,"LSMS-ISA2015",2015,5,10,1005,1374,0,100090,2,2920,0,0,0,0,1216.66662597656,0,0,0,3363.21435546875,0,0,0,0,0,0,2433.33325195313,2000,0,7718.3173828125,0,0,0,0,6517.85693359375,0,0,0,1825,0,0,11732.1427001953,18250,0,11732.142578125,0,9907.14282226563,6517.85693359375,0,3128.57153320313,0,3910.71423339844,7821.4287109375,0,0,0,0,11058.52734375,15642.8559570313,0,0,0,0,0,0,0,0,0,0,0,0,0,0,15.6428565979004,0,0,127711.40625,10522.009765625
"NGA",3,1,"LSMS-ISA2015",2015,5,10,1005,662,1,100091,1,4866.66650390625,12000,0,1216.66662597656,0,4866.66650390625,0,0,38000,14530.4765625,0,0,24333.333984375,0,26071.427734375,0,36500,0,0,23533.94921875,0,0,0,0,234642.859375,41714.28515625,1564.28576660156,0,11471.4287109375,10428.5712890625,44321.4296875,23464.2854003906,57357.142578125,8864.28564453125,62571.4301757813,0,13035.7143554688,5214.28564453125,0,6257.14306640625,0,15121.4284667969,22160.7139892578,0,0,0,0,0,0,0,0,0,0,0,0,0,5214.28564453125,0,0,0,0,0,0,0,0,0,749322.9375,10616.802734375
"NGA",3,1,"LSMS-ISA2015",2015,5,10,1005,662,1,100092,11,0,545.454528808594,0,0,0,1106.06063565341,0,0,0,515.692626953125,0,0,1106.06063565341,0,2370.12979403409,0,1327.27270507813,909.090881347656,0,5817.408203125,0,0,0,1422.07794744318,4740.25958806818,3318.18181818182,1185.06489701705,0,0,0,0,711.038973721591,10191.5582386364,0,4266.23379794034,0,3792.20783025568,0,0,0,0,1659.09090909091,1422.07794744318,0,0,0,3533.45063920455,0,1583.20862926136,0,0,948.051935369318,0,0,0,0,0,0,0,7657.86647727273,0,0,0,224.468056418679,0,0,60352.0078125,10616.802734375
"NGA",3,1,"LSMS-ISA2015",2015,5,10,1005,662,1,100093,6,0,0,0,0,0,304.166666666667,0,0,0,0,0,0,0,0,0,0,10138.888671875,0,0,5000,0,0,0,0,8746.0643233037,0,0,0,2526.64086756068,2915.35489400992,0,4858.92459526757,2915.35489400992,0,4373.03216165185,0,4858.92467664777,1554.85597624175,0,0,0,1943.56986401807,0,0,0,971.78484232752,0,0,6491.36713851776,0,0,0,0,0,0,0,0,0,0,0,0,0,0,0,0,0,57598.9296875,10616.802734375
"NGA",3,1,"LSMS-ISA2015",2015,5,10,1005,662,1,100094,17,0,1058.82348632813,0,0,0,250.490205652574,0,0,447.058823529412,23.529411315918,0,0,0,0,0,0,1431.37255859375,0,0,4254.86474609375,0,0,0,2147.05882352941,5521.00827205882,1533.61339613971,4294.11764705882,0,460.08402745864,1226.89073988971,0,3067.22679227941,1226.89073988971,0,690.126034007353,0,3067.22684972426,0,0,0,0,3159.24362362132,153.361342486213,0,0,0,0,0,0,0,0,0,0,0,0,0,0,0,2058.68106617647,0,0,0,0,0,0,0,36071.66796875,10616.802734375
"NGA",3,1,"LSMS-ISA2015",2015,5,10,1005,662,1,100095,6,0,8000,0,811.111083984375,202.777770996094,1520.83333333333,0,0,0,543.253967285156,0,0,8111.111328125,0,0,0,25347.220703125,0,0,59415.734375,0,0,0,1100.00772368891,5500.03855497474,0,0,0,1925.0135884889,5500.03878937678,0,17050.1201460754,11550.0813372215,1650.01165308908,4400.03104777747,0,8690.06103392225,4070.02863772716,0,110.000777781182,0,0,2200.01544737782,0,0,4239.61322681273,0,0,6601.25418198895,0,0,1993.46649972335,0,0,0,9058.88717189809,0,0,4400.03089475563,0,0,1554.67762626272,0,0,0,0,195545.4375,10616.802734375
"NGA",3,1,"LSMS-ISA2015",2015,5,10,1005,662,1,100096,5,0,4800,0,2433.3333984375,0,0,0,0,10200,6391.4287109375,0,0,0,0,0,1703.3333984375,14600,0,0,9600,0,0,0,0,2398.48638045747,0,0,0,2398.48642928559,0,0,9593.94552182987,10793.1885966394,959.394593021779,3717.6539625052,0,5156.7457232965,1199.24319022873,1199.24319022873,7075.5351091132,0,14990.5398201496,4137.38916520357,0,0,0,0,0,8010.7517124814,0,0,0,0,0,0,0,0,1499.05395893112,0,0,0,0,0,0,0,10463.333984375,133321.09375,10616.802734375
"NGA",3,1,"LSMS-ISA2015",2015,5,10,1005,662,1,100097,4,1216.66662597656,9000,0,1520.83337402344,0,0,0,0,2150,2475,0,0,6083.33349609375,0,13035.7138671875,15208.3330078125,15208.3330078125,1000,0,47228.12890625,0,0,0,0,7821.4287109375,9776.7861328125,0,0,391.071441650391,3910.71435546875,0,16946.4288330078,8473.2138671875,0,6517.85705566406,1303.57141113281,4562.49993896484,11732.142578125,0,5996.4287109375,0,8603.57116699219,391.071441650391,0,0,0,0,0,4353.82373046875,0,2354.68310546875,0,0,0,8690.4755859375,0,0,0,1368.74990844727,12635.48046875,0,0,0,3744.8056640625,0,0,233701.125,10616.802734375
"NGA",3,1,"LSMS-ISA2015",2015,5,10,1005,662,1,100098,6,0,2000,0,202.777770996094,0,8111.111328125,405.555541992188,0,5833.33333333333,2333.8095703125,1013.88891601563,0,730,0,5214.28580729167,2433.33333333333,3244.4443359375,1433.33337402344,0,4000,0,958.664944400411,0,958.664944400411,0,4793.32464931409,0,0,2109.06292824748,8627.98458967615,0,10065.9817404055,19173.299248298,7669.31971796371,4313.99225414797,2396.66236534715,8627.98458967615,2875.99492327368,479.332472200206,0,1917.32988880082,6423.05515908982,2684.26186348198,0,0,0,9361.77772415548,0,6403.72775420727,0,0,0,0,0,0,0,0,0,0,0,0,0,0,0,0,4461.111328125,141257.421875,10616.802734375
"NGA",3,1,"LSMS-ISA2015",2015,5,10,1005,662,1,100100,1,0,9600,0,0,0,6083.33349609375,0,0,600,1216.66662597656,0,0,0,0,0,0,12166.6669921875,0,0,60000,0,0,0,0,0,0,0,0,28560.2675157585,12693.4521434829,0,95200.896392588,76160.7152237713,26656.250507926,25386.9042869658,69813.9887661858,95200.8913356236,38080.3576118856,0,0,0,0,20944.1959358457,0,0,0,0,0,31796.3312246235,0,0,95947.5596593914,0,0,0,0,0,0,0,0,0,0,0,0,0,9125,715233.4375,10616.802734375
"NGA",3,1,"LSMS-ISA2015",2015,5,10,1018,898,0,100101,1,0,18000,0,0,0,3650,0,0,0,521.428588867188,0,0,0,0,26071.427734375,0,0,0,0,10090.9638671875,0,0,0,0,8173.32596184936,0,0,0,2724.44190932564,0,0,27244.418543366,16346.6519236987,0,0,0,9807.9909673509,13077.3217917734,0,0,0,0,0,0,0,0,0,45989.6279185582,252.088078632642,0,0,0,0,0,0,0,4359.10725023353,0,0,0,0,0,0,65.3866045195477,0,0,186374.171875,19565.25
"NGA",3,1,"LSMS-ISA2015",2015,5,10,1018,898,0,100102,6,0,500,0,0,0,608.333333333333,0,0,2083.33333333333,773.8095703125,0,0,811.111083984375,0,10428.5716145833,0,2838.88891601563,166.66667175293,1738.09521484375,3000,0,0,0,0,4345.23795572917,0,0,0,1911.90478515625,0,0,0,3476.1904296875,2085.71435546875,2085.71435546875,0,2085.71429443359,3476.1904296875,0,2085.71435546875,0,4084.52380371094,2172.61897786458,0,0,0,0,0,8707.64713541667,0,0,11757.703125,0,0,14628.96875,0,0,0,0,0,0,0,0,104.285715738932,0,3041.66674804688,88998.6015625,19565.25
"NGA",3,1,"LSMS-ISA2015",2015,5,10,1018,898,0,100103,6,0,6000,0,0,0,608.333333333333,0,0,0,434.523803710938,0,0,2027.77783203125,0,0,0,10138.888671875,0,0,7544.19384765625,0,0,0,0,9280.31881150642,1546.71985617121,4124.58617461628,0,2165.40777613593,6186.87926192442,0,5155.73258664853,0,2062.29308730814,4640.15940575321,1546.71985617121,4124.58617461628,0,0,0,0,0,2062.29312799824,0,0,0,0,0,0,0,0,0,0,0,0,0,0,0,0,0,0,0,0,0,0,0,69649.4140625,19565.25
"NGA",3,1,"LSMS-ISA2015",2015,5,10,1018,898,0,100104,7,0,2571.42846679688,0,0,0,521.428571428571,0,0,2628.57142857143,260.714294433594,0,0,3476.19056919643,0,3724.48967633929,0,2607.14282226563,0,0,1536.32580566406,0,0,0,0,2234.69391741071,1489.7958984375,0,0,595.91836983817,744.89794921875,0,3724.48967633929,5214.28571428571,0,2979.591796875,0,2905.10205078125,1862.24483816964,0,446.938790457589,0,3426.53065708705,2979.591796875,0,0,0,0,0,2487.89927455357,0,0,0,0,0,0,0,0,0,0,0,0,0,0,8.93877519880022,0,0,48427.2109375,19565.25
"NGA",3,1,"LSMS-ISA2015",2015,5,10,1018,898,0,100105,3,0,4000,0,0,0,2027.77783203125,0,0,133.333333333333,709.920654296875,0,0,4055.5556640625,0,20857.1432291667,0,3244.4443359375,0,0,13603.6787109375,0,0,0,0,3537.51567661272,5306.27368054037,0,0,0,0,0,0,17687.5780632645,0,4421.89451581613,0,5483.14934843611,5306.27368054037,0,0,0,3891.26734364677,4421.89459719634,0,0,0,0,0,6433.02345686485,0,0,23930.2535096215,0,0,5950.96084424991,2122.50950534041,0,0,0,0,0,0,0,106.125473160993,0,0,137230.5625,19565.25
"NGA",3,1,"LSMS-ISA2015",2015,5,10,1018,898,0,100106,1,0,18000,0,0,0,6083.33349609375,0,0,17000,1825,0,0,24333.333984375,0,26071.427734375,0,9733.3330078125,0,0,17050.724609375,0,0,0,0,46928.5703125,0,0,0,5214.28576660156,0,0,0,10428.5712890625,15642.857421875,16685.7143554688,0,15642.8571777344,0,0,0,13035.7138671875,6257.14282226563,0,0,0,0,0,7821.4287109375,8707.6474609375,0,0,0,0,0,0,0,0,0,0,0,0,0,0,93.8571395874023,0,6083.33349609375,272639.09375,19565.25
"NGA",3,1,"LSMS-ISA2015",2015,5,10,1018,898,0,100107,2,0,91250,0,0,0,912.5,0,0,0,860.714294433594,0,0,0,0,0,0,0,2000,0,4039.71655273438,0,0,0,0,0,0,0,0,0,0,0,0,0,0,0,0,0,0,0,0,0,0,0,0,0,0,0,11002.3938704693,4741.12708920101,0,0,8818.27759684508,0,0,25202.3815827134,0,2607.14289709374,0,6085.44667734513,6059.64470516903,0,0,0,78.2142890490426,0,0,163657.5625,19565.25
"NGA",3,1,"LSMS-ISA2015",2015,5,10,1018,898,0,100108,3,0,4000,0,1622.22216796875,0,608.333333333333,0,0,0,240.476196289063,0,0,0,0,0,0,0,333.333343505859,1738.09521484375,8286.0205078125,0,0,0,0,4398.95987411376,5278.75211716625,4398.95987411376,0,0,0,0,8797.91974822752,10557.5042343325,0,0,0,1231.70884665305,4398.95987411376,0,0,0,0,4047.0432705132,0,0,0,0,0,0,0,0,7038.33593269689,0,0,0,0,3519.16796634844,0,0,0,0,0,0,0,0,0,70495.796875,19565.25
"NGA",3,1,"LSMS-ISA2015",2015,5,10,1018,898,0,100109,4,0,9000,0,0,0,608.333312988281,0,0,0,651.785705566406,0,0,0,0,0,0,8516.6669921875,0,13035.7138671875,9000,0,0,0,0,26071.427734375,39107.14453125,9125,0,6517.85717773438,37803.5705566406,0,1303.57141113281,0,0,5866.0712890625,0,6517.85717773438,2607.14282226563,0,0,0,38455.3576660156,651.785705566406,0,0,0,0,0,0,0,0,0,0,0,0,0,0,0,0,0,0,0,0,0,0,0,214839.296875,19565.25
"NGA",3,1,"LSMS-ISA2015",2015,5,10,1018,898,0,100110,1,0,12000,0,0,0,3650,0,0,0,521.428588867188,0,0,0,0,0,0,0,0,0,5720.69140625,0,0,0,0,10428.5712890625,0,0,0,10950,5214.28564453125,0,0,78214.283203125,2607.14282226563,57357.14453125,0,18771.4287109375,0,2607.14282226563,10428.5712890625,0,0,11992.8570556641,0,0,0,0,0,17415.294921875,0,0,9431.72265625,0,0,0,0,0,0,0,0,0,0,0,0,0,0,257310.546875,19565.25
"NGA",3,1,"LSMS-ISA2015",2015,5,10,1018,634,1,100111,6,1946.66662597656,4600,0,0,0,4055.5556640625,0,1419.44445800781,8100,6580.23828125,0,0,40555.5546875,0,869.047607421875,0,32444.4453125,7097.22216796875,0,36000,0,0,0,3128.5712890625,0,0,0,0,5040.47623697917,8690.47591145833,15642.8567708333,14773.8093261719,26071.4290364583,0,869.047607421875,6952.38094075521,4519.04768880208,0,0,0,0,15208.3330891927,0,0,0,0,4903.34244791667,3667.46451822917,2902.54915364583,0,0,22419.1328125,0,0,0,9385.71419270833,3823.8095703125,0,1680.15869140625,3366.46875,0,5052.0634358724,0,2711.42861938477,0,38527.77734375,343004.53125,7678.2236328125
"NGA",3,1,"LSMS-ISA2015",2015,5,10,1018,634,1,100112,3,0,8000,0,0,0,0,0,0,0,0,0,0,202777.770833333,0,0,0,89222.21875,0,0,77370.6953125,0,0,0,3511.3142395381,5266.97152505414,0,3511.3142395381,0,4915.84000344408,14045.2569581524,0,26334.8582822855,24579.200020207,12289.6000101035,7900.45695907381,1755.65711976905,10533.9427245874,3511.3142395381,1755.65711976905,19312.2291402213,0,17556.5708781428,3511.3142395381,0,0,0,0,0,0,0,0,0,0,0,0,0,0,0,0,0,0,0,0,0,0,0,537662.1875,7678.2236328125
"NGA",3,1,"LSMS-ISA2015",2015,5,10,1018,634,1,100113,4,0,7500,10645.8330078125,0,0,4866.66650390625,0,0,6750,1564.28564453125,0,0,12166.6669921875,0,13035.7138671875,0,19770.83203125,1500,0,71959.6484375,0,0,0,0,0,6517.85693359375,5214.28564453125,0,4171.42864990234,0,22160.71484375,17598.2144165039,7821.4287109375,13817.8566894531,35848.212890625,0,18249.9995117188,9125,0,2476.78576660156,0,11862.5001220703,7821.4287109375,0,0,0,1820.81420898438,0,0,0,0,0,0,0,0,0,0,0,1564.28552246094,0,0,0,0,15.6428565979004,0,1520.83337402344,317366.9375,7678.2236328125
"NGA",3,1,"LSMS-ISA2015",2015,5,10,1018,634,1,100115,2,0,12000,0,0,0,6083.33349609375,0,0,2500,8078.5712890625,0,0,30416.666015625,0,10428.5712890625,0,24333.333984375,18250,0,55000,0,0,0,0,0,7821.4287109375,0,0,7821.4287109375,0,0,0,26071.427734375,0,0,26071.4284667969,9385.71423339844,0,0,0,0,0,7821.4287109375,0,0,0,7773.5908203125,0,10457.189453125,0,0,0,93857.140625,0,16685.712890625,0,5735.71435546875,0,1303.57153320313,21059.1328125,0,0,0,156.428573608398,0,55966.66796875,465078.46875,7678.2236328125
"NGA",3,1,"LSMS-ISA2015",2015,5,10,1018,634,1,100117,8,0,7500,5475,0,0,3041.66674804688,0,1064.58337402344,14250,2172.619140625,0,0,22812.5,0,9776.7861328125,0,12166.6669921875,0,0,50905.25,0,0,0,0,0,19553.572265625,16294.642578125,0,9516.07144165039,2607.14282226563,0,29982.1431274414,9776.7861328125,3258.92846679688,42366.0712890625,4236.60717773438,37803.5708007813,26071.427734375,1629.46423339844,1303.57141113281,0,10167.8571777344,6061.6070098877,0,0,0,5955.7666015625,0,0,0,0,0,35196.4296875,0,0,5866.0712890625,3128.57153320313,0,1824.99975585938,0,0,0,0,0,0,760.416687011719,402526.8125,7678.2236328125
"NGA",3,1,"LSMS-ISA2015",2015,5,10,1018,634,1,100118,6,0,6000,0,0,0,0,0,0,1516.66666666667,86.9047622680664,0,0,0,0,869.047607421875,0,2027.77770996094,0,0,16546.298828125,0,0,0,0,1996.33405852318,0,6987.16928621133,0,1896.51736771979,0,0,0,0,898.350369186424,1097.98376075508,0,2595.23438602767,2395.60098449713,598.900246124283,299.450123062141,0,698.7169265445,2295.78421189226,0,0,0,0,0,0,0,1443.77741360115,0,0,0,19590.1935528803,0,0,0,299.450123062141,0,0,0,0,0,0,0,70140.1640625,7678.2236328125
"NGA",3,1,"LSMS-ISA2015",2015,5,10,1018,634,1,100119,5,0,4800,8516.66640625,0,0,4866.666796875,0,1703.33337402344,9600,5110,0,0,24333.3328125,0,20857.1421875,0,21900,9733.333984375,0,36000,0,0,0,0,0,5214.285546875,15642.8578125,0,7300,8342.85703125,17728.571875,14600,17728.571484375,12514.2859375,30242.855859375,3128.571484375,9385.71420898437,3128.571484375,0,22838.571484375,7821.42890625,51100.0005859375,11679.999609375,0,0,0,4764.61328125,0,0,0,0,0,0,0,0,0,0,0,0,0,0,0,0,18.7714279174805,0,38933.33203125,429534.375,7678.2236328125
"NGA",3,1,"LSMS-ISA2015",2015,5,10,1018,634,1,100120,1,0,24000,42583.33203125,0,0,6083.33349609375,0,8516.6669921875,39000,8690.4765625,0,0,121666.6640625,0,52142.85546875,0,36500,7000,0,224780.53125,0,0,0,0,208571.421875,0,62571.4296875,0,7821.42846679688,10428.5712890625,0,44321.4279785156,20857.142578125,0,138178.5703125,0,33892.8566894531,10428.5712890625,0,12514.2861328125,0,8864.28564453125,39628.5703125,0,0,0,0,0,0,0,0,0,0,0,0,10428.5712890625,0,0,0,0,0,9269.8408203125,0,62.5714263916016,0,6083.33349609375,1194886.75,7678.2236328125
"NGA",3,1,"LSMS-ISA2015",2015,5,10,1020,38,1,100121,1,0,2400,0,0,0,1216.66662597656,0,0,0,521.428588867188,0,0,0,0,0,0,0,1000,0,12000,0,0,0,0,0,0,0,0,0,0,0,0,0,0,0,0,0,0,0,0,0,31285.7138671875,0,0,0,0,3922.673828125,0,2844.67602539063,0,698.341857910156,0,0,0,8509.89453125,0,1390.47619628906,0,9211.90484619141,0,0,0,0,5245.57135772705,0,0,80247.3515625,17972.73046875
"NGA",3,1,"LSMS-ISA2015",2015,5,10,1020,38,1,100122,1,0,6000,0,0,0,6083.33349609375,0,0,0,2607.14282226563,0,0,0,0,20857.142578125,0,54750,0,0,38413.8125,0,0,0,0,9385.7138671875,0,7821.4287109375,0,7821.4287109375,0,0,0,15642.857421875,0,5214.28564453125,0,10428.5712890625,5214.28564453125,0,0,0,41714.28515625,6778.57153320313,0,0,0,0,0,0,0,0,0,0,0,0,0,0,0,0,0,0,0,0,0,0,0,238732.859375,17972.73046875
"NGA",3,1,"LSMS-ISA2015",2015,5,10,1020,38,1,100123,7,0,1885.71423339844,6083.33314732143,0,0,2607.14285714286,0,2607.14282226563,0,1132.31286621094,0,0,2607.14285714286,0,14897.9587053571,39976.1919642857,17380.951171875,173809.515625,0,17233.59765625,0,0,0,0,0,5911.8150501281,0,0,3941.20994041278,6897.11753983676,0,0,42368.0075431656,6897.11753983676,0,14779.5375601712,5911.81491061917,0,0,6404.46594160464,0,0,0,0,0,0,9003.31447779105,0,6581.66219652401,0,0,0,17735.4444436287,15764.8397616511,0,2364.72608513299,3941.20994041278,0,1773.54443133307,9225.37225090398,0,0,0,4118.56436472583,0,695.238098144531,444535.96875,17972.73046875
"NGA",3,1,"LSMS-ISA2015",2015,5,10,1020,38,1,100124,1,0,6000,18250,0,0,0,0,0,0,2607.14282226563,0,0,0,0,0,0,4866.66650390625,0,0,132161.953125,0,0,0,0,0,52142.85546875,0,104285.7109375,2607.14282226563,83428.5747070313,0,36500,312857.15625,4692.85693359375,0,0,14078.5712890625,0,0,5214.28564453125,0,0,15121.4288330078,0,0,0,3886.79541015625,0,0,0,0,0,0,0,0,0,4866.66650390625,0,0,0,0,0,0,0,0,0,803567.875,17972.73046875
"NGA",3,1,"LSMS-ISA2015",2015,5,10,1020,38,1,100125,2,0,3000,0,4866.66650390625,0,9125,0,0,10000,1477.380859375,0,0,17033.333984375,0,18250,0,9125,0,0,49245.984375,0,0,0,0,41714.28515625,23464.28515625,0,0,3389.28570556641,2607.14282226563,0,11732.1427001953,15642.857421875,0,521.428588867188,3128.57153320313,11992.8571777344,6517.85693359375,0,1825,3910.71435546875,33110.7136230469,19814.28515625,0,0,0,0,0,4353.82373046875,0,0,0,0,0,0,5214.28564453125,4275.71423339844,0,0,0,0,4634.92041015625,0,31.2857131958008,0,0,320004.8125,17972.73046875
"NGA",3,1,"LSMS-ISA2015",2015,5,10,1020,38,1,100126,3,0,4000,0,0,0,1622.22216796875,0,0,24333.3333333333,2491.26977539063,0,0,12166.6666666667,0,17380.9518229167,101388.885416667,12166.6669921875,16222.22265625,0,77370.6953125,0,0,0,0,15642.8567708333,12166.6666666667,43452.3802083333,0,3823.8095703125,5214.28580729167,14773.8098958333,15642.8569335938,20857.142578125,11297.6184895833,46928.5710449219,869.047607421875,15642.8570963542,5214.28580729167,0,4171.42862955729,0,29026.1902669271,20509.5240885417,0,0,0,0,0,0,0,0,0,0,0,0,0,0,0,0,0,0,3089.94694010417,0,41.7142842610677,0,4055.5556640625,541563.4375,17972.73046875
"NGA",3,1,"LSMS-ISA2015",2015,5,10,1020,38,1,100127,4,0,7500,0,0,0,7604.16650390625,0,0,150,2511.90478515625,0,0,9125,0,5214.28564453125,0,24333.333984375,500,0,30158.794921875,0,0,0,0,0,0,1321.37436645446,0,0,0,0,0,36998.4817354613,0,3303.435855101,3303.435855101,3964.12303832823,4624.81034362578,0,0,0,0,3699.84827582518,0,0,0,3976.24602700889,11152.6539229153,0,0,0,9249.62068725156,0,0,0,0,4017.48622602978,5285.49746581785,660.687183227232,0,0,0,0,546.435019809071,0,0,179201.625,17972.73046875
"NGA",3,1,"LSMS-ISA2015",2015,5,10,1020,0,1,100128,9,0,1066.66662597656,0,0,0,2027.77777777778,0,0,755.555555555556,641.216918945313,0,0,1622.22222222222,0,5214.28559027778,0,5407.40771484375,0,0,2666.66674804688,0,0,0,0,0,3476.19053819444,0,0,1390.47623697917,0,0,2607.14279513889,5793.65060763889,695.238118489583,0,1158.73014322917,1158.7301703559,2607.14279513889,0,1390.47623697917,0,7763.49197048611,0,0,0,0,2541.82573784722,0,1009.59613715278,0,0,0,0,0,0,1448.41276041667,2607.14290364583,0,695.238118489583,0,0,1544.97352430556,0,1144.65989176432,0,2703.70385742188,61138.62109375,17972.73046875
"NGA",3,1,"LSMS-ISA2015",2015,5,10,1020,38,1,100129,1,0,12000,0,0,0,6083.33349609375,0,6083.33349609375,0,3021.4287109375,0,0,24333.333984375,0,15642.857421875,0,19466.666015625,800,0,49526.6640625,0,0,0,0,5214.28564453125,0,0,0,8864.28588867188,10428.5712890625,0,36500.0004882813,93857.146484375,4171.4287109375,11471.4287109375,10428.5712890625,15121.4284667969,5214.28564453125,0,5735.71447753906,0,94900.0009765625,0,0,0,0,0,0,0,0,0,0,0,0,0,0,0,0,0,0,0,0,0,0,0,0,438864.78125,17972.73046875
"NGA",3,1,"LSMS-ISA2015",2015,5,10,1020,38,1,100130,6,0,6000,0,0,0,608.333333333333,0,0,0,4084.52368164063,0,0,0,0,0,0,6083.33349609375,0,0,11642.0859375,0,0,0,2607.14290364583,7821.42838541667,6517.857421875,6083.33333333333,0,2172.61897786458,4345.23811848958,0,15642.8577473958,10428.5716145833,0,1303.57145182292,1738.09521484375,3476.19051106771,3910.71419270833,0,0,0,61702.3820800781,0,0,0,0,0,0,0,0,0,0,0,0,0,0,0,0,0,0,0,0,0,0,0,0,156168.28125,17972.73046875
"NGA",3,1,"LSMS-ISA2015",2015,5,10,1025,1774,0,100131,8,0,2250,0,0,0,3802.08325195313,0,0,1750,772.023803710938,0,0,0,0,16294.642578125,0,15208.3330078125,0,1303.57141113281,14194.92578125,0,0,0,0,3258.92846679688,0,1955.35717773438,0,2867.85723876953,9776.7861328125,0,6517.85693359375,6517.85693359375,1303.57141113281,13296.428894043,5866.0712890625,5149.10705566406,1629.46423339844,0,1303.57141113281,7821.4287109375,14339.2856445313,3649.99987792969,0,0,0,0,2764.6318359375,0,0,0,0,0,0,0,0,5181.69653320313,2415.44116210938,325.892852783203,0,0,0,0,78.2142868041992,0,760.416687011719,152355.4375,11659.5244140625
"NGA",3,1,"LSMS-ISA2015",2015,5,10,1025,1774,0,100132,4,0,7500,10645.8330078125,0,0,456.25,0,0,12000,1042.85717773438,0,0,0,0,19553.572265625,0,9125,0,0,37527.96484375,0,0,0,0,71696.4296875,0,4562.5,0,6908.92864990234,5214.28564453125,0,21508.9288330078,5214.28564453125,0,33892.8565673828,260.714294433594,5866.07141113281,0,0,4692.85729980469,7821.4287109375,35848.2142333984,5214.28564453125,0,0,0,0,0,0,0,0,0,0,0,0,0,0,0,0,0,0,0,0,23.4642848968506,0,1520.83337402344,308097.59375,11659.5244140625
"NGA",3,1,"LSMS-ISA2015",2015,5,10,1025,1774,0,100133,4,0,9000,0,0,0,3041.66674804688,0,0,9000,1868.45239257813,0,0,15208.3330078125,0,26071.427734375,0,9125,3500,0,32903.671875,0,0,0,0,65178.5703125,0,19553.572265625,0,8342.85729980469,3910.71435546875,5214.28564453125,5866.07141113281,10428.5712890625,0,16294.6431274414,0,9776.78558349609,7821.4287109375,0,3128.57153320313,0,13296.4285888672,11471.4287109375,0,0,0,0,0,0,0,0,0,0,0,0,3910.71435546875,1564.28576660156,0,0,0,0,4634.92041015625,0,23.4642848968506,0,0,300135.875,11659.5244140625
"NGA",3,1,"LSMS-ISA2015",2015,5,10,1025,1774,0,100134,2,0,18000,0,0,0,1216.66662597656,0,0,0,0,0,0,0,0,0,0,30416.666015625,0,0,48000,0,0,0,3910.71435546875,5214.28564453125,5214.28564453125,10428.5712890625,0,3650,5214.28564453125,23464.28515625,13035.7138671875,15642.857421875,0,11732.142578125,1303.57141113281,10428.5715332031,5214.28564453125,0,0,0,31285.7133789063,3128.57141113281,0,0,0,0,0,0,0,0,0,0,0,0,0,0,0,0,0,0,0,0,0,0,0,246501.203125,11659.5244140625
"NGA",3,1,"LSMS-ISA2015",2015,5,10,1025,1774,0,100135,3,3893.33325195313,10000,6083.33333333333,0,0,1216.66666666667,0,0,13000,6952.380859375,0,0,16222.22265625,0,13904.76171875,0,12166.6669921875,0,0,28000,0,0,0,0,0,0,0,0,5909.52376302083,3476.1904296875,0,13035.7142740885,41714.2845052083,2085.71435546875,21726.1908365885,3128.5712890625,9559.52368164063,27809.5234375,0,5909.52376302083,0,13730.9522298177,9733.3330078125,0,0,0,6537.78971354167,0,2902.54915364583,0,0,0,0,0,0,3476.1904296875,2085.71435546875,0,869.047688802083,3366.46875,0,2471.95751953125,0,31.2857131958008,0,32444.4453125,323443.84375,11659.5244140625
"NGA",3,1,"LSMS-ISA2015",2015,5,10,1025,1774,0,100136,4,0,15000,10645.8330078125,0,0,1520.83337402344,0,0,9750,3387.5,0,0,9125,0,13035.7138671875,0,30416.666015625,1000,0,54000,0,0,0,0,0,7821.4287109375,0,0,3910.71435546875,3910.71435546875,23464.28515625,11732.142578125,0,0,0,14991.0716552734,6517.85705566406,2607.14282226563,0,0,0,29330.3571777344,0,0,0,0,3432.33959960938,0,1659.39440917969,0,0,0,0,0,0,14078.5715332031,5735.71435546875,0,1694.64282226563,0,0,2317.46020507813,0,2938.82939910889,0,54750,338774.1875,11659.5244140625
"NGA",3,1,"LSMS-ISA2015",2015,5,10,1025,1774,0,100138,7,1390.47619628906,2571.42846679688,0,0,0,4345.23800223214,0,0,0,177.551025390625,0,0,1738.09528459821,0,11173.4698660714,0,2433.33349609375,0,0,34285.71484375,0,0,0,0,8673.03110718599,0,2601.909486303,0,2601.909486303,3469.21253514088,0,9540.33480521686,10407.637945212,0,0,0,2601.90938616278,0,0,0,0,0,4163.05499344638,0,0,0,0,5518.16454386486,0,0,0,0,0,0,0,0,3816.13389059178,0,1040.76364161598,3359.71109316138,0,0,0,0,0,34761.90234375,150670.984375,11659.5244140625
"NGA",3,1,"LSMS-ISA2015",2015,5,10,1025,0,0,100139,6,0,10000,7097.22200520833,0,0,4055.5556640625,0,0,4000,1042.85705566406,0,0,4055.5556640625,0,13035.71484375,0,12166.6669921875,0,0,39508.4375,0,0,0,0,0,0,0,0,3041.66670735677,5214.28564453125,7386.90494791667,14339.2862955729,8690.47591145833,0,0,2867.85705566406,6952.38098144531,1303.57145182292,0,2780.95239257813,0,9907.14282226563,5214.28564453125,0,0,0,3932.85546875,0,5562.732421875,0,0,0,0,0,0,1158.73022460938,3910.71435546875,0,625.714274088542,0,0,1235.97875976563,0,15.6428565979004,0,2027.77783203125,181130.96875,11659.5244140625
"NGA",3,1,"LSMS-ISA2015",2015,4,11,1104,2028,1,110001,1,36500,84000,42583.33203125,0,0,0,0,43800,0,90250.4765625,0,0,48666.66796875,0,521428.5625,0,127750,32000,0,14400,0,0,0,15642.857421875,6257.14306640625,0,0,0,10428.5712890625,10428.5712890625,0,2607.14282226563,15642.857421875,7821.4287109375,5214.28564453125,18249.9995117188,7821.42846679688,10428.5712890625,52142.85546875,5214.28564453125,0,26071.4287109375,5214.28564453125,0,0,0,0,0,6517.85693359375,0,0,0,0,0,0,0,0,0,0,0,0,0,0,0,0,146000,1393082.625,3618.34155273438
"NGA",3,1,"LSMS-ISA2015",2015,4,11,1104,2028,1,110002,9,0,4000,0,0,0,324.444444444444,0,3244.4443359375,155.555555555556,801.455017089844,0,0,4055.55555555556,0,579.365071614583,0,6759.25927734375,0,0,16000,0,0,0,1158.73014322917,1390.47623697917,0,1738.09521484375,0,1100.79367404514,579.365071614583,0,0,2896.82541232639,0,3244.44444444444,579.365071614583,2317.46028645833,0,0,1158.73014322917,0,6662.69845920139,4055.55544704861,0,0,0,0,0,724.206325954861,0,0,0,0,0,0,0,0,0,0,0,0,0,0,0,0,0,63526.8203125,3618.34155273438
"NGA",3,1,"LSMS-ISA2015",2015,4,11,1104,2028,1,110003,4,4562.5,10800,0,0,0,6083.33349609375,0,3650,7750,12802.857421875,0,0,0,0,26071.427734375,0,12166.6669921875,10000,0,18000,0,0,0,4692.85693359375,13035.7138671875,13035.7138671875,11732.142578125,0,2933.03567504883,2607.14282226563,0,22160.7136230469,11732.142578125,4171.42858886719,6778.57141113281,2607.14282226563,8473.21423339844,6517.85693359375,1303.57141113281,3258.92858886719,0,44973.2155761719,7691.07159423828,0,0,0,0,0,0,0,1921.93249511719,0,0,0,0,0,0,10324.4396972656,0,0,0,1564.28576660156,0,0,0,18250,311651.90625,3618.34155273438
"NGA",3,1,"LSMS-ISA2015",2015,4,11,1104,2028,1,110004,8,486.666656494141,13050,5322.91650390625,0,0,2281.25,0,3802.08325195313,2825,35211.1328125,0,0,45625,0,32589.28515625,0,9885.416015625,28802.083984375,0,52472.39453125,0,0,0,0,24767.857421875,3910.71435546875,5051.33935546875,0,1955.35711669922,1303.57141113281,11732.142578125,10428.5712890625,6517.85693359375,2281.25,3780.35711669922,4171.42858886719,4562.49996948242,4236.60693359375,9776.7861328125,14013.3927001953,6517.85693359375,59638.3934326172,2085.71434020996,0,0,7074.2236328125,0,0,0,0,0,2380.4345703125,0,0,0,0,828.937683105469,3032.47448730469,160.983215332031,0,0,0,0,0,0,38781.25,461343.25,3618.34155273438
"NGA",3,1,"LSMS-ISA2015",2015,4,11,1104,2028,1,110005,7,347.619049072266,7200,0,0,0,869.047642299107,347.619035993304,2085.71435546875,0,3028.06103515625,0,0,0,0,14897.9587053571,0,11297.6181640625,142.857147216797,0,5142.85693359375,0,0,0,2234.69391741071,1787.75516183036,0,3128.57142857143,0,1117.34695870536,0,0,0,5214.28557477679,5959.18359375,7448.97956194196,0,8566.32652064732,2607.14285714286,1862.24483816964,5735.71407645089,0,53632.6533203125,2160.20413643973,0,0,0,0,0,0,0,0,0,0,0,0,0,0,0,0,0,0,0,0,0,0,5214.28564453125,152028.734375,3618.34155273438
"NGA",3,1,"LSMS-ISA2015",2015,4,11,1104,2028,1,110006,2,9125,18000,0,0,0,1825,0,14600,0,2507.380859375,0,0,0,0,0,0,15208.333984375,500,0,120000,0,0,0,5214.28564453125,20857.142578125,0,13035.7138671875,0,5214.28564453125,0,0,26071.427734375,13035.7138671875,0,14339.2854003906,0,21899.9995117188,3910.71435546875,5996.4287109375,3128.57153320313,0,66482.142578125,1303.57141113281,0,0,0,5498.70068359375,0,6517.85693359375,0,0,0,0,0,0,0,0,0,0,0,0,0,0,0,0,91250,485521.5625,3618.34155273438
"NGA",3,1,"LSMS-ISA2015",2015,4,11,1104,2028,1,110007,6,4055.5556640625,11600,7097.22200520833,0,0,851.666666666667,0,5069.4443359375,4916.66666666667,15622.8974609375,0,0,11761.1106770833,0,17380.9518229167,0,27375,16805.5546875,0,17615.677734375,0,0,0,0,30416.6666666667,21726.1901041667,1738.09521484375,0,3476.1904296875,1738.09521484375,0,8690.47591145833,8690.47623697917,7647.61897786458,6691.66678873698,5648.8095703125,5996.42854817708,2433.33333333333,0,9385.71443684896,1738.09521484375,38672.6183268229,4258.33337402344,0,0,3144.099609375,0,0,1079.57739257813,0,0,0,0,0,0,0,2038.16463216146,0,251.290873209635,0,0,0,0,0,0,6793.0556640625,312406.75,3618.34155273438
"NGA",3,1,"LSMS-ISA2015",2015,4,11,1104,2028,1,110008,1,3893.33325195313,36000,0,0,0,3650,0,0,24000,10076.6669921875,0,0,6083.33349609375,0,7821.4287109375,0,48666.66796875,0,0,96642.796875,0,0,0,18250,182500,0,56314.28515625,0,5214.28564453125,31285.71484375,0,31285.71484375,93857.140625,20857.142578125,33371.4287109375,14599.9995117188,68828.5698242188,0,13035.7138671875,52664.28515625,0,41714.2856445313,15642.8566894531,0,0,0,0,0,0,0,547.500061035156,0,0,0,0,0,0,0,0,0,0,0,0,0,0,1825,918628.3125,3618.34155273438
"NGA",3,1,"LSMS-ISA2015",2015,4,11,1104,2028,1,110009,9,1622.22216796875,2000,0,0,0,4055.55555555556,0,0,4822.22222222222,745.449768066406,0,0,0,0,20277.7777777778,0,12437.037109375,888.888916015625,0,14666.6669921875,0,0,0,1738.09526909722,20857.1423611111,17380.953125,20277.7777777778,17380.953125,6952.38075086806,3476.19053819444,0,6952.38107638889,2027.77777777778,2317.46028645833,13904.76171875,1158.73014322917,5040.47623697917,8690.4765625,1448.41265190972,9269.84103732639,0,5214.28559027778,2896.82533094618,0,0,0,0,0,0,0,0,0,0,0,0,0,0,0,0,0,0,0,0,0,0,19128.703125,227629.453125,3618.34155273438
"NGA",3,1,"LSMS-ISA2015",2015,4,11,1104,2028,1,110010,6,1095,6000,0,0,0,2027.77783203125,0,5069.4443359375,23766.6666666667,6450.634765625,4055.5556640625,0,24333.3333333333,0,17380.9518229167,0,6488.888671875,23611.109375,0,24000,0,0,0,1738.09521484375,34761.9036458333,17380.9518229167,26071.4296875,0,1738.09521484375,0,0,10863.0955403646,4345.23795572917,10863.0953776042,13904.7618815104,3476.19051106771,6517.85717773438,8690.47591145833,2172.61897786458,695.238118489583,1738.09521484375,1303.57145182292,2172.61901855469,0,0,0,0,0,3258.9287109375,0,0,11358.0747070313,0,0,0,0,1336.99641927083,994.559163411458,845.68603515625,3976.5791015625,0,26.0714314778646,0,0.130357146263123,0,24941.66796875,339451.34375,3618.34155273438
"NGA",3,1,"LSMS-ISA2015",2015,4,11,1112,1952,0,110011,8,0,750,0,0,0,304.166656494141,0,0,1125,476.398803710938,0,0,0,0,1303.57141113281,0,2281.25,0,0,9999.9111328125,0,0,0,0,2085.71435546875,0,0,0,977.678588867188,1955.35711669922,0,0,3258.92846679688,0,1955.35711669922,0,2541.96426391602,0,0,0,0,325.892852783203,1499.10708618164,0,0,1629.46423339844,0,3275.5556640625,2240.39080810547,0,0,0,0,0,0,0,0,0,944.253784179688,0,0,0,0,1303.57141113281,0,760.416687011719,40993.953125,4445.39111328125
"NGA",3,1,"LSMS-ISA2015",2015,4,11,1112,1952,0,110012,5,0,1200,0,0,0,730,0,0,1760,913.619018554688,0,0,0,0,1564.2857421875,0,7300,0,0,8699.220703125,0,0,0,0,1251.42861328125,0,1564.2857421875,0,1042.85712890625,4171.428515625,0,5735.714453125,3650,0,3754.28564453125,1042.85712890625,4588.57138671875,2920,2607.1427734375,2085.7142578125,0,0,4692.85708007813,0,0,4995.606640625,0,5240.8890625,2085.7140625,0,0,0,0,0,0,0,0,0,922.5275390625,0,0,1564.2857421875,0,0,0,3650,79733.28125,4445.39111328125
"NGA",3,1,"LSMS-ISA2015",2015,4,11,1112,1952,0,110013,7,0,857.142883300781,0,0,0,869.047642299107,0,0,1657.14285714286,274.489807128906,0,0,0,0,1489.7958984375,0,8690.4755859375,0,0,3004.60522460938,0,0,1117.34695870536,1303.57142857143,1489.7958984375,1117.34695870536,2234.69391741071,1117.34695870536,1191.83673967634,3352.04077148438,0,0,5214.28571428571,0,5065.30608258929,744.89794921875,3947.95915876116,2607.14285714286,1862.24483816964,1489.7958984375,0,1489.7958984375,4469.38773018973,0,0,3180.91573660714,0,3971.52176339286,1489.79575892857,0,0,0,0,0,0,0,0,0,1079.14718191964,0,0,0,0,0,0,2780.95239257813,69159.8359375,4445.39111328125
"NGA",3,1,"LSMS-ISA2015",2015,4,11,1112,1952,0,110014,5,0,36500,0,0,0,486.666650390625,0,0,1320,982.238098144531,0,0,0,0,3650,0,0,0,0,2483.0966796875,0,0,0,0,2085.7142578125,0,1564.2857421875,0,521.428564453125,4171.428515625,0,0,5735.714453125,0,2711.428515625,1042.85712890625,3024.28569335937,0,0,0,0,2607.1427734375,5110.00004882812,0,0,5144.89150390625,0,5240.8890625,2085.7140625,0,0,0,0,0,0,0,0,0,0,0,0,0,0,0,0,2555.00024414063,89022.7734375,4445.39111328125
"NGA",3,1,"LSMS-ISA2015",2015,4,11,1112,1952,0,110015,5,0,1200,0,0,0,486.666650390625,0,0,600,371.952392578125,0,0,0,0,1564.2857421875,0,4866.6669921875,0,0,1719.28247070313,0,0,0,0,2169.77724699204,0,1627.33298709509,0,542.444311748009,4339.55449398407,0,0,5424.44302586971,0,3254.66587653393,1084.88862349602,4231.06565056114,0,0,0,0,0,4665.02102425289,0,0,5969.07802312636,0,5452.11876464667,2169.77704563367,0,0,0,0,0,0,0,0,0,959.709250465658,0,0,0,0,0,0,1338.33337402344,54037.0625,4445.39111328125
"NGA",3,1,"LSMS-ISA2015",2015,4,11,1112,1952,0,110016,5,0,1200,0,0,0,6083.333203125,0,0,880,2149.61889648438,0,0,0,0,10428.57109375,0,14600,2000,0,1287.11083984375,0,0,0,0,2085.7142578125,4692.85703125,2294.2857421875,0,0,0,0,10428.57109375,2607.1427734375,0,3441.42846679688,0,3337.14287109375,1877.1427734375,208.571435546875,0,0,7821.4283203125,1251.42856445313,0,0,4007.95390625,0,0,0,0,0,1042.85712890625,0,0,0,0,0,1712.20424804687,3135.41953125,0,0,0,0,2230.26875,0,0,90803.0390625,4445.39111328125
"NGA",3,1,"LSMS-ISA2015",2015,4,11,1112,1952,0,110017,7,0,0,0,0,0,608.333356584821,0,0,1000,103.061225891113,0,0,0,0,2234.69391741071,0,8342.857421875,857.142883300781,0,1714.28576660156,0,0,0,0,1489.7958984375,0,0,0,0,744.89794921875,0,3724.48967633929,1489.7958984375,2979.591796875,1713.26524135045,893.877580915179,1489.7958984375,5214.28571428571,1862.24483816964,1489.7958984375,0,0,2458.16326032366,0,0,5142.47991071429,0,5583.56696428571,5400.51025390625,0,0,0,0,0,0,0,0,0,0,0,0,0,0,0,0,2259.52392578125,58796.4609375,4445.39111328125
"NGA",3,1,"LSMS-ISA2015",2015,4,11,1112,1952,0,110018,5,0,1200,0,0,0,7300,0,0,940,1735.33337402344,0,0,4866.666796875,0,15642.8578125,0,19466.666015625,20000,0,2650.1181640625,0,0,0,0,1784.76985768975,5019.66492402033,0,0,0,0,0,0,7808.36783728431,0,3346.44332749036,0,1673.22171257331,0,0,0,0,2788.70271795148,1338.57739326731,0,0,5716.08711259415,0,0,3548.08048158295,0,0,0,0,0,0,0,0,1528.05973653897,3353.76835951105,0,0,0,0,0,0,0,111707.3828125,4445.39111328125
"NGA",3,1,"LSMS-ISA2015",2015,4,11,1112,1952,0,110019,3,0,0,0,0,0,730,0,0,4600,173.809524536133,0,0,0,0,4345.23795572917,0,8111.111328125,2333.33325195313,0,5618.35546875,0,0,0,0,13904.76171875,0,0,0,3476.1904296875,0,0,17380.9518229167,3476.1904296875,30416.6673177083,6257.142578125,3128.5712890625,6778.57137044271,2433.33333333333,4171.4287109375,3476.19059244792,0,9211.90462239583,2259.52384440104,0,0,11442.4596354167,0,39084.9713541667,6952.38020833333,0,0,0,0,0,0,0,0,0,1537.5458984375,0,0,0,0,0,0,811.111083984375,192111.734375,4445.39111328125
"NGA",3,1,"LSMS-ISA2015",2015,4,11,1112,1952,0,110020,8,0,750,0,0,0,456.25,0,0,1650,367.857147216797,0,0,760.416687011719,0,1955.35717773438,0,5475,500,0,3077.58618164063,0,0,0,0,1825,0,0,0,1303.57141113281,1303.57141113281,0,6517.85693359375,1955.35717773438,2607.14282226563,2672.32153320313,651.785705566406,3584.82147216797,2281.25,1629.46423339844,2607.14282226563,0,0,2281.25003051758,0,0,0,0,0,7093.0888671875,0,0,0,0,0,0,0,3108.51635742188,0,0,0,0,0,651.785705566406,0,0,684.375,57750.76953125,4445.39111328125
"NGA",3,1,"LSMS-ISA2015",2015,4,11,1112,78,0,110021,5,0,3840,0,0,0,730,0,0,2080,563.142883300781,0,0,0,0,5214.285546875,0,3893.33325195313,7200,0,7110.3623046875,0,0,0,0,10428.57109375,0,0,0,0,0,0,4692.85703125,3128.571484375,0,3754.285546875,0,5422.85712890625,4380,0,0,0,0,2398.57133789062,0,0,13730.9515625,0,5214.285546875,12514.2853515625,0,0,0,0,0,0,0,3208.79140625,0,0,0,0,0,0,0,0,973.333312988281,100478.4921875,2377.76733398438
"NGA",3,1,"LSMS-ISA2015",2015,4,11,1112,78,0,110022,5,0,0,0,0,0,1460,0,0,84,275.333312988281,0,0,2433.3333984375,0,5214.285546875,0,0,4000,0,1830.27307128906,0,0,0,0,2085.7142578125,0,0,0,0,0,0,0,7299.9998046875,0,3337.14287109375,0,3650,0,0,0,0,15642.8572265625,730,0,0,7545.8390625,0,5240.8890625,2402.78071289063,0,0,1042.85712890625,0,0,0,0,0,0,1691.46342773438,0,0,0,0,2230.26875,0,0,68197.0390625,2377.76733398438
"NGA",3,1,"LSMS-ISA2015",2015,4,11,1112,78,0,110023,5,0,0,0,0,0,438,0,0,20,1320.95239257813,0,0,0,0,3650,0,9246.666015625,20000,0,1438.44995117188,0,0,0,0,2085.7142578125,0,0,0,0,0,0,0,5214.2857421875,0,0,0,2085.7142578125,0,0,0,0,0,730,0,0,5282.087109375,0,5240.8890625,3510.06865234375,0,0,0,0,0,0,0,938.57138671875,2326.4095703125,2366.48364257813,0,0,0,0,2360.62589111328,0,0,68254.921875,2377.76733398438
"NGA",3,1,"LSMS-ISA2015",2015,4,11,1112,78,0,110024,4,0,0,0,0,0,851.666687011719,0,0,150,668.333312988281,0,0,0,0,3910.71435546875,0,11558.3330078125,350,0,5725.71826171875,0,0,0,0,0,0,0,0,0,0,0,0,4028.07043543764,0,0,0,2685.38020654456,0,0,0,0,0,939.883084852675,0,0,5160.28504766497,0,0,0,0,0,0,0,0,0,0,0,0,671.34505163614,0,0,0,0,2871.49571854532,0,0,39571.2265625,2377.76733398438
"NGA",3,1,"LSMS-ISA2015",2015,4,11,1112,78,0,110025,6,0,4,0,0,0,1318.05558268229,0,0,3033.33333333333,33.3333320617676,0,0,10138.888671875,0,26071.4296875,0,12166.6669921875,3333.33325195313,0,4024.42578125,0,0,0,0,30416.6666666667,0,0,0,1738.09521484375,17380.9518229167,0,8690.47591145833,3476.1904296875,16511.9049479167,2780.95239257813,0,3476.1904703776,2607.14290364583,0,1390.47623697917,0,11819.0478515625,1998.80944824219,0,0,5999.55989583333,0,4345.23795572917,6735.119140625,0,0,0,0,0,0,0,0,1232.06754557292,0,0,0,0,0,0,0,0,180722.359375,2377.76733398438
"NGA",3,1,"LSMS-ISA2015",2015,4,11,1112,78,0,110026,5,0,2400,0,0,0,730,0,0,0,400,0,0,0,0,0,0,7300,20800,0,7110.3623046875,0,0,0,0,2085.7142578125,0,1564.2857421875,0,1564.2857421875,2085.7142578125,0,0,4171.428515625,0,5005.71416015625,1042.85712890625,3441.42856445313,2920,0,834.2857421875,0,0,2607.14282226563,0,0,2375.08359375,0,7861.33359375,2085.7140625,0,0,0,0,0,0,0,0,0,1510.8060546875,0,0,0,0,0,0,0,79896.15625,2377.76733398438
"NGA",3,1,"LSMS-ISA2015",2015,4,11,1112,78,0,110027,6,0,0,0,0,0,608.333333333333,0,0,383.333333333333,538.293640136719,0,0,0,0,1303.57145182292,0,6083.33349609375,0,0,2027.58203125,0,0,0,0,2085.71435546875,0,1086.30948893229,0,434.523803710938,3476.1904296875,0,4779.76204427083,2607.14290364583,0,1564.28564453125,869.047607421875,2694.04760742188,0,0,0,0,0,3736.90466308594,0,0,4451.87776692708,0,4633.44205729167,814.568766276042,0,0,0,0,0,0,0,0,0,1259.00504557292,0,0,0,0,0,0,2027.77783203125,47465.04296875,2377.76733398438
"NGA",3,1,"LSMS-ISA2015",2015,4,11,1112,78,0,110028,7,0,2057.14282226563,0,0,0,434.523821149554,0,0,457.142857142857,297.346954345703,0,0,0,0,744.89794921875,0,6952.38134765625,3428.57153320313,0,1737.92749023438,0,0,0,3008.75118433539,2632.65723426857,0,1880.4694496165,0,1880.46948449373,2350.58686133305,0,0,4231.05618345431,0,1692.42243970586,1880.4694496165,2632.65721682996,2632.65723426857,0,0,0,470.117362404125,4043.00923729129,0,0,0,0,4725.15912303707,1880.46928123718,0,0,0,0,0,0,0,0,0,1362.13511510536,0,0,0,0,0,0,1825.00012207031,55238.0234375,2377.76733398438
"NGA",3,1,"LSMS-ISA2015",2015,4,11,1112,78,0,110029,6,0,2000,0,0,0,506.944458007813,0,0,2400,431.626983642578,0,0,0,0,1303.57145182292,0,4055.5556640625,0,0,5642.77490234375,0,0,0,0,2085.71435546875,0,2172.61897786458,0,1303.57145182292,3041.66666666667,0,0,5214.28580729167,0,2780.95239257813,869.047607421875,4171.42858886719,0,2172.61897786458,1390.47623697917,0,0,5474.99987792969,0,0,5894.13541666667,0,4367.40755208333,814.568766276042,0,0,0,0,0,0,0,0,0,1259.00504557292,0,0,0,0,0,0,1115.27783203125,60468.25,2377.76733398438
"NGA",3,1,"LSMS-ISA2015",2015,4,11,1112,78,0,110030,9,0,2000,0,0,0,270.370361328125,0,0,0,431.269866943359,0,0,0,0,869.047634548611,0,3379.62963867188,2444.4443359375,0,2735.63208007813,0,0,0,0,2317.46028645833,0,1448.41265190972,0,0,2027.77777777778,0,0,3476.19053819444,0,3012.69835069444,579.365071614583,3070.63492838542,0,0,0,0,869.047634548611,2491.26977539063,0,0,7749.66970486111,0,8690.47569444445,1763.69303385417,0,0,0,0,0,0,0,0,0,289.682562934028,0,0,0,0,0,0,2162.962890625,52079.734375,2377.76733398438
"NGA",3,1,"LSMS-ISA2015",2015,4,11,1110,714,0,110031,5,0,0,0,0,0,511,0,0,0,104.285720825195,0,0,0,0,0,0,0,0,0,2559.88427734375,0,0,0,0,2920,0,0,0,0,0,0,0,2607.1427734375,0,2085.7142578125,0,1564.28569335938,1251.42861328125,0,0,0,0,5318.57133789062,0,0,2968.854296875,0,3706.75390625,3909.930078125,0,0,0,0,0,0,0,0,0,0,0,0,0,0,0,0,0,29507.849609375,2274.38598632813
"NGA",3,1,"LSMS-ISA2015",2015,4,11,1110,714,0,110032,6,0,0,0,0,0,0,0,0,666.666666666667,1575.79357910156,0,0,3041.66666666667,0,0,0,6083.33349609375,6083.33349609375,0,2069.24731445313,0,0,0,0,2192.45818596072,0,0,0,1827.04840823269,0,0,5481.14512757036,2283.81046566388,0,1827.04840823269,1827.04840823269,4110.85890671293,2740.57268585549,0,0,0,5024.38315939312,2283.81050635399,0,0,2772.07366603693,0,4590.92513413788,2283.81046566388,0,0,913.524204116343,0,0,0,0,1405.42195204127,0,0,0,0,0,0,1848.04888055449,0,405.555541992188,63337.58203125,2274.38598632813
"NGA",3,1,"LSMS-ISA2015",2015,4,11,1110,714,0,110033,5,0,0,0,0,0,2920,0,0,0,208.571441650391,0,0,8516.66640625,0,25028.571875,0,7300,0,0,7319.3330078125,0,0,0,0,2920,0,0,0,2607.14287109375,0,0,0,2085.7142578125,0,2085.7142578125,0,2085.7142578125,0,0,0,0,521.428564453125,2607.14282226563,0,0,6679.92265625,0,5240.8890625,2607.1427734375,0,0,647.765869140625,0,0,0,0,2486.8130859375,0,2032.23461914063,0,0,0,0,0,0,973.333312988281,86874.109375,2274.38598632813
"NGA",3,1,"LSMS-ISA2015",2015,4,11,1110,714,0,110034,12,0,0,0,0,0,223.05556233724,0,0,633.333333333333,211.904769897461,0,0,0,0,0,0,0,0,0,556.141906738281,0,0,0,0,13035.71484375,0,0,0,217.261901855469,0,0,0,1303.57145182292,0,0,0,782.142852783203,0,0,912.5,0,217.261901855469,3258.92856852214,0,0,6183.35904947917,0,9451.63151041667,3041.66650390625,0,0,0,0,0,0,0,1818.31494140625,0,1064.0263264974,0,0,0,0,0,0,0,42910.8125,2274.38598632813
"NGA",3,1,"LSMS-ISA2015",2015,4,11,1110,714,0,110035,10,0,0,0,0,0,182.5,0,0,0,335.119049072266,0,0,0,0,0,0,973.333312988281,0,0,667.370239257813,0,0,0,0,1251.42861328125,0,0,0,0,0,0,0,1042.85712890625,0,2085.7142578125,521.428564453125,625.714282226563,1564.2857421875,0,0,0,0,260.714282226562,0,0,2226.6408203125,0,2607.1427734375,1955.3572265625,0,0,3704.40981445312,0,0,0,0,0,0,521.428588867188,0,0,0,0,1054.8439453125,0,121.666664123535,21701.95703125,2274.38598632813
"NGA",3,1,"LSMS-ISA2015",2015,4,11,1110,714,0,110036,5,0,0,0,0,0,486.666650390625,0,0,1400,104.285720825195,0,0,0,0,0,0,8760,360,0,2240.81494140625,0,0,0,0,3337.14296875,0,0,0,521.428564453125,0,0,0,3650,0,1042.85712890625,0,2398.57141113281,2190,0,0,0,3650.00004882812,521.428564453125,0,0,3859.510546875,0,3706.75390625,1954.9650390625,0,0,0,0,0,0,0,0,748.041064453125,2366.48364257813,0,0,0,0,0,0,0,43298.94921875,2274.38598632813
"NGA",3,1,"LSMS-ISA2015",2015,4,11,1110,714,0,110037,1,0,0,0,0,0,6083.33349609375,0,0,0,1008.09521484375,0,0,0,0,52142.85546875,0,19466.666015625,0,0,12981.9765625,0,0,0,0,2607.14282226563,26071.427734375,10428.5712890625,0,0,0,0,0,16685.7143554688,0,9385.7138671875,0,11992.8570556641,6257.14306640625,0,5214.28564453125,0,33892.8564453125,19814.2856445313,0,0,15586.486328125,0,0,0,0,0,10428.5712890625,0,0,0,0,9947.251953125,0,7219.78051757813,0,0,0,0,0,0,0,277215,2274.38598632813
"NGA",3,1,"LSMS-ISA2015",2015,4,11,1110,714,0,110038,7,0,0,0,0,0,417.142857142857,0,0,0,260.714294433594,0,0,0,0,0,0,0,0,0,732.497375488281,0,0,0,0,1958.36864523744,5483.43239519454,0,0,0,0,0,0,2350.04249645157,0,1410.02540888584,0,1566.69494937149,0,0,0,0,0,0,0,0,5017.658112382,0,0,4054.65025347391,0,0,0,0,0,0,0,642.746638296528,0,694.568071722273,0,0,0,0,5696.44299266975,0,0,30284.986328125,2274.38598632813
"NGA",3,1,"LSMS-ISA2015",2015,4,11,1110,714,0,110039,10,0,0,0,0,0,219,0,0,1080,208.571441650391,0,0,365,0,1042.85712890625,0,7300,0,0,2615.380859375,0,0,0,0,2085.7142578125,0,0,0,1616.42861328125,0,0,2607.1427734375,1564.2857421875,625.714306640625,1564.28569335938,0,1616.42856445313,2190,0,1042.85717773438,0,2294.2857421875,1564.28566894531,0,0,3339.961328125,0,3930.666796875,5214.285546875,0,0,0,0,0,0,0,0,0,1443.95610351563,0,0,0,0,0,0,0,45531.1015625,2274.38598632813
"NGA",3,1,"LSMS-ISA2015",2015,4,11,1110,714,0,110040,1,0,0,0,0,0,2190,0,0,0,0,0,0,6083.33349609375,0,0,0,24333.333984375,0,0,28395.646484375,0,0,0,0,4171.4287109375,0,0,0,1564.28576660156,0,0,0,15642.857421875,0,6257.14306640625,0,9907.14306640625,0,0,4171.4287109375,0,30242.857421875,2607.14282226563,0,0,6679.9228515625,0,9266.884765625,0,0,0,0,0,0,0,0,0,0,0,0,0,0,0,0,0,0,151513.40625,2274.38598632813
"NGA",3,1,"LSMS-ISA2015",2015,4,11,1110,2752,0,110041,8,0,900,0,1216.66662597656,0,547.5,0,0,3262.5,838.273803710938,0,0,9125,0,3258.92846679688,0,4562.5,0,0,9888.43359375,0,0,0,8147.32116699219,24767.857421875,0,0,0,1759.82141113281,325.892852783203,0,7821.4287109375,1955.35717773438,586.607116699219,3975.8928527832,651.785705566406,2281.24996948242,1955.35717773438,0,0,0,2607.14288330078,2281.25003051758,0,0,0,0,24259.064453125,1629.46423339844,0,0,0,0,0,0,0,0,0,0,0,0,0,0,0,0,3345.83349609375,121951.1328125,2274.38598632813
"NGA",3,1,"LSMS-ISA2015",2015,4,11,1110,2752,0,110042,8,0,450,0,0,0,532.291687011719,0,0,875,1244.52380371094,0,0,1520.83337402344,0,1303.57141113281,0,6083.33349609375,0,0,4857.82763671875,0,0,0,1303.57141113281,1564.28576660156,0,0,0,0,1303.57141113281,0,0,2607.14282226563,782.142883300781,4627.67852783203,1303.57141113281,4236.60711669922,1303.57141113281,0,0,0,1303.57141113281,1042.85717773438,0,0,0,0,3275.5556640625,1303.57141113281,0,0,651.785705566406,0,0,0,0,0,0,0,0,0,0,0,1318.55493164063,0,3954.16650390625,48749.58984375,2274.38598632813
"NGA",3,1,"LSMS-ISA2015",2015,4,11,1110,2752,0,110043,8,0,0,0,0,0,197.70832824707,0,0,500,759.523803710938,0,0,0,0,0,0,0,0,0,2387.37744140625,0,0,0,0,1564.28576660156,0,0,0,2933.03567504883,0,0,0,2607.14282226563,782.142883300781,977.678558349609,1303.57141113281,1955.35711669922,1173.21423339844,0,0,1303.57141113281,1629.46426391602,1368.75003051758,0,0,3708.43603515625,0,0,3258.92846679688,0,0,1303.57141113281,0,0,0,0,586.607116699219,0,902.472564697266,0,0,0,0,1318.55493164063,0,1672.91674804688,34194.30859375,2274.38598632813
"NGA",3,1,"LSMS-ISA2015",2015,4,11,1110,2752,0,110044,5,0,0,0,0,0,486.666650390625,0,0,720,104.285720825195,0,0,0,0,521.428564453125,0,0,0,0,3754.25903320313,0,0,0,0,2194.36051607028,0,0,0,548.590129017569,548.590129017569,0,0,2194.36051607028,0,3840.13096411454,2742.95064508785,4388.72103214056,1316.61637553398,0,0,0,0,3949.84906561037,0,0,2913.20291315452,0,2756.94525615416,2194.36051607028,0,0,1097.18025803514,0,0,0,1316.61637553398,0,0,970.582620444255,0,0,0,0,0,0,2433.33349609375,40993.03125,2274.38598632813
"NGA",3,1,"LSMS-ISA2015",2015,4,11,1110,2752,0,110045,6,0,1000,0,0,0,567.777791341146,0,0,500,1169.92065429688,0,0,5069.4443359375,0,1738.09521484375,0,6083.33349609375,0,0,4471.6162109375,0,0,0,0,1303.57145182292,2172.61897786458,0,0,521.428588867188,1738.09521484375,0,9559.52408854167,2607.14290364583,0,1824.99997965495,0,2607.14282226563,1042.85717773438,0,0,0,2867.85709635417,1998.80944824219,0,0,2637.11018880208,0,0,1520.83333333333,0,0,869.047607421875,0,0,0,0,0,0,1259.00504557292,0,0,0,0,1758.0732421875,0,405.555541992188,57293.85546875,2274.38598632813
"NGA",3,1,"LSMS-ISA2015",2015,4,11,1110,2752,0,110046,10,0,0,0,0,0,365,0,0,940,144.285720825195,0,0,0,0,1564.2857421875,0,4866.6669921875,0,0,1216.54919433594,0,0,0,0,5214.285546875,0,0,0,0,782.14287109375,0,0,4171.428515625,0,938.57138671875,0,1720.71427001953,1460,0,260.714282226562,0,1564.28571777344,1199.28566894531,0,0,5999.5609375,0,2607.1427734375,2480.11279296875,0,0,0,0,0,0,0,0,0,0,1363.39853515625,0,0,0,0,0,0,38858.43359375,2274.38598632813
"NGA",3,1,"LSMS-ISA2015",2015,4,11,1110,2752,0,110047,3,0,4000,0,0,0,730,0,0,2466.66666666667,347.619049072266,0,0,811.111083984375,0,0,0,0,0,0,4568.70166015625,0,0,0,0,3476.1904296875,0,0,0,0,0,0,8690.47591145833,5214.28580729167,0,1390.47623697917,869.047607421875,6083.33333333333,2433.33333333333,0,0,0,2085.71435546875,869.047607421875,0,0,7422.13671875,0,4367.40755208333,4887.41276041667,0,0,0,0,0,0,0,0,0,1537.5458984375,0,0,0,0,0,0,608.333312988281,62858.8359375,2274.38598632813
"NGA",3,1,"LSMS-ISA2015",2015,4,11,1110,2752,0,110048,6,1013.88891601563,6,0,0,0,2027.77783203125,0,0,2616.66666666667,1160.23815917969,0,0,10138.888671875,0,6517.857421875,0,10138.888671875,5000,0,1072.59240722656,0,0,0,0,2085.71435546875,3476.1904296875,0,0,0,0,0,0,16077.3806966146,434.523803710938,2042.26193237305,0,2954.76192220052,2085.71435546875,260.714294433594,1825,0,8255.9521484375,2172.61897786458,0,0,0,0,0,1703.76318359375,0,2562.57666015625,869.047607421875,0,0,0,0,0,5290.76180013021,1226.31992594401,0,0,0,0,57.9365081787109,0,0,93074.046875,2274.38598632813
"NGA",3,1,"LSMS-ISA2015",2015,4,11,1110,2752,0,110049,7,0,0,0,0,0,869.047642299107,0,0,357.142857142857,655.816345214844,0,0,3476.19056919643,0,4469.38783482143,0,16685.71484375,7830.9521484375,0,906.724487304688,0,0,0,0,1515.75359840889,0,0,0,0,757.876799204447,0,0,5456.71306587916,0,1364.17819671533,1667.32900010246,2349.41813333736,1136.8152336839,0,757.876799204447,0,3789.3840657767,1288.39060050024,0,0,3236.33893802786,0,3808.71752966266,3138.25038212659,0,0,0,0,0,0,0,932.771401173696,0,1608.17762456607,0,0,0,0,898.625326548193,0,0,68957.59375,2274.38598632813
"NGA",3,1,"LSMS-ISA2015",2015,4,11,1110,2752,0,110050,6,0,600,0,0,0,405.555541992188,0,0,183.333333333333,2212.77783203125,1013.88891601563,0,3041.66666666667,0,0,0,8111.111328125,16730.556640625,0,2163.66284179688,0,0,0,0,6952.380859375,13904.76171875,0,0,0,0,0,8690.47591145833,7821.4287109375,0,1738.09521484375,1042.85717773438,4258.33325195313,2607.14290364583,0,1303.57145182292,0,8690.47648111979,8951.19034830729,0,0,5566.60221354167,0,0,2754.02408854167,0,0,2471.11791992188,0,0,0,0,8206.10270182292,0,4014.52189127604,0,0,0,0,0,0,1520.83325195313,124956.4765625,2274.38598632813
"NGA",3,1,"LSMS-ISA2015",2015,4,11,1108,492,0,110051,5,0,7200,0,0,0,973.33330078125,0,0,0,797.142883300781,0,0,4866.666796875,0,2607.1427734375,0,9733.333984375,0,0,188020.84375,0,0,0,0,1564.2857421875,0,1460,0,521.428564453125,1564.28569335938,0,6257.14296875,4692.8572265625,0,5735.7142578125,3128.57138671875,2607.14282226563,1668.571484375,0,0,0,0,4275.71430664063,0,0,5095.1298828125,0,5240.8890625,0,0,0,0,0,0,0,0,0,0,1510.8060546875,0,0,0,0,0,0,2433.33349609375,261954.328125,3928.48510742188
"NGA",3,1,"LSMS-ISA2015",2015,4,11,1108,492,0,110052,3,0,1200,0,0,0,1013.88891601563,0,0,2066.66666666667,1224.28576660156,0,0,0,0,2607.14290364583,0,0,0,0,4078.07250976563,0,0,0,7300,2085.71435546875,12166.6666666667,2172.61897786458,0,869.047607421875,6083.33325195313,0,0,6952.380859375,0,4345.23811848958,869.047607421875,6952.380859375,1564.28564453125,695.238118489583,2085.71435546875,0,0,7126.19051106771,0,0,0,0,0,0,0,0,0,0,0,0,0,0,0,0,0,0,0,0,0,0,2027.77783203125,75485.6953125,3928.48510742188
"NGA",3,1,"LSMS-ISA2015",2015,4,11,1108,492,0,110053,1,0,6000,0,0,0,7300,0,0,0,5275.47607421875,0,0,0,0,26071.427734375,0,0,0,0,34420.8515625,0,0,0,13035.7143554688,4171.4287109375,0,4692.85693359375,0,2607.14282226563,13035.7138671875,0,26071.427734375,18250,0,23464.28515625,10428.5715332031,18250,6257.14306640625,13035.7138671875,4692.85693359375,0,15642.857421875,21378.5715332031,0,0,0,0,13102.22265625,0,0,0,3238.82934570313,0,0,0,0,0,0,4612.6376953125,0,0,0,0,0,0,13383.333984375,308419.09375,3928.48510742188
"NGA",3,1,"LSMS-ISA2015",2015,4,11,1108,492,0,110054,1,0,0,0,0,0,6083.33349609375,0,0,0,1042.85717773438,0,0,0,0,5214.28564453125,0,24333.333984375,10000,0,16429.484375,0,0,0,7821.4287109375,4692.85693359375,20857.142578125,5214.28564453125,0,2607.14282226563,10428.5715332031,0,0,15642.857421875,0,13035.7143554688,10428.5715332031,31285.7138671875,7821.4287109375,0,0,0,10428.5712890625,23985.7141113281,0,0,0,0,0,0,0,0,0,0,0,0,0,0,0,0,0,0,0,0,0,0,18250,245603.28125,3928.48510742188
"NGA",3,1,"LSMS-ISA2015",2015,4,11,1108,492,0,110055,6,0,1200,0,0,0,365,0,0,500,340.476196289063,0,0,0,0,869.047607421875,0,0,0,0,15210.9853515625,0,0,0,0,1428.81328287884,0,1666.94880289857,0,0,2857.62648437746,0,0,1905.08432291831,0,2381.35544433799,476.271080729577,2857.62648437746,1714.57584179835,0,0,0,0,3429.15176497691,0,0,4279.57440214769,0,3385.73642675632,0,0,0,952.542161459154,0,0,0,0,0,0,0,0,0,0,0,0,0,0,45820.81640625,3928.48510742188
"NGA",3,1,"LSMS-ISA2015",2015,4,11,1108,492,0,110056,5,0,1200,0,973.33330078125,0,389.333325195313,0,0,1820,104.285720825195,0,0,0,0,8342.85703125,0,7300,2000,0,2400,0,0,0,0,10428.57109375,3650,1251.42861328125,0,2085.7142578125,0,0,5214.285546875,2607.1427734375,0,1877.1427734375,625.714306640625,2607.14284667969,9385.7140625,0,834.2857421875,0,5527.14296875,2294.2857421875,0,0,0,0,0,0,0,0,0,0,0,0,0,0,0,403.238061523438,0,0,0,0,208.571435546875,0,0,73530.1875,3928.48510742188
"NGA",3,1,"LSMS-ISA2015",2015,4,11,1108,492,0,110057,2,0,15000,0,0,0,1095,0,0,3700,621.428588867188,0,0,1825,0,10428.5712890625,0,14600,3000,0,44817.515625,0,0,0,0,52142.85546875,0,0,0,2607.14282226563,0,0,13035.7138671875,6517.85693359375,0,4692.85717773438,0,4692.85711669922,3650,0,0,0,0,9125.00012207031,0,0,11999.1201171875,0,4633.4423828125,5214.28515625,0,0,0,0,0,0,0,0,1848.10131835938,0,0,0,0,0,521.428588867188,0,2129.16674804688,217897.359375,3928.48510742188
"NGA",3,1,"LSMS-ISA2015",2015,4,11,1108,492,0,110058,4,0,600,0,0,0,2433.33325195313,0,0,1225,3729.34521484375,0,0,0,0,0,0,31937.5,2750,0,3000,0,0,0,0,13035.7138671875,3910.71435546875,0,0,5214.28564453125,2607.14282226563,0,0,11732.1430664063,0,5735.71423339844,2867.85717773438,7039.28570556641,1955.35717773438,0,2346.42846679688,0,15642.8571777344,4301.78570556641,0,0,2783.30126953125,0,0,4048.4150390625,0,0,0,0,0,0,0,0,0,0,0,0,0,0,0,0,3041.66674804688,131937.84375,3928.48510742188
"NGA",3,1,"LSMS-ISA2015",2015,4,11,1108,492,0,110059,5,0,4320,0,0,0,2433.3333984375,0,0,2940,10758.857421875,0,0,17033.3328125,0,31285.715625,1216.66669921875,13383.333984375,16533.333984375,0,58360.9609375,0,0,0,0,2085.7142578125,4171.428515625,10428.57109375,0,4171.428515625,2085.7142578125,0,10428.57109375,3650,1251.42861328125,4171.428515625,0,6987.14287109375,8342.85703125,0,1251.42861328125,0,15642.8578125,1772.85712890625,0,0,2671.969140625,0,0,771.95068359375,0,0,0,0,0,0,1251.42861328125,855.67763671875,0,521.428564453125,0,0,0,0,3655.162890625,0,2190,246624.59375,3928.48510742188
"NGA",3,1,"LSMS-ISA2015",2015,4,11,1108,492,0,110060,4,0,900,0,0,0,1520.83337402344,0,0,50,1246.42858886719,0,0,0,0,0,912.5,16729.166015625,2500,0,6254.37451171875,0,0,0,0,1822.2298997043,0,0,0,0,0,0,0,4555.57465458161,0,1518.52484417043,0,4251.86962147706,0,0,0,0,1518.52484417043,759.262422085216,0,0,0,0,0,0,0,0,0,0,0,0,0,0,0,1518.52498867006,0,0,0,0,5322.35476547852,0,0,51380.171875,3928.48510742188
"NGA",3,1,"LSMS-ISA2015",2015,4,11,1105,100,0,110061,10,0,600,0,0,0,304.166674804687,0,0,620,431.119049072266,0,0,1825,0,1564.2857421875,365,6083.3330078125,0,0,9126.591796875,0,0,0,0,1564.2857421875,0,0,0,0,1042.85712890625,0,0,1825,0,2346.42856445313,1564.28569335938,2346.42856445313,1564.2857421875,0,0,0,1303.57138671875,2659.28576660156,0,0,2966.748828125,0,2620.44453125,1955.3572265625,0,0,0,0,0,0,0,0,0,0,0,0,0,0,0,0,2494.16674804688,47172.64453125,3101.435546875
"NGA",3,1,"LSMS-ISA2015",2015,4,11,1105,100,0,110062,6,0,1000,0,0,0,405.555541992188,0,0,1000,751.1904296875,0,0,0,0,2172.61897786458,0,7908.33349609375,0,0,7884.509765625,0,0,0,0,2409.06406958803,0,0,0,0,0,0,0,3513.21830854953,0,2007.55329591967,0,1505.66497193975,1204.53203479401,0,0,0,0,3513.21834923963,0,0,3429.11802041717,0,7566.73461104836,940.851915380956,0,0,0,0,0,0,0,0,0,1956.07778762797,0,0,0,0,0,0,0,49168.234375,3101.435546875
"NGA",3,1,"LSMS-ISA2015",2015,4,11,1105,100,0,110063,3,0,0,0,0,0,1013.88891601563,811.111083984375,0,0,347.619049072266,0,0,0,0,0,0,8111.111328125,0,0,8579.0537109375,0,0,0,0,2085.71435546875,0,0,0,869.047607421875,0,0,0,6083.33333333333,0,3476.1904296875,1738.09521484375,6083.33325195313,2085.71435546875,0,0,0,0,3997.61889648438,0,0,3296.3876953125,0,26204.4453125,1629.13753255208,0,0,0,0,0,0,0,0,0,0,0,0,0,0,0,0,2027.77783203125,78439.5859375,3101.435546875
"NGA",3,1,"LSMS-ISA2015",2015,4,11,1105,100,0,110064,7,0,0,0,0,0,208.571428571429,0,0,0,361.394561767578,0,0,0,0,1117.34695870536,0,3476.19067382813,0,0,1013.15966796875,0,0,0,0,1117.34695870536,0,0,0,0,1489.7958984375,0,0,2607.14285714286,0,2607.14285714286,2234.69384765625,4096.93872070313,2234.69391741071,0,0,0,1862.24487304688,3426.53058733259,0,0,1695.28501674107,0,3743.4921875,1303.57142857143,0,0,0,0,0,0,0,0,0,0,0,0,0,0,0,0,1738.09533691406,36333.640625,3101.435546875
"NGA",3,1,"LSMS-ISA2015",2015,4,11,1105,100,0,110065,7,0,857.142883300781,0,0,0,434.523821149554,0,0,657.142857142857,455.10205078125,0,0,5214.28571428571,0,3724.48967633929,0,6952.38134765625,0,0,1600.58203125,0,0,0,0,1813.74463217276,0,0,0,0,3022.90757724914,0,3778.63440268943,2645.04416629393,0,1511.45378862457,377.863447156143,3778.63447244389,2267.18075533871,0,906.872316086378,0,1662.59921128113,513.894287770146,0,0,3227.15826199901,0,7557.26880537886,0,0,0,0,0,0,0,0,0,0,0,0,0,0,0,0,0,0,52958.91015625,3101.435546875
"NGA",3,1,"LSMS-ISA2015",2015,4,11,1105,100,0,110066,11,0,0,0,0,0,553.030317826705,0,0,127.272727272727,618.61474609375,0,0,0,0,0,0,0,454.545440673828,0,876.590270996094,0,0,0,0,2338.09188482708,2338.09188482708,0,0,0,0,0,0,5260.70689369987,0,409.166082316528,0,2104.28269392408,0,0,584.522971206771,0,1461.30741818127,2805.71029387426,0,0,4992.14242072151,0,0,2768.5023279974,0,0,0,0,0,0,0,719.412852756777,0,1496.83686853562,0,0,654.665733673577,0,0,0,0,30563.494140625,3101.435546875
"NGA",3,1,"LSMS-ISA2015",2015,4,11,1105,100,0,110067,3,0,2000,0,0,0,1622.22216796875,0,0,2600,938.571472167969,0,0,2433.33333333333,0,8690.47591145833,0,6488.888671875,8666.6669921875,0,36515.0703125,0,0,0,0,52142.859375,0,0,0,0,0,0,17380.9518229167,6083.33333333333,0,5561.90494791667,0,5388.09529622396,20857.1432291667,0,0,0,0,5214.28556315104,0,0,5721.22981770833,0,3088.96158854167,1629.13753255208,0,0,1859.00618489583,0,0,0,0,0,2883.25797526042,0,0,0,0,0,0,0,2027.77783203125,199793.1875,3101.435546875
"NGA",3,1,"LSMS-ISA2015",2015,4,11,1105,100,0,110068,18,0,333.333343505859,0,0,0,108.148145887587,0,0,11.1111111111111,226.984130859375,0,0,0,0,289.682535807292,0,21562.0390625,288.888885498047,0,4979.72412109375,0,0,0,0,1230.63839202218,0,0,0,0,0,0,3076.59591735433,1384.4681795735,0,553.787259711558,0,584.553256044018,861.446886955754,0,0,0,0,892.212869724846,0,0,5063.56387259957,0,1538.29795867717,2057.18447344323,0,0,0,0,0,0,0,1467.29958174766,421.452447631679,272.791516111231,0,0,0,0,0,0,506.944458007813,47711.1484375,3101.435546875
"NGA",3,1,"LSMS-ISA2015",2015,4,11,1105,100,0,110069,6,0,0,0,0,0,1013.88891601563,0,0,133.333333333333,1546.34924316406,0,0,6083.33333333333,0,0,0,12166.6669921875,5888.88916015625,0,1182.01965332031,0,0,0,0,1390.47623697917,4345.23795572917,0,0,0,0,0,0,5648.8095703125,0,1303.57141113281,0,3650.0000406901,1564.28564453125,0,0,0,6083.33317057292,2607.14282226563,0,0,3745.89518229167,0,0,1925.89111328125,0,0,0,0,0,0,0,2751.22941080729,0,1891.19380696615,0,0,0,0,1800.17008463542,0,0,66721.71875,3101.435546875
"NGA",3,1,"LSMS-ISA2015",2015,4,11,1105,100,0,110070,9,0,666.666687011719,0,0,0,162.222222222222,0,0,1022.22222222222,184.920639038086,0,0,0,0,869.047634548611,0,3244.4443359375,0,0,1838.05859375,0,0,0,0,5793.65060763889,0,0,0,0,0,0,0,3765.87293836806,463.492078993056,1042.85709635417,0,1042.85713704427,2027.77777777778,1448.41265190972,0,0,0,1332.53963216146,0,0,9535.3828125,0,1455.80251736111,3476.19053819444,0,0,0,0,0,0,0,891.330946180556,410.689181857639,71.548095703125,0,0,0,0,0,0,675.925964355469,41421.91796875,3101.435546875
"NGA",3,1,"LSMS-ISA2015",2015,4,11,1106,446,0,110071,6,0,0,0,0,0,506.944458007813,0,0,1483.33333333333,453.571441650391,0,0,0,0,869.047607421875,0,0,0,0,2924.388671875,0,0,0,0,1738.09521484375,0,1303.57145182292,0,1738.09521484375,3476.1904296875,0,0,2172.61897786458,0,2607.14282226563,434.523803710938,2172.61905924479,0,2172.61897786458,1390.47623697917,0,0,4519.04756673177,0,0,4151.85530598958,0,4367.40755208333,1738.09505208333,0,0,0,0,0,0,0,0,0,434.523844401042,0,0,0,0,0,0,709.722229003906,41363.88671875,4250.115234375
"NGA",3,1,"LSMS-ISA2015",2015,4,11,1106,446,0,110072,9,0,0,0,0,0,202.777777777778,0,0,366.666666666667,325.529113769531,0,0,0,0,579.365071614583,0,0,0,0,1351.72131347656,0,0,0,0,2475.90743992862,0,1547.44212709568,0,309.488429991077,2475.90743992862,0,0,3713.86128546801,0,3961.45192497736,1237.95371996431,2537.80515329716,259.970286026516,0,0,0,0,4456.63341095137,0,0,5373.50368638091,0,4666.01174754141,1884.27855702641,0,0,0,0,0,0,0,0,0,896.723015465707,0,0,0,0,0,0,1081.4814453125,39704.4765625,4250.115234375
"NGA",3,1,"LSMS-ISA2015",2015,4,11,1106,446,0,110073,3,0,0,0,0,0,405.555541992188,0,0,0,340.476196289063,0,0,0,0,1738.09521484375,0,3244.4443359375,1000,0,6008.939453125,0,0,0,0,3602.20310827671,0,2251.37689899103,0,900.550777069178,3602.20310827671,0,0,5403.30483714274,0,0,0,7744.73673952202,0,0,0,0,0,7744.7365767616,0,0,12473.4262523835,0,6401.87426786382,5482.88190597422,0,0,0,0,0,0,0,3435.94735629035,1276.73026780513,900.550862438471,0,0,0,0,0,0,2027.77783203125,75985.8125,4250.115234375
"NGA",3,1,"LSMS-ISA2015",2015,4,11,1106,446,0,110074,8,0,0,0,0,0,167.29167175293,0,0,375,453.720245361328,0,0,0,0,651.785705566406,0,0,0,0,1622.7470703125,0,0,0,0,1564.28576660156,0,1303.57141113281,0,325.892852783203,1629.46429443359,0,0,1629.46423339844,0,1694.64282226563,977.678588867188,977.678558349609,0,0,0,0,0,3389.28567504883,0,0,1730.603515625,0,6517.85693359375,3124.77966308594,0,0,0,0,0,0,0,0,0,944.253784179688,0,0,0,0,0,0,760.416687011719,29840.419921875,4250.115234375
"NGA",3,1,"LSMS-ISA2015",2015,4,11,1106,446,0,110075,5,0,0,0,0,0,292,0,0,1060,521.666625976563,0,0,0,0,0,0,2433.33349609375,0,0,1830.27307128906,0,0,0,0,2502.8572265625,0,2190,0,1042.85712890625,2085.7142578125,0,0,4171.428515625,0,1877.14287109375,1042.85712890625,3650,0,0,0,0,0,5422.85708007813,0,0,1781.3125,0,5240.8890625,3174.6474609375,0,0,0,0,0,0,0,0,0,922.5275390625,0,0,0,0,0,0,1460.00012207031,42702.36328125,4250.115234375
"NGA",3,1,"LSMS-ISA2015",2015,4,11,1106,446,0,110076,8,0,0,0,0,0,608.333312988281,0,0,50,171.220245361328,0,0,0,0,5214.28564453125,0,4562.5,0,0,2253.35229492188,0,0,0,1335.71125354733,2671.42250709465,13357.1122608549,0,0,0,0,0,0,7346.411947926,0,1335.71125354733,0,1669.63906693416,1602.85357902287,0,0,0,0,1168.74737737149,0,0,0,0,0,3339.27806521371,0,0,2463.80649437663,0,0,0,0,1228.1542251908,3899.20749454456,1083.22927030834,0,0,0,0,0,0,0,55360.96875,4250.115234375
"NGA",3,1,"LSMS-ISA2015",2015,4,11,1106,446,0,110078,8,0,0,0,0,0,1026.5625,0,0,1825,256.369049072266,0,0,608.333312988281,0,2933.03564453125,0,10645.8330078125,22500,0,2792.3544921875,0,0,0,0,13035.7138671875,0,0,0,651.785705566406,0,0,6517.85693359375,1955.35717773438,0,2085.71429443359,977.678588867188,3063.3928527832,2737.5,0,0,0,0,2150.8928527832,0,0,10955.3793945313,0,3258.92846679688,7332.58905029297,0,0,0,0,0,0,0,0,0,0,0,0,0,0,0,0,684.375,97994.6484375,4250.115234375
"NGA",3,1,"LSMS-ISA2015",2015,4,11,1106,446,0,110079,3,0,0,0,0,0,648.888875325521,0,0,2133.33333333333,880.952392578125,0,0,0,0,3476.1904296875,0,0,0,0,8001.85888671875,0,0,0,0,2922.75158481354,0,0,0,0,0,0,0,6393.51886582216,0,1826.71965350152,1826.71965350152,4384.1272144599,3288.09527752114,0,0,0,0,4566.7991253137,0,0,16482.4701070922,0,4590.09905124704,11873.6780873476,0,0,0,0,0,0,0,0,1735.38364613105,913.35982675076,0,0,1461.37579240677,0,0,0,1825,79231.3203125,4250.115234375
"NGA",3,1,"LSMS-ISA2015",2015,4,11,1106,446,0,110080,4,0,0,0,0,0,1216.66662597656,0,0,175,347.440490722656,0,0,13687.5,0,39107.14453125,0,12166.6669921875,1500,0,1586.76782226563,0,0,0,0,3910.71435546875,15642.857421875,0,0,2607.14282226563,0,0,6517.85693359375,6126.78588867188,1303.57141113281,6257.14282226563,1303.57141113281,3519.64288330078,4692.85693359375,0,0,0,20205.3572998047,2998.21429443359,0,0,2783.30126953125,0,0,1580.76513671875,0,0,0,0,0,0,0,0,3135.171875,2306.31884765625,0,0,0,0,0,0,0,154678.453125,4250.115234375
"NGA",3,1,"LSMS-ISA2015",2015,4,11,1104,434,0,110081,7,0,0,0,0,0,434.523821149554,0,0,800,235.884353637695,0,0,0,0,1117.34695870536,0,0,0,0,1013.15966796875,0,0,0,0,1787.75516183036,0,1303.57142857143,0,372.448974609375,1489.7958984375,0,0,2234.69391741071,0,1489.7958984375,744.89794921875,2979.591796875,0,0,0,0,0,1862.24487304688,0,0,2120.61021205357,0,5615.23828125,2267.60532924107,0,0,0,0,0,0,0,514.724469866071,0,372.449009486607,0,0,0,0,0,0,1390.47619628906,30146.81640625,2584.52954101563
"NGA",3,1,"LSMS-ISA2015",2015,4,11,1104,434,0,110082,7,0,0,0,0,0,521.428571428571,0,0,642.857142857143,250.170059204102,0,0,0,0,1117.34695870536,0,0,0,0,1013.15966796875,0,0,0,0,1787.75516183036,0,1303.57142857143,0,372.448974609375,1489.7958984375,0,0,2607.14285714286,0,2234.69384765625,744.89794921875,2234.69384765625,0,0,0,0,0,3873.46934291295,0,0,2544.732421875,0,5615.23828125,2267.60532924107,0,0,0,0,0,0,0,830.200823102679,0,658.9482421875,0,0,0,0,0,0,1216.66674804688,33326.82421875,2584.52954101563
"NGA",3,1,"LSMS-ISA2015",2015,4,11,1104,434,0,110083,7,0,0,0,0,0,434.523821149554,0,0,35.7142857142857,291.156463623047,0,0,0,0,2607.14285714286,0,0,2857.14282226563,0,1922.76391601563,0,0,0,0,3575.51032366071,0,0,0,0,0,0,0,3947.95926339286,0,670.408133370536,0,1415.30611746652,0,0,0,0,1787.75509207589,446.938790457589,0,0,6361.83147321429,0,5615.23828125,2061.73723493304,0,0,0,0,0,0,0,1660.40164620536,2687.29017857143,3441.01876395089,0,0,0,0,2476.28522600446,0,0,44296.1328125,2584.52954101563
"NGA",3,1,"LSMS-ISA2015",2015,4,11,1104,434,0,110084,3,0,0,0,0,0,608.333333333333,0,0,2000,376.587310791016,0,0,0,0,869.047607421875,0,0,0,0,2364.03930664063,0,0,0,0,2866.05276751644,0,0,0,0,3582.56579196758,0,0,4478.20715624549,0,4657.33549607226,895.641447991894,3582.56579196758,3761.69413179435,0,0,0,0,6090.36180778537,0,0,3059.70446492177,0,4501.05517203184,2126.81171234469,0,0,0,0,0,0,0,0,0,2595.06405149202,0,0,0,0,0,0,2433.33325195313,50848.39453125,2584.52954101563
"NGA",3,1,"LSMS-ISA2015",2015,4,11,1104,434,0,110085,23,0,0,0,0,0,158.695652173913,0,0,0,167.805389404297,0,0,423.188391644022,0,453.416143002717,0,1057.97106933594,0,0,1213.15979003906,0,0,0,0,1360.24847146739,0,0,0,0,226.708071501359,0,0,906.832286005435,0,816.149074388587,0,929.503120754076,0,0,0,0,453.416143002717,2992.54655655571,0,0,2517.07235054348,0,2278.64741847826,1020.18626868207,0,0,0,0,0,0,0,0,0,328.436098845109,0,0,0,0,0,0,528.985534667969,17832.96875,2584.52954101563
"NGA",3,1,"LSMS-ISA2015",2015,4,11,1104,434,0,110086,8,0,0,0,0,0,760.416687011719,0,0,300,1890.17858886719,0,0,0,0,5214.28564453125,0,0,3125,0,1682.41845703125,0,0,0,0,3128.57153320313,16294.642578125,0,0,0,782.142883300781,0,0,3584.82141113281,0,1955.35711669922,0,1629.46426391602,0,0,0,0,5214.28564453125,391.071441650391,0,0,9741.5537109375,0,0,5459.62890625,0,0,1662.48425292969,0,0,0,0,726.425720214844,657.286071777344,2941.59585571289,0,0,0,0,1393.91796875,0,0,68535.5625,2584.52954101563
"NGA",3,1,"LSMS-ISA2015",2015,4,11,1104,434,0,110087,3,0,0,0,0,0,1013.88891601563,0,0,633.333333333333,957.777770996094,0,0,0,0,13904.76171875,0,0,3333.33325195313,0,4486.44921875,0,0,0,0,4866.66666666667,13904.76171875,0,0,0,0,0,0,6952.380859375,0,3128.5712890625,0,2607.14282226563,0,0,0,0,0,2433.33341471354,0,0,7422.13671875,0,0,5197.29866536458,0,0,8986.34505208333,0,0,0,0,1937.13525390625,3877.34928385417,2819.10571289063,0,0,0,0,3717.11458333333,0,0,92178.890625,2584.52954101563
"NGA",3,1,"LSMS-ISA2015",2015,4,11,1104,434,0,110088,4,0,0,0,0,0,608.333312988281,0,0,3700,310.714294433594,0,0,0,0,6517.85693359375,0,9125,0,0,1494.28979492188,0,0,0,0,2607.14282226563,0,0,0,0,0,0,0,3910.71435546875,0,2607.14282226563,0,2476.78570556641,1825,0,0,6517.85693359375,6517.85693359375,2216.07147216797,0,0,0,0,19542.484375,13035.7138671875,0,0,0,0,0,0,0,0,924.050659179688,0,0,0,0,0,0,0,760.416687011719,84697.4296875,2584.52954101563
"NGA",3,1,"LSMS-ISA2015",2015,4,11,1104,434,0,110089,6,0,0,0,0,0,506.944458007813,0,0,916.666666666667,554.960327148438,0,0,0,0,869.047607421875,0,3244.4443359375,0,0,3004.4697265625,0,0,0,0,1738.09521484375,0,0,0,869.047607421875,869.047607421875,0,0,3476.1904296875,0,2607.14282226563,434.523803710938,2433.33333333333,2433.33333333333,0,0,0,0,3736.90466308594,0,0,3065.54581705729,0,4367.40755208333,2817.67244466146,0,0,0,0,0,0,0,1657.87532552083,0,1259.00504557292,0,0,0,0,0,0,1013.88891601563,41875.546875,2584.52954101563
"NGA",3,1,"LSMS-ISA2015",2015,4,11,1104,434,0,110090,12,0,0,0,0,0,182.5,0,0,783.333333333333,0,0,0,0,0,1129.76188151042,0,2027.77783203125,0,0,1404.5888671875,0,0,0,0,1738.09521484375,0,0,0,0,0,0,0,2172.61897786458,0,1911.90478515625,434.523803710938,1260.11901855469,1825,0,0,1738.09521484375,3041.66666666667,217.261901855469,0,0,2999.77994791667,0,3257.08072916667,4888.39270019531,0,0,0,0,0,0,0,0,0,986.034851074219,0,0,0,0,0,0,0,31998.53515625,2584.52954101563
"NGA",3,1,"LSMS-ISA2015",2015,4,11,1107,1034,0,110091,5,0,0,0,0,0,365,0,0,1040,332.857147216797,0,0,0,0,2085.7142578125,0,0,0,0,3742.03759765625,0,0,0,0,2502.8572265625,0,0,0,0,0,0,0,7300,0,2815.71430664063,0,3754.28571777344,2502.8572265625,0,0,0,0,1772.85717773438,0,0,10298.21484375,0,5214.285546875,9523.9421875,0,0,1295.53173828125,0,0,0,0,0,1428.574609375,0,0,0,0,0,0,0,1216.66674804688,57191.39453125,2481.1484375
"NGA",3,1,"LSMS-ISA2015",2015,4,11,1107,1034,0,110092,12,0,0,0,0,0,253.472229003906,0,0,383.333333333333,313.591278076172,0,0,0,0,2172.61897786458,0,0,2500,0,3049.72192382813,0,0,0,0,3834.79121761641,0,0,0,0,0,0,0,2876.09339432861,0,1198.37227112926,0,719.023348582152,0,0,0,0,958.697804404103,1054.56762771526,0,0,7164.32256543601,0,3613.45912340231,2085.43938311696,0,958.697885784311,1222.65645505055,0,0,0,0,0,483.39408657182,934.115899350906,0,0,0,0,0,0,0,35776.37109375,2481.1484375
"NGA",3,1,"LSMS-ISA2015",2015,4,11,1107,1034,0,110093,5,0,0,0,0,0,438,0,0,1000,248.571441650391,0,0,0,0,3128.571484375,0,0,0,0,2521.95190429688,0,0,0,0,0,0,0,0,0,0,0,5262.60739719268,3157.56459684056,0,2315.54735837474,0,2736.55597760765,2526.05171681932,0,0,0,0,4736.34674877647,0,0,0,3551.78160873478,5262.60739719268,10525.2147943854,0,0,1492.79204317763,0,0,0,0,0,0,0,0,0,0,0,0,0,486.666656494141,49390.83203125,2481.1484375
"NGA",3,1,"LSMS-ISA2015",2015,4,11,1107,1034,0,110094,12,0,0,0,0,0,365,0,0,483.333333333333,86.9047622680664,0,0,1216.66666666667,0,0,0,3041.66674804688,833.333312988281,0,4887.77294921875,0,0,0,0,1390.47623697917,0,0,0,0,0,0,2172.61897786458,1086.30948893229,7517.26204427083,1086.30948893229,217.261901855469,1303.57143147786,1564.28564453125,1086.30948893229,1738.09521484375,2607.14290364583,3258.92862955729,999.404724121094,0,0,4290.9228515625,0,4725.81575520833,3476.19010416667,0,0,1138.26342773438,0,0,0,0,0,0,0,0,0,0,0,0,0,202.777770996094,50776.625,2481.1484375
"NGA",3,1,"LSMS-ISA2015",2015,4,11,1107,1034,0,110095,9,0,0,0,0,0,337.962972005208,0,0,577.777777777778,734.973510742188,0,0,0,0,2317.46028645833,0,6488.888671875,1266.66662597656,0,4066.2958984375,0,0,0,0,3476.19053819444,8690.4765625,0,0,0,0,0,0,2607.14279513889,0,2259.52376302083,0,2085.71427408854,0,0,0,0,2317.46028645833,1274.6032172309,0,0,6185.11328125,0,0,3320.02463107639,0,0,579.365071614583,0,0,0,0,2130.84874131944,1876.70404730903,1129.0192328559,0,0,0,0,1239.03819444444,0,0,54961.25390625,2481.1484375
"NGA",3,1,"LSMS-ISA2015",2015,4,11,1107,1034,0,110096,4,0,0,0,0,0,608.333312988281,0,0,750,130.357147216797,0,0,0,0,1303.57141113281,0,0,0,0,3764.9970703125,0,0,0,0,2085.71435546875,0,1955.35717773438,0,651.785705566406,1303.57141113281,0,0,2607.14282226563,0,3389.28564453125,0,3910.71423339844,0,0,0,0,0,4432.14276123047,0,0,2226.640625,0,3275.5556640625,2607.142578125,0,0,0,0,0,0,0,0,0,1153.15942382813,0,0,0,0,0,0,3041.66674804688,39197.140625,2481.1484375
"NGA",3,1,"LSMS-ISA2015",2015,4,11,1107,1034,0,110097,8,0,0,0,0,0,608.333312988281,0,0,62.5,231.398803710938,0,0,1825,0,651.785705566406,0,7604.16650390625,0,0,2253.35229492188,0,0,0,0,1587.92852880198,0,992.455314707979,0,0,1654.09217131,0,0,2315.72902648676,0,529.309509125576,0,2514.22007750638,2315.72902648676,0,0,0,0,2315.72899596918,0,0,1318.50507945427,0,6616.36842969733,2014.14336190104,0,0,0,0,0,0,0,1190.94630326718,0,330.818458818588,0,0,0,0,0,0,1140.625,40073.13671875,2481.1484375
"NGA",3,1,"LSMS-ISA2015",2015,4,11,1107,1034,0,110098,11,0,0,0,0,0,331.818181818182,0,0,381.818181818182,591.774841308594,0,0,0,0,1185.06489701705,0,0,1963.63635253906,0,2231.537109375,0,0,0,0,1529.65206550919,0,0,0,0,956.032496186922,0,0,1434.04878866959,0,956.032496186922,0,1195.04064193876,0,0,0,0,0,2055.46983909148,0,0,1360.83894168505,0,3603.4132436049,2411.20121104621,0,0,0,0,0,0,0,0,0,239.008146363706,0,0,0,0,0,0,0,22426.38671875,2481.1484375
"NGA",3,1,"LSMS-ISA2015",2015,4,11,1107,1034,0,110099,9,0,0,0,0,0,337.962972005208,0,0,344.444444444444,479.947113037109,0,0,1622.22222222222,0,869.047634548611,0,6759.25927734375,0,0,2267.90576171875,0,0,0,0,1622.22222222222,0,1158.73014322917,0,289.682535807292,1158.73014322917,0,0,2317.46028645833,0,2433.33333333333,0,1622.22224934896,0,0,0,1158.73014322917,1158.73014322917,2491.26977539063,0,0,1649.36349826389,0,4367.40755208333,1158.73003472222,0,0,0,0,0,0,0,0,579.365071614583,512.515299479167,0,0,0,0,0,0,1081.4814453125,37440.765625,2481.1484375
"NGA",3,1,"LSMS-ISA2015",2015,4,11,1107,1034,0,110100,9,0,0,0,0,0,337.962972005208,0,0,333.333333333333,181.084655761719,0,0,0,0,0,0,5407.40771484375,0,0,2267.90576171875,0,0,0,0,1022.51622132801,0,798.840747817356,0,0,639.072607705452,0,0,1917.21788436547,0,766.887165996008,0,2108.93966055219,0,0,0,0,0,1597.68152276145,0,0,4425.86095063553,0,3407.29998735441,1945.45367608019,0,0,0,0,0,0,0,1150.33065712035,0,319.536334477281,0,0,0,0,0,0,946.296325683594,29573.62890625,2481.1484375
"NGA",3,1,"LSMS-ISA2015",2015,4,11,1109,672,0,110101,5,0,0,0,0,0,608.333349609375,0,0,1400,604.285766601563,0,0,0,0,521.428564453125,0,0,0,0,6771.32958984375,0,0,0,0,2085.7142578125,0,1564.2857421875,0,521.428564453125,5214.2857421875,0,5735.714453125,4171.428515625,0,2919.99990234375,1042.85712890625,4797.14282226563,0,0,0,0,0,5005.71411132813,0,0,3164.5322265625,0,7861.33359375,3174.6474609375,0,0,0,0,0,0,0,0,0,1510.8060546875,0,0,0,0,0,0,2555.00024414063,61230.265625,3411.5791015625
"NGA",3,1,"LSMS-ISA2015",2015,4,11,1109,672,0,110102,6,0,0,0,0,0,851.666666666667,0,0,266.666666666667,325.198394775391,0,0,0,0,2607.14290364583,0,2433.33325195313,4000,0,3000,0,0,0,0,1857.71400282953,0,1625.49977417698,0,928.857001414764,3715.42808703927,0,0,4644.28492026924,0,2786.57100966867,928.857001414764,3901.19945368526,0,2322.14246013462,1114.62845486534,0,0,3994.08505562805,0,0,3202.95546239882,0,9288.56984053848,2827.61025557925,0,0,0,0,0,0,0,0,0,2088.73764190645,0,0,0,0,0,0,4765.27783203125,63476.43359375,3411.5791015625
"NGA",3,1,"LSMS-ISA2015",2015,4,11,1109,672,0,110103,4,0,0,0,0,0,1064.58337402344,0,0,1550,482.440490722656,0,0,0,0,1955.35717773438,0,12166.6669921875,0,0,9096.26953125,0,0,0,0,2752.71650223402,0,0,0,2752.71650223402,6193.61218139388,0,7569.97068309672,8258.14973795226,0,4679.61807434477,0,6331.24805666161,0,0,0,0,0,5918.3403956041,0,0,7834.33888984346,0,4892.15750310683,6254.42332089675,0,0,0,0,0,0,0,0,0,1993.95518202167,0,0,0,0,0,0,3193.75,94940.3125,3411.5791015625
"NGA",3,1,"LSMS-ISA2015",2015,4,11,1109,672,0,110104,1,0,0,0,0,0,6691.66650390625,0,0,0,7738.09521484375,0,0,18250,0,5214.28564453125,0,48666.66796875,0,0,54176.5,0,0,0,7821.4287109375,6257.14306640625,15642.857421875,3128.57153320313,0,10428.5712890625,13035.7143554688,0,28678.572265625,26071.427734375,0,13557.142578125,5214.28564453125,22421.4285888672,10950,13035.7138671875,6257.14306640625,0,7821.4287109375,27114.2854003906,0,0,0,0,0,0,0,0,0,0,0,0,0,0,0,0,0,0,0,0,0,0,6083.33349609375,364256.28125,3411.5791015625
"NGA",3,1,"LSMS-ISA2015",2015,4,11,1109,672,0,110105,2,0,0,0,0,0,29200,0,0,2500,1221.42858886719,0,0,20075,0,9125,0,36500,4000,0,103665.234375,0,0,0,5954.35204621179,5954.35204621179,0,5210.05809542022,0,5954.35204621179,11908.7040924236,0,32748.9375474711,14885.8797987858,0,16076.7503052583,2977.1760231059,13695.0099742027,8336.09301075483,7442.93989939288,5954.35204621179,0,0,26199.1485159028,0,0,8899.34240830939,0,29771.7595975715,2790.54285723183,0,0,0,0,0,0,0,0,0,4313.08894372612,0,0,0,0,0,0,5170.83349609375,420530.40625,3411.5791015625
"NGA",3,1,"LSMS-ISA2015",2015,4,11,1109,672,0,110106,2,0,0,0,0,0,10950,0,0,0,7344.0478515625,0,0,0,0,18250,0,36500,12000,0,73533.359375,0,0,0,0,4171.4287109375,0,0,0,5214.28564453125,0,0,0,6517.85693359375,0,4692.85693359375,0,8603.57153320313,0,782.142883300781,0,0,15642.857421875,8082.14306640625,0,0,5566.6025390625,0,13102.22265625,1688.64221191406,0,0,0,0,0,0,0,0,3128.57153320313,1303.57141113281,0,0,0,0,0,0,0,237074.15625,3411.5791015625
"NGA",3,1,"LSMS-ISA2015",2015,4,11,1109,672,0,110107,8,0,0,0,0,0,456.25,0,0,1075,2463.09521484375,0,0,0,0,7821.4287109375,0,7300,1887.5,0,4857.82763671875,0,0,0,0,2675.74517437191,8361.7032143797,0,0,0,0,0,0,7107.44766969013,0,1505.10655488825,0,1923.19172171075,0,0,0,0,0,1672.34069780758,0,0,0,0,0,2140.29151915955,0,0,0,0,0,0,0,0,0,2161.399916867,0,0,0,0,0,0,0,53408.328125,3411.5791015625
"NGA",3,1,"LSMS-ISA2015",2015,4,11,1109,672,0,110108,2,0,0,0,0,0,2920,0,0,7500,1042.85717773438,0,0,0,0,15642.857421875,0,9733.3330078125,9000,0,29326.638671875,0,0,0,0,4171.4287109375,0,0,0,0,0,0,0,7821.4287109375,0,6257.14270019531,0,5735.71429443359,5475,0,2085.71435546875,0,20335.7143554688,3389.28576660156,0,0,17163.689453125,0,4633.4423828125,9240.19006347656,0,0,0,0,0,0,0,6217.03271484375,5214.28564453125,0,0,0,0,0,0,0,0,172905.765625,3411.5791015625
"NGA",3,1,"LSMS-ISA2015",2015,4,11,1109,672,0,110109,12,0,0,0,0,0,405.555541992188,0,0,1216.66666666667,173.809524536133,0,0,1622.22216796875,0,3476.1904296875,0,5069.4443359375,0,0,5994.66455078125,0,0,0,0,1738.09521484375,0,0,0,0,0,0,4345.23795572917,1303.57145182292,0,1911.90478515625,434.523803710938,2607.14284261068,1825,0,217.261901855469,0,3693.45241292318,1129.76192220052,0,0,5721.22981770833,0,3257.08072916667,4019.34484863281,0,0,0,0,0,0,0,0,412.797607421875,0,0,0,0,0,0,0,354.861114501953,50929.8203125,3411.5791015625
"NGA",3,1,"LSMS-ISA2015",2015,4,11,1109,672,0,110110,7,0,0,0,0,0,4866.66685267857,0,0,142.857142857143,2326.87084960938,0,0,4345.23800223214,0,11173.4698660714,0,14426.189453125,8571.4287109375,0,11101.6513671875,0,0,0,0,2979.591796875,18622.4486607143,1042.85714285714,0,0,1564.28571428571,0,0,5214.28557477679,0,744.89794921875,0,2383.67347935268,0,0,0,3724.48967633929,7448.97935267857,1489.79593331473,0,0,5407.55691964286,0,0,827.089983258929,0,0,0,0,0,0,0,1369.83133370536,2406.61907087054,3420.15921456473,0,0,0,0,0,0,0,115600.921875,3411.5791015625
"NGA",3,1,"LSMS-ISA2015",2015,4,11,1113,954,0,110111,5,0,480,0,0,0,1703.3333984375,0,0,40,2637.619140625,0,0,8516.66640625,0,7300,2433.3333984375,19466.66796875,10570,0,10023.35546875,0,0,0,0,3128.571484375,4171.428515625,1042.85712890625,0,0,1042.85712890625,0,0,2607.1427734375,0,1877.1427734375,0,2294.2857421875,0,0,0,0,14599.9998046875,1668.571484375,0,0,4898.609765625,0,0,1157.9259765625,0,2085.714453125,0,0,0,0,0,0,0,4295.99770507813,0,0,0,0,0,0,0,108042.078125,3721.72265625
"NGA",3,1,"LSMS-ISA2015",2015,4,11,1113,954,0,110112,5,0,0,0,0,0,292,0,0,1520,444.285736083984,0,0,0,0,1564.2857421875,0,4866.6669921875,0,0,1830.27307128906,0,0,0,0,1569.54437184529,0,1307.95357759864,0,0,3662.27008632347,0,0,4185.45152747251,0,1883.45312825295,0,2615.90720488529,0,0,0,0,0,4499.36033356818,0,0,5856.12182288966,0,5258.5072597149,2092.72556756387,0,0,0,0,0,0,0,0,0,1515.88490246182,0,0,0,0,0,0,0,44964.69140625,3721.72265625
"NGA",3,1,"LSMS-ISA2015",2015,4,11,1113,954,0,110113,2,0,0,0,0,0,3041.66674804688,0,0,150,440.714294433594,0,0,0,0,12514.2861328125,0,27375,6000,0,4575.6826171875,0,0,0,0,4171.4287109375,0,0,0,0,0,0,0,16946.4287109375,0,5214.28552246094,0,3910.71423339844,0,0,0,0,0,1303.57141113281,0,0,6679.9228515625,0,6551.111328125,1206.17297363281,0,0,0,0,0,0,0,0,0,6534.97741699219,0,0,0,0,9137.9072265625,0,0,115753.8671875,3721.72265625
"NGA",3,1,"LSMS-ISA2015",2015,4,11,1113,954,0,110114,2,0,0,0,0,0,912.5,0,0,4000,1221.42858886719,0,0,0,0,1303.57141113281,0,0,0,0,9385.6474609375,0,0,0,0,2370.19895503943,0,1975.16591912716,0,1316.77723872801,6583.88619364003,0,0,6583.88606585454,0,11324.2842286468,2633.55447745601,7900.66343236803,3950.33183825433,0,0,0,0,10797.5735528821,0,0,10617.6676102434,0,6617.47734712526,0,0,0,0,0,0,0,0,0,0,3815.2781800447,0,0,0,0,0,0,9125,102434.890625,3721.72265625
"NGA",3,1,"LSMS-ISA2015",2015,4,11,1113,954,0,110115,4,0,0,0,0,0,730,0,0,1900,816.071411132813,0,0,0,0,1825,0,9125,0,0,2987.29858398438,0,0,0,0,10428.5712890625,0,0,0,0,1303.57141113281,0,0,5214.28564453125,0,2346.42846679688,0,2607.14291381836,1825,0,782.142883300781,0,782.142883300781,651.785705566406,0,0,8999.33984375,0,6517.85693359375,5214.28515625,0,0,0,0,0,0,0,0,0,1303.57147216797,0,0,0,0,0,0,912.5,66271.984375,3721.72265625
"NGA",3,1,"LSMS-ISA2015",2015,4,11,1113,954,0,110116,1,0,0,0,0,0,973.333312988281,0,0,0,2421.4287109375,0,0,0,0,0,0,0,0,0,27202.16796875,0,0,0,0,4171.4287109375,0,0,0,0,0,0,0,18250,0,4171.4287109375,0,7821.4287109375,12514.2861328125,0,2085.71435546875,0,0,6257.14306640625,0,0,11999.1201171875,0,9266.884765625,4887.41259765625,0,0,0,0,0,0,0,0,27844.28515625,2607.14282226563,0,0,0,0,1042.85717773438,0,4866.66650390625,148382.734375,3721.72265625
"NGA",3,1,"LSMS-ISA2015",2015,4,11,1113,954,0,110117,8,0,0,0,0,0,243.33332824707,0,0,725,130.357147216797,0,0,608.333312988281,0,6517.85693359375,0,8516.6669921875,1000,0,9888.43359375,0,0,0,0,3389.28564453125,0,0,0,0,0,0,6517.85693359375,3258.92846679688,2607.14282226563,1564.28576660156,0,2216.07147216797,1955.35717773438,1629.46423339844,2607.14282226563,3258.92846679688,7169.64270019531,1433.92858886719,0,0,6436.38427734375,0,3258.92846679688,4585.45025634766,0,0,0,0,0,0,0,1173.21423339844,1544.64483642578,325.892852783203,0,0,0,0,130.357147216797,0,4258.33349609375,86951.2265625,3721.72265625
"NGA",3,1,"LSMS-ISA2015",2015,4,11,1113,954,0,110118,7,0,0,0,0,0,434.523821149554,0,0,0,619.727905273438,0,0,3476.19056919643,0,1489.7958984375,0,10428.5712890625,0,0,3832.81396484375,0,0,0,0,2979.591796875,0,2420.91824776786,0,744.89794921875,2979.591796875,0,0,5214.28571428571,0,2830.61216517857,0,2607.14285714286,2979.591796875,0,0,0,0,1713.26524135045,0,0,3817.09877232143,0,3743.4921875,1489.79575892857,0,0,0,0,0,0,0,0,0,1079.14718191964,0,0,0,0,1506.919921875,0,1738.09533691406,58126.06640625,3721.72265625
"NGA",3,1,"LSMS-ISA2015",2015,4,11,1113,954,0,110119,8,0,0,0,0,0,380.208343505859,0,0,0,380.357147216797,0,0,3802.08325195313,0,2607.14282226563,0,0,0,0,1631.68884277344,0,0,0,0,2064.56467919362,0,0,0,1376.37640881095,2752.75281762189,0,3440.94096593425,3440.94096593425,0,4748.49864966294,2064.56460827438,3440.94102696941,2408.65874346571,0,0,0,0,4748.49868018052,0,0,7018.49364333507,0,5187.74518882469,2580.70590755616,0,0,2443.52288402006,0,0,0,1445.19511906707,0,0,996.990743011585,0,0,0,0,0,0,2281.25,61242.1171875,3721.72265625
"NGA",3,1,"LSMS-ISA2015",2015,4,11,1113,954,0,110120,6,0,0,0,0,0,2027.77783203125,0,0,1500,507.142852783203,0,0,12166.6666666667,0,4345.23795572917,4.05555566151937,8111.111328125,2166.66674804688,0,2208.43188476563,0,0,0,0,3639.09210278964,0,1364.6595806229,0,1819.54609208492,3639.09210278964,0,0,2729.3191612458,0,3093.22830531125,0,2729.31906877212,0,0,0,0,0,454.886512848704,0,0,2070.51795480109,0,9097.73008866693,1819.54587754093,0,0,0,0,0,0,0,0,0,804.799283223548,0,0,0,0,0,0,2027.77783203125,68326.6171875,3721.72265625
"NGA",3,1,"LSMS-ISA2015",2015,4,11,1102,936,0,110121,2,0,0,0,0,0,1520.83337402344,0,0,4500,1121.42858886719,0,0,0,0,6517.85693359375,0,0,0,0,12944.66015625,0,0,0,0,4171.4287109375,0,3258.92846679688,0,0,5214.28564453125,0,0,9125,0,9385.71411132813,5214.28564453125,9125,7300,0,0,0,0,11210.7139892578,0,0,14840.0610351563,0,13102.22265625,2443.70629882813,0,0,0,0,0,0,0,0,0,2306.31884765625,0,0,0,0,0,0,9429.1669921875,132731.625,1550.7177734375
"NGA",3,1,"LSMS-ISA2015",2015,4,11,1102,936,0,110122,2,0,0,0,0,0,1520.83337402344,0,0,2500,510.714294433594,0,0,0,0,2607.14282226563,0,0,0,0,8845.1123046875,0,0,0,0,3539.98805457854,0,2949.98992341181,0,1474.9949617059,11799.9596936472,0,0,14749.9492356055,0,8849.96972446446,2949.98992341181,11799.9596936472,6194.9788895215,0,0,0,0,12684.9565013009,0,0,14272.1229787406,0,7412.60206080915,2765.06100778893,0,0,0,0,0,0,0,0,0,4273.70395212434,0,0,0,0,0,0,3041.66674804688,124743.6953125,1550.7177734375
"NGA",3,1,"LSMS-ISA2015",2015,4,11,1102,936,0,110123,12,0,0,0,0,0,506.944458007813,0,0,0,346.626983642578,0,0,0,0,869.047607421875,0,5069.4443359375,0,0,5806.17919921875,0,0,0,0,1738.09521484375,0,760.416666666667,0,0,1303.57141113281,0,0,3258.92854817708,0,1911.90470377604,651.785725911458,1955.35709635417,1216.66666666667,0,0,0,0,3519.64276123047,0,0,4698.931640625,0,4345.23795572917,869.047526041667,0,0,0,0,0,0,0,0,0,1117.01704915365,0,0,0,0,0,0,3244.44458007813,43189.29296875,1550.7177734375
"NGA",3,1,"LSMS-ISA2015",2015,4,11,1102,936,0,110124,9,0,666.666687011719,0,0,0,2027.77777777778,0,0,322.222222222222,1493.12170410156,0,0,4731.48133680556,0,5793.65060763889,0,14194.4443359375,1055.55554199219,0,662.522644042969,0,0,0,0,2549.20638020833,6952.38107638889,5793.65060763889,0,0,0,0,0,5503.96831597222,0,2317.46028645833,0,2491.26985677083,1042.85709635417,0,1158.73014322917,3476.19053819444,9269.84136284722,4229.3649359809,0,0,329.872721354167,0,0,0,0,1708.38444010417,0,0,0,0,0,1188.44118923611,1531.28407118056,1604.39567057292,0,0,0,0,0,0,0,82094.7421875,1550.7177734375
"NGA",3,1,"LSMS-ISA2015",2015,4,11,1102,936,0,110125,7,0,0,0,0,0,3823.80943080357,0,0,42.8571428571429,3607.82299804688,0,0,0,0,11173.4698660714,0,11297.619140625,4857.14306640625,0,1707.02770996094,0,0,0,1117.34695870536,1787.75516183036,14897.9587053571,2234.69391741071,0,0,0,0,0,5214.28557477679,0,1340.81626674107,0,2011.2245047433,0,0,0,0,7448.97935267857,0,0,0,0,0,0,0,0,0,0,0,0,0,0,0,0,1832.36580984933,0,0,0,0,0,0,5214.28564453125,79609.46875,1550.7177734375
"NGA",3,1,"LSMS-ISA2015",2015,4,11,1102,936,0,110126,9,0,0,0,0,0,1081.4814453125,0,0,55.5555555555556,1454.23291015625,0,0,3379.62955729167,0,3186.50802951389,946.296332465278,10138.888671875,1111.11108398438,0,1464.20300292969,0,0,0,0,1853.96831597222,23174.6024305556,0,0,0,0,0,2896.82530381944,3476.19053819444,0,2201.5872124566,579.365071614583,2433.33336046007,1390.47623697917,0,0,0,869.047634548611,0,0,0,5690.30512152778,0,0,1735.60736762153,0,2562.57638888889,0,0,0,0,0,1065.42437065972,0,2258.03846571181,0,0,0,0,1800.17013888889,0,0,76805.421875,1550.7177734375
"NGA",3,1,"LSMS-ISA2015",2015,4,11,1102,936,0,110127,3,0,0,0,0,0,648.888875325521,0,0,2566.66666666667,773.8095703125,0,0,0,0,3476.1904296875,0,14600,0,0,8048.8515625,0,0,0,0,27809.5234375,0,0,0,0,0,0,5214.28580729167,6952.380859375,13904.76171875,6257.142578125,2607.14282226563,4519.04768880208,3128.5712890625,4345.23795572917,13035.7142740885,0,2607.14282226563,2607.14282226563,0,0,7999.41341145833,0,4367.40755208333,8255.95174153646,0,0,0,0,0,0,0,3157.0869140625,0,869.047607421875,0,0,0,0,0,0,2433.33325195313,150184.734375,1550.7177734375
"NGA",3,1,"LSMS-ISA2015",2015,4,11,1102,936,0,110128,7,0,0,0,0,0,312.857142857143,0,0,771.428571428571,183.26530456543,0,0,0,0,2234.69391741071,0,6952.38134765625,1428.57141113281,0,3920.25415039063,0,0,0,0,1787.75516183036,0,0,0,1489.7958984375,0,0,7448.97935267857,2607.14285714286,2979.591796875,670.408133370536,744.89794921875,3947.95915876116,2234.69391741071,1862.24483816964,0,3724.48967633929,3724.48967633929,2607.14289202009,0,0,0,0,3724.48967633929,5959.18303571429,0,0,744.89794921875,0,0,0,0,0,707.653041294643,0,0,0,0,0,0,0,0,62769.265625,1550.7177734375
"NGA",3,1,"LSMS-ISA2015",2015,4,11,1102,936,0,110129,6,0,0,0,0,0,608.333333333333,0,0,0,286.904754638672,0,0,3041.66666666667,0,1303.57145182292,0,6083.33349609375,0,0,13184.578125,0,0,0,0,2225.15314836292,0,1854.29420892222,0,0,3708.58841784444,0,0,3708.58841784444,0,2410.58245049718,0,3708.58841784444,3245.01490389116,0,0,0,0,3523.15906536875,0,0,6772.58103230227,0,6989.08071662543,1854.29402685916,0,0,0,0,0,0,0,0,0,1343.17483822098,0,0,0,0,0,0,2230.5556640625,68082.0390625,1550.7177734375
"NGA",3,1,"LSMS-ISA2015",2015,4,11,1102,936,0,110130,8,0,0,0,0,0,456.25,0,0,825,542.261901855469,0,0,3802.08325195313,0,1303.57141113281,0,2433.33325195313,0,0,6887.01025390625,0,0,0,0,1303.57141113281,0,1303.57141113281,0,1303.57141113281,977.678558349609,0,0,1955.35717773438,0,1694.64282226563,977.678558349609,2607.1428527832,2281.25,1629.46423339844,1042.85717773438,0,977.678588867188,3324.10720825195,0,0,4761.13391113281,0,3275.5556640625,1303.5712890625,0,0,0,0,0,0,0,0,0,944.253784179688,0,0,0,0,0,0,3193.75,51106.34375,1550.7177734375
"NGA",3,1,"LSMS-ISA2015",2015,4,11,1101,154,0,110131,2,0,0,0,0,0,1520.83337402344,0,0,4450,1260.71435546875,0,0,0,0,3910.71435546875,0,0,0,0,4821.24658203125,0,0,0,0,4171.4287109375,0,15642.857421875,0,2607.14282226563,2607.14282226563,0,0,7821.4287109375,0,6778.5712890625,2607.14282226563,5475,0,0,1825,0,0,9646.42858886719,0,0,3910.71459960938,0,6551.111328125,9891.97595214844,0,0,0,0,0,0,0,0,0,2306.31884765625,0,0,0,0,0,0,6083.33349609375,103889.1171875,2171.0048828125
"NGA",3,1,"LSMS-ISA2015",2015,4,11,1101,154,0,110132,5,0,0,0,0,0,1216.66669921875,0,0,0,938.571472167969,0,0,2433.3333984375,0,2607.1427734375,0,4866.6669921875,0,0,7398.86865234375,0,0,0,0,2124.28689035334,0,1593.21521891672,0,0,2124.28689035334,0,0,2655.35856411355,0,3823.71638496363,0,2124.28689035334,0,0,0,0,0,7328.789896342,0,0,2721.38381421366,0,5337.81264029353,3233.35852974017,0,0,0,0,0,0,0,0,752.911840701872,531.071772578253,0,0,0,0,0,0,1703.33337402344,55515.0625,2171.0048828125
"NGA",3,1,"LSMS-ISA2015",2015,4,11,1101,154,0,110133,6,0,0,0,0,0,405.555541992188,0,0,500,323.015869140625,0,0,0,0,1303.57145182292,0,0,0,0,2175.58520507813,0,0,0,0,2085.71435546875,0,1520.83333333333,0,0,2172.61905924479,0,0,3041.66666666667,0,4258.33333333333,869.047607421875,4345.23803710938,0,0,0,0,0,3736.90466308594,0,0,3994.87874348958,0,4345.23795572917,2645.53955078125,0,0,0,0,0,0,0,0,0,434.523844401042,0,0,0,0,0,0,1013.88891601563,39172.15625,2171.0048828125
"NGA",3,1,"LSMS-ISA2015",2015,4,11,1101,154,0,110134,6,0,0,0,0,0,608.333333333333,0,0,50,471.626983642578,0,0,0,0,434.523803710938,0,0,7500,0,854.580261230469,0,0,0,0,2433.33333333333,0,1303.57145182292,0,0,1738.09521484375,0,0,3476.1904296875,0,2259.52376302083,434.523803710938,1564.28572591146,0,0,0,0,0,3736.90466308594,0,0,4797.37784830729,0,3088.96158854167,1738.09505208333,0,0,0,0,0,0,0,0,0,1259.00504557292,0,0,0,0,0,0,4055.5556640625,41804.48828125,2171.0048828125
"NGA",3,1,"LSMS-ISA2015",2015,4,11,1101,154,0,110135,6,0,0,0,0,0,405.555541992188,0,0,1150,363.571441650391,0,0,3041.66666666667,0,1303.57145182292,0,0,0,0,4471.6162109375,0,0,0,0,1738.09521484375,0,1303.57145182292,0,0,1738.09521484375,0,0,3476.1904296875,0,1738.09521484375,869.047607421875,2607.14286295573,0,0,0,0,0,3736.90466308594,0,0,4151.85530598958,0,4367.40755208333,2645.53955078125,0,0,0,0,0,0,0,0,0,1259.00504557292,0,0,0,0,0,0,3143.0556640625,43509.98828125,2171.0048828125
"NGA",3,1,"LSMS-ISA2015",2015,4,11,1101,154,0,110136,5,0,0,0,0,0,973.33330078125,0,0,0,669.285766601563,0,0,2433.3333984375,0,5214.285546875,0,6813.33349609375,4800,0,2610.7021484375,0,0,0,0,4171.428515625,20857.1421875,0,0,0,0,0,0,6257.1427734375,0,2607.14282226563,0,2398.57143554687,1877.1427734375,0,1251.42861328125,0,0,1877.14291992188,0,0,5343.93828125,0,0,3282.59965820312,0,0,0,0,0,0,0,0,0,1965.38466796875,0,0,0,0,2230.26875,0,0,77633.6015625,2171.0048828125
"NGA",3,1,"LSMS-ISA2015",2015,4,11,1101,154,0,110137,8,0,0,0,0,0,380.208343505859,0,0,37.5,291.220245361328,0,0,0,0,1303.57141113281,0,0,1875,0,886.514709472656,0,0,0,0,1318.91324654128,2637.82649308256,0,0,0,0,0,0,4286.46814504173,0,659.45662327064,0,1384.85892784784,0,0,0,0,0,461.619642615947,0,0,5632.11632848418,0,0,2069.32540349503,0,0,1682.05016350606,0,0,0,0,1258.04024422044,0,2927.96279522324,0,0,0,0,1410.32310058701,0,0,30502.978515625,2171.0048828125
"NGA",3,1,"LSMS-ISA2015",2015,4,11,1101,154,0,110138,10,0,0,0,0,0,486.666650390625,0,0,1320,208.571441650391,0,0,1216.66669921875,0,1564.2857421875,0,4380,0,0,1378.21142578125,0,0,0,0,9125,0,0,0,0,0,0,5214.285546875,1564.2857421875,0,2294.2857421875,0,1877.14284667969,2190,0,312.857153320312,0,1616.42854003906,1825.00002441406,0,0,4799.648046875,0,3908.496875,10566.7993164063,0,0,961.2421875,0,0,0,0,0,596.735498046875,1131.88154296875,0,0,0,0,0,0,0,58538.4921875,2171.0048828125
"NGA",3,1,"LSMS-ISA2015",2015,4,11,1101,154,0,110139,5,0,0,0,0,0,438,0,0,1240,144.285720825195,0,0,0,0,6257.14296875,0,0,0,0,3742.03759765625,0,0,0,0,2960.31305119773,0,0,0,0,0,0,5286.27313592169,2643.13656796085,1691.60751442346,3700.39126794317,1057.254646993,2431.68575280883,3171.76404002232,2643.13656796085,1691.60751442346,0,2643.13656796085,3171.76389076381,0,0,0,0,7924.9139140289,13666.8455949478,0,0,0,0,0,0,0,0,0,0,0,0,0,0,0,0,608.333374023438,67113.6328125,2171.0048828125
"NGA",3,1,"LSMS-ISA2015",2015,4,11,1101,154,0,110140,8,0,0,0,0,0,304.166656494141,0,0,1062.5,155.357147216797,0,0,1520.83337402344,0,1629.46423339844,0,3345.83325195313,0,0,1421.98217773438,0,0,0,0,2346.42846679688,0,0,0,0,0,0,6517.85693359375,2607.14282226563,0,1303.57141113281,651.785705566406,1694.64288330078,1955.35717773438,0,521.428588867188,0,5735.71435546875,1499.10708618164,0,0,6436.38427734375,0,3258.92846679688,5952.4638671875,0,0,1201.552734375,0,0,0,0,0,619.196411132813,0,0,0,0,0,0,0,456.25,52197.9453125,2171.0048828125
"NGA",3,1,"LSMS-ISA2015",2015,5,12,1211,2856,1,120001,6,0,3600,4055.5556640625,0,0,5069.4443359375,0,0,5883.33333333333,11954.6435546875,0,0,17641.6666666667,0,0,0,15208.3330078125,1333.33337402344,0,47973.09765625,0,0,0,0,6517.857421875,5214.28580729167,3910.71419270833,8690.47591145833,695.238118489583,1738.09521484375,0,44321.4283854167,22595.2379557292,15295.2379557292,10428.5716145833,695.238118489583,14686.9051106771,11658.9596354167,2085.71435546875,16859.5239257813,0,16251.1905924479,24333.3336588542,0,0,0,4855.5048828125,0,0,0,5.2142858505249,13035.71484375,0,0,0,7448.978515625,9269.84114583333,1676.0205078125,222.832743326823,11151.2526041667,0,6517.85677083333,0,208.571431477865,0,1987.22216796875,375076.46875,7710.90966796875
"NGA",3,1,"LSMS-ISA2015",2015,5,12,1211,2856,1,120002,10,146,0,0,243.333325195313,0,1168,0,851.666687011719,8180,3017.02392578125,0,0,0,0,9385.7140625,0,5231.66650390625,0,0,5357.6279296875,0,0,0,0,5754.87181529194,0,3352.35247892559,0,0,0,0,0,2793.62702376999,1117.45079139413,0,0,1340.94096227336,4469.80316557653,0,446.980338214985,0,4469.80316557653,0,0,0,0,0,0,0,0,0,0,0,0,0,0,4469.80316557653,0,3.70425690016925,0,0,0,0,279.362697848533,0,973.333312988281,63053.0703125,7710.90966796875
"NGA",3,1,"LSMS-ISA2015",2015,5,12,1211,2856,1,120003,6,2027.77783203125,6000,0,0,0,1622.22216796875,0,0,12366.6666666667,7839.44384765625,0,0,12166.6666666667,0,6952.380859375,0,6083.33349609375,10044.4443359375,0,20105.86328125,0,0,0,0,0,0,5214.28580729167,0,2172.61901855469,6083.33333333333,0,17380.9518229167,7821.42854817708,0,3910.71419270833,0,5648.80944824219,2607.14290364583,869.047607421875,8690.47591145833,0,21726.1905110677,0,0,0,2244.5693359375,11959.37109375,4345.23795572917,0,0,0,0,0,6419.1015625,0,3310.65755208333,2317.46044921875,572.485066731771,2209.65832519531,0,0,1042.85717773438,3476.19075520833,139.047617594401,0,1520.83337402344,206891.234375,7710.90966796875
"NGA",3,1,"LSMS-ISA2015",2015,5,12,1211,2856,1,120004,7,2607.14282226563,1714.28576660156,0,0,0,0,0,0,1114.28571428571,1206.87084960938,0,0,0,0,2979.591796875,0,10428.5712890625,0,0,10285.7138671875,0,0,0,0,4469.38783482143,4469.38783482143,1862.24483816964,0,1787.75509207589,0,0,0,2979.591796875,3575.51032366071,1117.34692382813,1489.7958984375,1862.24487304688,2979.591796875,297.959193638393,893.877580915179,0,9981.63267299107,1489.7958984375,0,0,0,0,0,0,0,0,8695.30691964286,0,0,0,0,1986.39453125,0,0,0,0,0,0,29.7959180559431,0,869.047668457031,81173.125,7710.90966796875
"NGA",3,1,"LSMS-ISA2015",2015,5,12,1211,2856,1,120005,8,304.166656494141,0,0,0,0,1125.41662597656,0,0,8800,14452.9755859375,0,0,0,0,16294.642578125,0,3802.08325195313,0,1303.57141113281,6000,0,0,0,0,9385.7138671875,0,0,0,6908.92846679688,0,0,0,13687.5,1955.35717773438,0,1303.57141113281,1629.46423339844,3910.71435546875,0,1173.21429443359,0,16685.7141113281,2216.07147216797,0,0,0,0,0,6070.9189453125,0,0,0,0,0,0,0,2607.14282226563,0,2055.53518676758,0,0,0,0,0,0,6083.33349609375,127756.0390625,7710.90966796875
"NGA",3,1,"LSMS-ISA2015",2015,5,12,1211,2856,1,120006,5,2433.33349609375,21600,7300,0,0,2433.3333984375,0,0,33120,20056.904296875,85166.671875,0,36500,0,20857.1421875,146000,14600,27533.33203125,0,69288.3671875,0,0,0,2085.7142578125,0,18771.428125,5214.285546875,0,8342.85703125,7821.42890625,16685.7140625,17728.57109375,3128.571484375,0,7821.4283203125,0,14287.1429199219,3128.571484375,0,13557.1426269531,0,58400.000390625,0,0,0,0,8610.74765625,0,0,0,844.7142578125,0,0,17380.9515625,0,5959.183203125,556.190478515625,4960.523828125,0,0,347.61904296875,1251.42861328125,13221.9384765625,125.142858886719,0,1216.66674804688,718337.0625,7710.90966796875
"NGA",3,1,"LSMS-ISA2015",2015,5,12,1211,2856,1,120007,3,0,12000,0,811.111083984375,0,6083.33333333333,405.555541992188,0,15800,10096.74609375,4055.5556640625,0,4055.5556640625,0,12166.6666666667,0,30416.666015625,1000,0,28000,0,0,0,6952.380859375,83428.5729166667,27809.5234375,0,0,13557.1429036458,0,13904.76171875,0,22769.0473632813,18945.2376302083,19119.0473632813,12270.9523111979,15642.857014974,7821.42838541667,1738.09521484375,12861.9047851563,0,39107.1422526042,8690.47607421875,0,0,0,0,0,1916.04313151042,0,0,78214.2864583333,0,0,0,0,0,3071.81355794271,0,3087.40625,0,18961.0403645833,0,0,0,6488.88916015625,541249.1875,7710.90966796875
"NGA",3,1,"LSMS-ISA2015",2015,5,12,1211,2856,1,120008,7,0,7448.9794921875,0,347.619035993304,0,2607.14285714286,0,869.047668457031,11200,2323.46923828125,0,0,8690.47600446429,0,4469.38783482143,0,9559.5234375,28071.427734375,0,17233.59765625,0,0,0,4841.83677455357,35755.1026785714,111734.696428571,6704.08147321429,0,5214.28578404018,4469.38783482143,0,7448.97935267857,21229.5913783482,15270.4079241071,22719.3883231027,5288.77553013393,9951.83677455357,8938.77566964286,0,5214.28564453125,0,245816.327008929,5512.24490792411,0,0,0,0,0,0,0,0,0,0,0,0,0,2979.591796875,11262.8866838728,0,0,0,0,0,0,0,608.333374023438,623781.5625,7710.90966796875
"NGA",3,1,"LSMS-ISA2015",2015,5,12,1211,2856,1,120010,8,304.166656494141,3000,0,456.25,0,1520.83337402344,0,0,1550,1283.6904296875,0,0,3041.66674804688,0,2933.03564453125,0,10645.833984375,1250,0,18491.263671875,0,0,0,1955.35711669922,7169.64282226563,0,13687.5003662109,0,4562.50006103516,977.678588867188,0,82125,29982.1435546875,10689.285949707,6322.32135009766,1759.82147216797,11797.3214416504,5996.42852783203,977.678588867188,12416.5180664063,0,0,23203.5714416504,0,0,0,728.32568359375,9613.47509765625,0,0,3073.16949462891,19553.572265625,0,6517.85693359375,0,0,2129.16665649414,3308.88140869141,3393.31373405457,0,0,111.734703063965,8690.4765625,0,0,0,315219.5,7710.90966796875
"NGA",3,1,"LSMS-ISA2015",2015,5,12,1202,0,1,120011,5,0,1680,0,0,0,3163.3333984375,0,486.666656494141,640,3272,0,0,0,0,2085.7142578125,0,6326.66650390625,80,0,15089.1435546875,0,0,0,0,6257.14296875,2085.7142578125,1251.42861328125,0,521.428564453125,2085.7142578125,0,5214.285546875,6257.14296875,625.714306640625,1772.85717773438,0,3024.28571777344,1668.571484375,0,2294.2857421875,0,3650,521.428564453125,0,0,0,0,0,0,0,0,0,0,0,0,0,0,0,0,0,0,0,0,0,0,0,70053.53125,11841.75390625
"NGA",3,1,"LSMS-ISA2015",2015,5,12,1202,2146,1,120012,2,0,30000,0,1216.66662597656,0,2433.33325195313,0,0,400,2600,0,0,0,0,0,0,4866.66650390625,8000,0,20659.267578125,0,0,0,0,0,0,0,0,2607.14282226563,5214.28564453125,0,7821.4287109375,18250,0,0,0,6517.85705566406,7821.4287109375,0,0,0,9907.14306640625,0,0,0,4040.22485351563,11653.2109375,6517.85693359375,4034.86376953125,0,0,0,0,0,0,0,1738.09521484375,1919.5087890625,334.895446777344,0,869.047607421875,0,0,208.571426391602,0,0,159631.484375,11841.75390625
"NGA",3,1,"LSMS-ISA2015",2015,5,12,1202,2146,1,120013,6,0,2000,0,0,0,2433.33333333333,0,1622.22216796875,1650,1159.16662597656,0,0,5069.4443359375,0,4345.23795572917,0,8111.111328125,0,0,20000,0,0,0,0,5214.28580729167,2433.33333333333,2607.14290364583,0,1738.09521484375,0,0,4345.23803710938,2607.14290364583,2085.71435546875,1738.09521484375,0,2346.42854817708,0,347.619059244792,1564.28576660156,0,13209.523844401,2085.71435546875,0,0,2244.5693359375,0,0,0,0,0,13035.71484375,0,0,0,0,0,0,0,0,0,0,0,0,0,20277.77734375,124271.1875,11841.75390625
"NGA",3,1,"LSMS-ISA2015",2015,5,12,1202,2146,1,120014,10,0,3600,0,0,0,730,0,0,6940,4596.6669921875,0,0,0,0,4171.428515625,0,2433.33349609375,1000,0,12000,0,0,0,0,62571.43125,0,0,0,4849.2857421875,6257.14296875,0,8342.85703125,10428.571484375,2085.7142578125,0,0,6517.85705566406,3128.571484375,0,0,0,21900.0001953125,0,0,0,2693.483203125,0,0,1248.945703125,0,0,0,0,0,0,938.57138671875,4171.428515625,2382.92841796875,0,0,695.2380859375,6118.0955078125,0,104.285717773438,0,12592.5,192498.3125,11841.75390625
"NGA",3,1,"LSMS-ISA2015",2015,5,12,1202,2146,1,120015,5,0,4800,0,7300,0,3650,0,0,2920,2990.95239257813,0,0,7300,0,0,0,4866.6669921875,0,0,43049.0078125,0,0,0,0,6257.14296875,6257.14296875,5214.285546875,3128.571484375,4171.428515625,2085.7142578125,0,14600,5735.714453125,1877.1427734375,2085.7142578125,0,5422.8572265625,4171.428515625,0,6048.57158203125,0,31807.1427734375,2085.7142578125,0,0,0,0,0,0,0,0,0,0,0,2436.58203125,0,0,9385.71416015625,56.9019226074219,0,0,0,0,20.8571426391602,0,0,189725.25,11841.75390625
"NGA",3,1,"LSMS-ISA2015",2015,5,12,1202,2146,1,120017,4,304.166656494141,2100,10645.8330078125,0,0,1064.58337402344,0,0,15000,5731.5478515625,0,0,2433.33325195313,0,13035.7138671875,0,24333.33203125,0,0,13500,0,0,0,0,3258.92846679688,23464.2846679688,4888.39306640625,0,5214.28576660156,1955.35717773438,0,12383.9287109375,25419.6435546875,5866.07141113281,8603.57153320313,6778.57141113281,4692.85717773438,1564.28576660156,130.357147216797,9059.82116699219,0,58008.9279785156,8212.50015258789,0,0,0,0,0,0,0,0,3233.5673828125,0,0,0,0,3988.92846679688,0,6337.80615234375,0,0,6517.85693359375,0,11507.5029296875,0,13687.5,312923.4375,11841.75390625
"NGA",3,1,"LSMS-ISA2015",2015,5,12,1202,2146,1,120018,3,730,12000,0,3244.4443359375,0,9733.33333333333,0,2027.77783203125,13200,8767.77734375,0,0,0,0,10428.5716145833,0,12977.77734375,2000,0,95946.1953125,0,0,0,0,0,0,0,0,3302.38102213542,0,0,5214.28580729167,10428.5716145833,2780.95247395833,0,4345.23803710938,5561.90482584635,3476.1904296875,0,4519.04777018229,0,15816.6666666667,2085.71435546875,0,0,0,5826.60546875,0,5396.3720703125,0,548.872192382813,40400.5729166667,0,0,0,0,2780.95247395833,0,0,0,0,0,0,3476.1904296875,0,3974.4443359375,290990.84375,11841.75390625
"NGA",3,1,"LSMS-ISA2015",2015,5,12,1202,2146,1,120019,8,760.416687011719,1800,0,304.166656494141,0,1064.58337402344,0,304.166656494141,2790,1345.80358886719,0,0,0,0,6517.85693359375,0,4562.5,750,0,10500,0,0,0,2607.14282226563,9776.7861328125,6517.85693359375,3910.71435546875,0,4236.60711669922,5866.07141113281,0,3910.71417236328,10167.8568725586,3845.53558349609,3845.53570556641,2933.03570556641,5540.17846679688,2607.14282226563,325.892852783203,3324.10711669922,0,29982.1423339844,5018.75009155273,0,0,0,2913.302734375,0,0,0,0,4032.4482421875,0,0,0,0,0,4770.46765136719,432.123168945313,1180.07531738281,0,3299.66528320313,0,263.347778320313,0,10645.8330078125,162652.828125,11841.75390625
"NGA",3,1,"LSMS-ISA2015",2015,5,12,1202,2146,1,120020,6,304.166656494141,5000,0,0,0,973.333333333333,0,0,4866.66666666667,2155,0,0,0,0,15642.8567708333,0,2331.94458007813,6666.66650390625,0,16546.298828125,0,0,0,0,4692.85709635417,3476.1904296875,2433.33333333333,0,2607.14290364583,3910.71419270833,0,3476.1904296875,1998.8095703125,0,2607.14290364583,4345.23811848958,6083.33341471354,2085.71435546875,0,3128.57153320313,0,27201.1910807292,0,0,0,0,0,0,0,0,0,0,0,0,0,5237.46028645833,0,0,288.082112630208,0,463.492024739583,1448.41276041667,0,347.619059244792,0,973.333312988281,131291.765625,11841.75390625
"NGA",3,1,"LSMS-ISA2015",2015,5,12,1202,2710,1,120021,4,1216.66662597656,9000,9125,0,0,4562.5,456.25,1520.83337402344,12000,13903.5712890625,0,0,30416.666015625,0,10428.5712890625,0,10645.833984375,17825,0,55091.30078125,0,0,0,13186.7539597675,74291.5683718738,11143.7357974865,9286.44604648423,0,12258.108958366,14858.3140711278,29716.6281422556,9286.44604648423,11143.7357974865,11700.9225038266,52004.0989894866,15786.9588207286,16901.3324165143,7429.1570355639,928.644629445487,13001.0246863365,0,82649.3706606398,16158.4162536377,0,0,0,0,0,0,0,28765.1759549738,0,0,0,0,0,0,0,0,0,12227.1551298253,10713.9060187036,0,0,0,4562.5,634192.625,7187.6689453125
"NGA",3,1,"LSMS-ISA2015",2015,5,12,1202,2710,1,120022,5,1460,2400,0,0,0,973.33330078125,0,486.666656494141,5940,5349.3330078125,0,0,0,0,8760,0,4866.6669921875,1560,0,6240,0,0,0,2085.7142578125,12514.2859375,0,2607.1427734375,0,2085.7142578125,0,0,3128.571484375,7300,2190,1564.2857421875,0,3754.2857421875,4171.428515625,730,834.2857421875,0,21378.5708984375,0,0,0,0,0,0,0,0,716.964306640625,0,0,0,0,0,0,0,0,0,0,1251.42861328125,0,83.4285705566406,0,6326.6669921875,110758.7734375,7187.6689453125
"NGA",3,1,"LSMS-ISA2015",2015,5,12,1202,2710,1,120023,9,2027.77783203125,4000,0,270.370361328125,0,2027.77777777778,0,337.962982177734,12466.6666666667,4425.99462890625,1351.85192871094,0,2703.70377604167,0,11587.3012152778,0,6759.259765625,888.888916015625,0,10943.5517578125,0,0,0,5415.27436775108,9556.36714547922,0,5733.81989121154,0,7326.54765191632,1911.2733752244,0,4778.18321232323,18475.6420193859,10193.4576885813,7836.22073127585,5160.43810710749,4778.18332083017,5096.72884429063,11149.0943674696,12805.5313560957,0,53515.6528399632,10957.967044122,0,0,0,0,0,0,0,0,9556.36714547922,0,0,0,0,2548.36442214531,11115.3954721073,0,0,0,8851.01605508881,0,0,0,811.111083984375,267363.75,7187.6689453125
"NGA",3,1,"LSMS-ISA2015",2015,5,12,1202,2710,1,120024,9,4325.92578125,4000,0,0,0,1081.4814453125,0,1622.22216796875,12688.8888888889,11292.1689453125,0,0,4055.55555555556,0,5214.28559027778,0,35824.07421875,2000,0,20990.279296875,0,0,0,0,13904.7621527778,0,5793.65060763889,0,5503.96831597222,3476.19053819444,4055.55555555556,5793.65060763889,8111.11121961806,6373.01584201389,3765.87293836806,1158.73014322917,8690.4761827257,1738.09526909722,869.047634548611,10544.444281684,0,19119.0470920139,869.047634548611,0,0,3427.59635416667,0,0,0,0,0,0,0,0,0,0,579.365071614583,564.880967881944,0,0,0,0,0,0,0,270.370361328125,207703.765625,7187.6689453125
"NGA",3,1,"LSMS-ISA2015",2015,5,12,1202,2710,1,120025,3,1216.66662597656,2000,0,0,0,1216.66666666667,0,1216.66662597656,7000,2494.44458007813,0,0,0,0,20857.1432291667,0,12166.6669921875,0,0,12000,0,0,0,2607.14290364583,6257.142578125,5214.28580729167,8690.47591145833,0,6952.380859375,0,0,15642.8567708333,4345.23795572917,2085.71435546875,0,0,3476.1904296875,2780.95247395833,0,4866.66682942708,10428.5716145833,42409.5242513021,0,0,0,0,0,0,0,0,0,0,0,0,0,0,2317.46028645833,0,0,0,0,0,0,0,0,12166.6669921875,190409.53125,7187.6689453125
"NGA",3,1,"LSMS-ISA2015",2015,5,12,1202,2710,1,120026,7,0,5.14285707473755,0,0,0,5909.52399553571,0,0,1142.85714285714,700,0,0,0,0,11173.4698660714,0,5214.28564453125,0,0,9203.6279296875,0,0,0,0,10726.5301339286,0,2234.69391741071,0,744.89794921875,0,0,7448.97935267857,4469.38783482143,6257.14299665179,2234.69384765625,0,1340.81633649554,1489.7958984375,0,3426.53069196429,0,12439.795968192,0,0,0,0,0,1890.60407366071,0,0,446.938790457589,5.78539766584124,0,0,0,0,0,0,297.959193638393,0,0,0,0,0,0,0,88803.4609375,7187.6689453125
"NGA",3,1,"LSMS-ISA2015",2015,5,12,1212,0,1,120027,2,9490,12000,5170.83349609375,0,0,1703.33337402344,0,1216.66662597656,4000,3163.33349609375,0,0,0,0,104285.7109375,0,24333.333984375,0,0,60000,0,0,0,0,2607.14282226563,7821.4287109375,3128.57153320313,0,7300.00012207031,5214.28564453125,0,10428.5712890625,13035.7138671875,6517.85717773438,12775.0001220703,9646.4287109375,5214.28564453125,4171.4287109375,2085.71435546875,14078.5717773438,0,93857.1391601563,7821.4287109375,0,0,0,0,0,0,0,0,0,0,0,0,0,0,0,0,0,0,0,0,0,0,60833.33203125,491900.125,7187.6689453125
"NGA",3,1,"LSMS-ISA2015",2015,5,12,1202,2710,1,120028,6,1825,3600,7097.22200520833,0,0,1622.22216796875,0,1419.44445800781,14166.6666666667,2266.90478515625,0,0,6488.888671875,0,15642.8567708333,0,13991.6669921875,450,0,57740.30859375,0,0,0,0,0,13904.76171875,0,0,2867.85719807943,8255.95247395833,0,0,5214.28580729167,7995.23803710938,0,8255.95231119792,9124.99991861979,0,0,15295.2379557292,0,27374.9996744792,3476.19051106771,0,0,0,5826.60546875,6517.857421875,2698.18603515625,7064.86979166667,0,1738.09521484375,0,5135.28157552083,0,0,0,0,432.123128255208,2360.15071614583,0,0,0,869.047607421875,0,3041.66674804688,263760.53125,7187.6689453125
"NGA",3,1,"LSMS-ISA2015",2015,5,12,1202,0,1,120029,7,955.952331542969,357.142852783203,0,0,0,2085.71428571429,0,869.047668457031,14714.2857142857,3026.63256835938,0,0,6952.38113839286,0,1862.24483816964,0,7647.61962890625,21045.23828125,0,9203.6279296875,0,0,0,744.89794921875,2681.63253348214,3724.48967633929,0,0,1117.34695870536,5959.18359375,0,4469.38783482143,2234.69391741071,1340.81637137277,2309.18366350446,5586.73465401786,2830.61223493304,1489.7958984375,148.979596819196,3724.48988560268,0,17952.0405970982,1638.77553013393,0,0,0,0,0,1192.01409040179,0,0,0,0,0,0,0,0,0,446.938755580357,0,0,0,0,300.968889508929,0,3910.71435546875,132523.578125,7187.6689453125
"NGA",3,1,"LSMS-ISA2015",2015,5,12,1202,2710,1,120030,8,456.25,720,0,228.125,0,684.375,349.791656494141,0,2885,805.59521484375,0,0,0,0,5540.1787109375,0,3041.66674804688,0,0,9000,0,0,0,0,11228.4136074323,13474.0952544812,7485.6084476053,0,3181.3836645084,2245.68264415399,0,14222.6567260091,20211.1429631628,18938.5901871661,6856.81764503264,6138.19890182428,10255.2840037759,5988.48688831688,1122.84132207699,5165.06996964575,4491.36528830797,18339.740993692,13249.5272800876,0,0,0,0,0,0,0,0,0,0,0,0,6416.23510300196,0,0,0,0,0,89.8273060208904,0,0,0,9125,201936.953125,7187.6689453125
"NGA",3,1,"LSMS-ISA2015",2015,5,12,1212,0,1,120031,3,2027.77783203125,4000,5677.77799479167,0,0,2027.77783203125,0,811.111083984375,6133.33333333333,2713.88891601563,0,0,0,0,43452.3802083333,0,32444.443359375,3666.66674804688,0,28000,0,0,0,2085.71435546875,81690.4739583333,4345.23795572917,3476.1904296875,0,5040.47615559896,0,0,10428.5711263021,6952.38102213542,5561.90486653646,14773.8092447917,5214.28572591146,7126.19051106771,0,0,14426.1902669271,0,92119.0486653646,4866.66662597656,0,0,0,0,0,1514.39420572917,0,0,0,0,0,0,0,0,0,0,0,0,1460,0,1404.521484375,0,28388.888671875,421830.09375,7683.37060546875
"NGA",3,1,"LSMS-ISA2015",2015,5,12,1212,1392,1,120032,7,2607.14282226563,1028.57141113281,0,0,0,2085.71428571429,0,0,657.142857142857,188.775512695313,0,0,0,0,0,0,3476.19067382813,385.714294433594,0,5142.85693359375,0,0,0,0,2681.63253348214,2607.14285714286,1489.7958984375,0,968.367327008929,0,0,0,1489.7958984375,0,744.89794921875,744.89794921875,2979.591796875,3724.48967633929,148.979596819196,1489.7958984375,0,7076.53062220982,1936.73468889509,0,0,0,0,0,0,0,0,9782.22098214286,0,0,0,0,0,0,0,0,0,0,0,0,0,0,53436.98828125,7683.37060546875
"NGA",3,1,"LSMS-ISA2015",2015,5,12,1212,0,1,120033,8,1.52083337306976,4500,760.416687011719,0,0,1216.66662597656,0,0,2300,5392.85693359375,0,0,22812.5,0,10428.5712890625,0,10645.833984375,8954.166015625,0,35979.82421875,0,0,0,0,0,13035.7138671875,0,0,3454.46423339844,6517.85693359375,22812.5,13035.7138671875,4692.85705566406,18184.8210449219,7658.48205566406,0,7495.53564453125,6778.5712890625,977.678588867188,7169.64282226563,18249.9995117188,73651.78515625,11927.6782989502,0,0,0,8848.9248046875,0,16688.197265625,0,0,0,0,0,0,1564.28564453125,1216.66674804688,1.57048070430756,2306.31884765625,0,0,0,0,0,0,760.416687011719,350022.03125,7683.37060546875
"NGA",3,1,"LSMS-ISA2015",2015,5,12,1212,1392,1,120034,3,1216.66662597656,10000,0,2433.33333333333,0,10544.4446614583,0,0,8266.66666666667,4939.6826171875,0,0,8111.111328125,1622.22216796875,60833.3333333333,0,13383.3330078125,2266.66674804688,0,62970.83984375,0,0,0,0,10428.5716145833,43452.3802083333,8690.47591145833,8690.47591145833,1042.85717773438,5214.28580729167,15642.8567708333,16511.9049479167,41714.2864583333,9038.09505208333,5214.28580729167,3823.8095703125,10949.9999186198,6952.380859375,0,2346.42862955729,0,96290.4759114583,9385.71451822917,0,0,0,11653.2109375,0,0,0,3128.5712890625,0,0,0,0,0,12977.7770182292,0,3429.68660481771,0,695.238037109375,4469.3876953125,0,347.619059244792,0,0,518679.09375,7683.37060546875
"NGA",3,1,"LSMS-ISA2015",2015,5,12,1212,1392,1,120035,3,2433.33325195313,6800,0,8111.111328125,0,2068.33333333333,0,0,19666.6666666667,10797.7783203125,2433.33325195313,0,0,0,29547.6197916667,0,18655.5546875,800,0,16000,0,0,0,3997.619140625,11297.6184895833,0,7821.42838541667,0,3476.19051106771,6083.33333333333,0,5214.28580729167,10428.5716145833,3128.57153320313,3476.1904296875,3476.1904296875,7126.19063313802,2607.14290364583,0,7473.80973307292,0,25550.0004882813,869.047607421875,0,0,0,0,0,0,0,0,0,0,0,0,0,0,0,0,0,0,0,0,3597.52319335938,0,17438.888671875,240376.34375,7683.37060546875
"NGA",3,1,"LSMS-ISA2015",2015,5,12,1212,1392,1,120036,6,3041.66674804688,2000,0,0,0,4055.5556640625,0,0,4400,3798.53198242188,0,0,0,0,4345.23795572917,0,8111.111328125,0,1738.09521484375,12000,0,0,0,0,6257.142578125,5648.80924479167,4345.23795572917,0,4779.76188151042,5214.28564453125,0,7386.90494791667,3041.66666666667,1042.85717773438,1738.09521484375,3476.1904296875,0,5214.28580729167,0,869.047607421875,20857.1432291667,64135.7146809896,1738.09521484375,0,0,0,0,0,0,0,0,0,0,0,0,0,869.047607421875,0,0,0,1144.24609375,521.428548177083,0,0,0,12977.77734375,194747.9375,7683.37060546875
"NGA",3,1,"LSMS-ISA2015",2015,5,12,1212,1392,1,120037,6,0,8000,0,0,0,2433.33333333333,0,0,8766.66666666667,2481.38891601563,3244.4443359375,0,0,0,13035.71484375,0,2838.888671875,600,0,6886.42236328125,0,0,0,0,0,0,869.047607421875,0,2607.14282226563,5214.28580729167,0,10428.5716145833,9559.52392578125,3476.1904296875,1738.09521484375,0,11297.6189778646,2607.14290364583,4345.23795572917,1042.85717773438,0,10689.285563151,0,0,0,3366.85416666667,9567.49739583333,0,0,0,0,0,0,0,0,0,4345.23803710938,4611.38362630208,0,0,0,3780.35701497396,0,139.047617594401,0,730,138702.234375,7683.37060546875
"NGA",3,1,"LSMS-ISA2015",2015,5,12,1212,1392,1,120038,7,1216.66674804688,3.42857146263123,0,347.619035993304,0,1738.09528459821,0,0,6971.42857142857,3746.25854492188,869.047668457031,0,1738.09528459821,0,5214.28571428571,0,8169.0478515625,857.142883300781,0,10285.7138671875,0,0,0,4096.93875558036,7448.97935267857,7448.97935267857,4469.38783482143,0,7300.00006975446,4469.3876953125,0,3724.48967633929,8566.32659040179,9534.69370814732,6331.63260323661,4394.89794921875,6704.08161272321,1862.24483816964,372.448974609375,3128.57146344866,0,25698.9792131696,1638.77553013393,0,0,0,3362.29213169643,0,0,0,0,0,0,0,0,0,1966.53055245536,0,617.318708147321,0,0,0,0,0,0,10950,165243.78125,7683.37060546875
"NGA",3,1,"LSMS-ISA2015",2015,5,12,1212,1392,1,120039,1,0,36000,0,0,0,7300,0,0,7000,400,0,0,0,0,20857.142578125,0,51100,0,10428.5712890625,30000,0,0,0,0,15642.857421875,0,13035.7138671875,0,0,0,0,13035.7138671875,18250,0,0,0,13035.7143554688,15642.857421875,0,0,0,44321.4282226563,0,0,0,24519.984375,0,0,0,0,0,0,0,13035.7138671875,0,0,6952.380859375,2541.96435546875,0,0,3476.1904296875,0,931.122497558594,417.142852783203,0,30416.666015625,378341.15625,7683.37060546875
"NGA",3,1,"LSMS-ISA2015",2015,5,12,1212,1392,1,120040,4,0,6000,0,4562.5,0,7604.16650390625,0,0,15900,1014.16662597656,0,0,0,0,10428.5712890625,0,13991.6669921875,3000,0,30000,0,0,0,0,3128.57153320313,0,0,0,521.428588867188,5214.28564453125,0,3910.71435546875,7821.4287109375,782.142883300781,1694.64282226563,2607.14282226563,5344.64276123047,39107.14453125,0,2607.14288330078,0,14469.6433105469,5083.92864990234,0,0,0,0,0,6070.9189453125,0,0,0,0,0,0,0,5214.28564453125,0,432.123168945313,0,0,0,0,921.717163085938,0,3041.66674804688,200474.65625,7683.37060546875
"NGA",3,1,"LSMS-ISA2015",2015,5,12,1208,526,0,120041,9,0,2133.33325195313,0,0,0,675.925944010417,0,0,1477.77777777778,601.587280273438,0,0,2027.77777777778,0,869.047634548611,0,1892.59265136719,0,0,20779.673828125,0,0,0,869.047634548611,1911.90473090278,0,0,0,1622.22219509549,0,0,0,4287.30156792535,173.809529622396,2896.82535807292,0,2201.58729383681,869.047634548611,57.9365098741319,869.047648111979,0,6488.88899739583,463.492065429688,0,0,0,0,7242.06336805556,4375.29513888889,0,0,0,0,11266.4227430556,1013.88899739583,0,0,5889.43831380208,662.25537109375,0,0,0,0,639.305718315972,0,0,84257.4921875,10657.578125
"NGA",3,1,"LSMS-ISA2015",2015,5,12,1208,526,0,120042,6,0,2000,0,0,0,1622.22216796875,0,0,5166.66666666667,1782.22216796875,0,0,8111.111328125,0,17380.9518229167,0,8111.111328125,1000,0,2691.57421875,0,0,0,0,0,0,0,0,3476.19051106771,0,0,0,3910.71419270833,0,5214.28564453125,0,0,3476.1904296875,0,0,0,17380.9521484375,0,0,0,4489.138671875,11653.2109375,8690.47591145833,0,0,0,5376.59765625,0,27543.64453125,0,5396.37190755208,0,3905.28247070313,6548.85139973958,0,1158.73014322917,2085.71435546875,0,10018.0972900391,0,0,168190.296875,10657.578125
"NGA",3,1,"LSMS-ISA2015",2015,5,12,1208,526,0,120043,5,0,4800,0,0,0,681.333349609375,0,0,11280,2547.95239257813,0,0,2920,0,10428.57109375,0,3771.66674804688,920,0,4965.712890625,0,0,0,0,5005.714453125,0,0,0,3024.28579101562,0,0,0,4171.428515625,2085.7142578125,5214.28564453125,0,2607.14282226563,3128.571484375,208.571435546875,3128.57138671875,2085.7142578125,22317.1424804687,4901.42866210938,0,0,0,0,2117.4765625,9844.41328125,0,0,24240.34375,0,4436.15390625,10428.57109375,0,0,1406.099609375,1734.95400390625,0,0,0,0,0,0,730,155131.84375,10657.578125
"NGA",3,1,"LSMS-ISA2015",2015,5,12,1208,526,0,120044,7,0,1714.28576660156,0,0,0,869.047642299107,0,0,2114.28571428571,802.040832519531,0,0,1738.09528459821,521.428571428571,18622.4486607143,0,3128.57153320313,0,0,9814.099609375,0,0,0,0,7419.74517108384,0,3709.87258554192,0,3153.39178734437,1854.93629277096,0,8347.21327735678,6028.54293144935,0,4451.84717728609,927.468146385479,5101.07479029917,0,1391.20226927642,2225.9235363272,1391.20226927642,1669.44273812965,5472.06215069042,0,0,0,0,10035.80216513,0,0,0,6242.91574514697,0,0,0,2795.65399533797,1236.62428469639,0,0,3294.95291437829,0,0,0,4093.6930276735,0,0,120167.875,10657.578125
"NGA",3,1,"LSMS-ISA2015",2015,5,12,1208,526,0,120045,8,0,2400,0,0,0,1064.58337402344,76.0416641235352,0,2375,3530.05932617188,0,0,0,2281.25,1303.57141113281,0,1825,500,0,6584.32177734375,0,0,0,0,4888.39306640625,0,0,0,2476.78576660156,0,0,0,2933.03570556641,977.678558349609,3584.82141113281,651.785705566406,3324.1071472168,1042.85717773438,3389.28561401367,2150.89288330078,0,2802.67849731445,651.785705566406,0,0,0,1633.48767089844,6517.85693359375,2448.85205078125,0,0,4032.4482421875,0,3960.85180664063,0,0,0,0,324.092346191406,0,0,0,0,719.218933105469,0,2281.25,72731.9921875,10657.578125
"NGA",3,1,"LSMS-ISA2015",2015,5,12,1208,526,0,120046,7,0,857.142883300781,0,0,0,0,0,0,5285.71428571429,1445.23815917969,0,0,3128.57142857143,0,2979.591796875,0,2954.76196289063,0,0,6445.91259765625,0,0,0,0,0,0,0,0,4320.40806361607,0,0,2979.591796875,3724.48981584821,5214.28571428571,0,0,0,0,0,0,0,7076.53041294643,0,0,0,11827.5479910714,7467.37220982143,7448.97935267857,1242.62339564732,0,0,4608.51227678571,11173.4698660714,18106.7511160714,0,1340.81626674107,5661.22446986607,9404.33663504464,5025.22342354911,1607.21833147321,496.5986328125,4394.89787946429,993.197265625,5021.1745867048,0,0,142232.171875,10657.578125
"NGA",3,1,"LSMS-ISA2015",2015,5,12,1208,526,0,120047,3,0,4000,0,0,0,2027.77783203125,811.111083984375,0,2666.66666666667,1318.33337402344,0,0,0,0,10428.5716145833,0,12166.6669921875,800,0,5602.91845703125,0,0,0,0,10428.5716145833,0,0,0,4171.42854817708,0,0,17380.9518229167,10428.5716145833,1738.09521484375,3476.1904296875,1738.09521484375,8864.28572591146,6952.380859375,0,2085.71435546875,0,5735.71419270833,0,0,0,0,0,5881.87890625,11777.2288411458,0,0,0,0,0,3248.77604166667,0,3449.03255208333,12058.8424479167,569.019246419271,0,4576.984375,0,0,5052.5010172526,0,608.333312988281,160044.625,10657.578125
"NGA",3,1,"LSMS-ISA2015",2015,5,12,1208,526,0,120048,2,0,6000,0,608.333312988281,0,1520.83337402344,0,0,3700,1453.57141113281,0,0,0,0,18250,0,3650,1500,0,17025.3203125,0,0,0,0,5882.171042893,0,0,0,4999.84555861866,5882.171042893,0,19117.0563106316,26469.7704380521,4999.84543654835,4411.62842257952,0,4411.6283005092,5293.95378478355,0,2058.75989676239,0,0,14999.5360655044,0,0,5882.171042893,0,22058.1426745366,11105.3616509051,0,0,0,0,0,5661.58972068145,0,5882.171042893,3856.95002813112,16341.7413623375,0,0,3529.30281623486,0,585.276010617257,0,0,227137.125,10657.578125
"NGA",3,1,"LSMS-ISA2015",2015,5,12,1208,526,0,120049,7,0,3085.71435546875,0,0,0,1651.1904296875,0,0,6714.28571428571,1158.57141113281,0,0,5214.28571428571,0,4469.38783482143,0,2954.76196289063,1000,0,1676.6455078125,0,0,0,0,3575.51032366071,0,0,0,2309.18373325893,0,0,0,2234.69391741071,1415.30608258929,2979.591796875,0,1862.24490792411,0,0,2011.2245047433,0,15940.8168247768,1862.24487304688,0,0,4378.56863839286,0,11116.7511160714,5625.37946428571,0,0,17314.53125,0,2716.01283482143,7448.97935267857,0,0,630.014508928571,2135.37838309152,0,0,0,0,0,0,434.523834228516,113915.8125,10657.578125
"NGA",3,1,"LSMS-ISA2015",2015,5,12,1208,526,0,120050,4,0,3000,0,0,0,912.5,0,0,2000,1845.35717773438,0,0,4562.5,0,9125,0,7604.1669921875,0,0,1618.208984375,0,0,0,0,3519.64282226563,0,3910.71435546875,0,1303.57141113281,0,0,6517.85693359375,3910.71435546875,1564.28576660156,2607.14282226563,1303.57141113281,3650,2737.5,0,1564.28576660156,0,5344.64288330078,2607.14282226563,0,0,10144.1215820313,0,4411.4091796875,0,0,217.261901855469,22825.181640625,0,0,0,0,0,0,853.528869628906,0,139.047622680664,1955.35699462891,0,78.2142868041992,0,0,111832.921875,10657.578125
"NGA",3,1,"LSMS-ISA2015",2015,5,12,1216,618,0,120051,11,55.3030281066895,0,0,0,0,497.727272727273,0,0,5363.63636363636,6288.00830078125,0,0,2765.15145596591,0,9480.51917613636,0,4424.2421875,545.454528808594,0,1017.05645751953,0,0,0,0,4550.64950284091,0,0,0,3412.98708274148,0,0,2370.12979403409,2844.15589488636,948.051935369318,1042.85715553977,0,2370.1298384233,2559.740234375,142.207796963778,2417.53244850852,0,16685.7138671875,3744.80512029474,0,0,0,0,2406.22336647727,511.805442116477,0,0,22036.6761363636,0,0,0,0,1896.10387073864,0,1739.98872514205,0,0,0,0,0,0,331.818176269531,102448.671875,4957.01318359375
"NGA",3,1,"LSMS-ISA2015",2015,5,12,1216,618,0,120052,8,0,0,0,0,0,912.5,0,0,2125,932.440490722656,0,0,6083.33349609375,0,1955.35717773438,0,7604.16650390625,325,0,948.640197753906,0,0,0,0,3258.92846679688,0,0,0,2607.14282226563,0,0,0,3258.92846679688,0,1303.57141113281,0,2476.78570556641,2085.71435546875,0,782.142883300781,0,3910.71429443359,0,0,0,0,0,58144.5107421875,7570.95336914063,0,108.630950927734,0,0,17823.833984375,0,0,0,13716.7941894531,2374.52661132813,0,2574.5537109375,0,0,65.1785736083984,0,0,142949.359375,4957.01318359375
"NGA",3,1,"LSMS-ISA2015",2015,5,12,1216,618,0,120053,9,0,0,0,0,0,540.74072265625,0,0,1111.11111111111,271.428588867188,0,0,0,0,11587.3012152778,0,5407.40771484375,600,0,3956.33544921875,0,0,0,0,0,0,0,0,0,0,0,6150.93341224099,3884.8000712727,517.973350961436,4726.50664657419,0,2913.59997914724,5179.73326586206,129.493337740359,258.986675480718,1942.40003563635,0,9129.27990701871,0,0,0,5845.02093421739,16186.6663280348,7334.38512668501,0,0,4039.70472308054,0,0,0,0,0,0,0,0,0,0,0,0,0,0,91713.8125,4957.01318359375
"NGA",3,1,"LSMS-ISA2015",2015,5,12,1216,618,0,120054,2,304.166656494141,0,0,0,0,730,0,0,13600,5086.6669921875,0,0,1825,0,31285.71484375,1825,4258.33349609375,2100,0,2587.99389648438,0,0,0,0,5855.7971529857,0,0,0,6831.76379558128,0,0,0,6506.44144385564,5205.15331254705,0,6506.44144385564,4879.83108289173,5855.7971529857,0,11711.5946721823,0,19844.6464770019,0,0,0,0,0,3302.76243482478,12283.9653624606,0,0,0,0,7907.82912397553,0,0,5725.66876819059,0,3856.12504194164,0,0,0,0,7563.73858496,0,608.333312988281,178048.78125,4957.01318359375
"NGA",3,1,"LSMS-ISA2015",2015,5,12,1216,618,0,120055,3,0,0,0,0,0,0,0,0,1600,173.809524536133,0,0,0,0,17380.9518229167,0,2027.77783203125,0,0,5748.17529296875,0,0,0,0,6211.99834951109,0,0,0,3105.99917475555,0,0,20706.6599847812,10353.3299923906,1863.59938378206,8903.86413611028,2070.6660310302,7247.3311086057,6626.13159717734,207.066612411792,828.266449647167,4141.3320620604,0,621.19984308913,0,0,0,0,25883.3254938175,7818.71011120491,0,647.083124524412,18762.6099145153,0,12583.2788816528,0,946.59015005122,1656.53289929433,4308.01098159436,1905.01286217204,0,0,0,0,9139.58199273663,0,0,183468.90625,4957.01318359375
"NGA",3,1,"LSMS-ISA2015",2015,5,12,1216,618,0,120056,11,0,0,0,0,0,774.242453835227,0,0,945.454545454546,989.177551269531,0,0,0,0,0,0,1769.69689941406,363.636352539063,0,1328.25500488281,0,0,0,0,2844.15589488636,0,0,0,2038.31167879972,0,0,0,4029.2207475142,379.220791903409,3981.81811523438,474.025967684659,1422.07790305398,0,47.4025989879261,1516.88315651634,0,1422.07790305398,474.025967684659,0,0,5585.38920454546,1580.08664772727,5925.32457386364,1471.73783735795,0,0,4399.03444602273,0,2880.61949573864,1896.10387073864,0,1011.25541548295,711.038973721591,1314.45849609375,0,0,0,0,523.068314985796,0,0,52097.796875,4957.01318359375
"NGA",3,1,"LSMS-ISA2015",2015,5,12,1216,618,0,120057,5,0,0,0,0,0,0,0,0,2600,830,0,0,4866.666796875,0,0,0,1460,1600,0,2407.31274414063,0,0,0,0,0,0,0,0,0,0,0,0,0,0,0,0,2085.7142578125,0,0,0,0,0,0,0,0,9300.95,3476.190625,7821.42890625,281.492993164063,0,0,0,0,15405.84375,17647.33984375,0,2780.95234375,4339.31875,7055.82275390625,1481.95498046875,695.2380859375,0,0,166.857141113281,0,0,86303.078125,4957.01318359375
"NGA",3,1,"LSMS-ISA2015",2015,5,12,1216,618,0,120058,5,0,0,0,0,0,1460,0,0,2560,1453.57153320313,0,0,486.666650390625,0,0,0,9733.333984375,560,0,1069.66882324219,0,0,0,0,5214.285546875,0,0,0,4171.428515625,0,0,0,0,0,2085.7142578125,0,2085.7142578125,4171.428515625,0,1251.42861328125,0,2294.2857421875,0,0,0,0,0,10849.654296875,7875.53125,0,0,0,0,16477.1421875,3411.21484375,0,0,0,1934.25170898438,0,0,0,0,2301.5005859375,0,0,81446.8203125,4957.01318359375
"NGA",3,1,"LSMS-ISA2015",2015,5,12,1216,618,0,120059,12,0,0,0,0,0,405.555541992188,0,0,966.666666666667,416.46826171875,0,0,1520.83333333333,0,2172.61897786458,0,3041.66674804688,3291.66674804688,0,1217.56713867188,0,0,0,0,1738.09521484375,0,0,0,1216.66666666667,869.047607421875,0,0,4171.42842610677,738.690470377604,2389.88094075521,434.523803710938,1781.54762776693,869.047607421875,86.9047648111979,1129.76188151042,0,1520.83329264323,434.523803710938,0,0,155.806579589844,1013.88899739583,9403.654296875,1349.09301757813,0,488.839274088542,0,0,7393.58984375,2607.14290364583,0,434.523803710938,1303.57145182292,1295.23876953125,0,0,0,0,719.218912760417,0,0,56578.56640625,4957.01318359375
"NGA",3,1,"LSMS-ISA2015",2015,5,12,1216,0,0,120060,10,0,0,0,0,0,0,0,0,2000,536.666625976563,0,0,2433.3333984375,0,0,0,608.333374023438,300,0,1511.11193847656,0,0,0,0,0,0,0,0,0,0,0,5599.7994413345,12599.5490833411,0,0,0,0,0,0,0,0,2239.9198155963,0,0,0,15588.4075030132,5599.7998635393,6719.75967368119,1105.30259622936,0,0,0,0,0,0,0,1567.94389676462,2735.75376585291,6254.01429177321,1020.81880036063,469.256953450846,0,0,67.1975964334592,0,1460,70416.96875,4957.01318359375
"NGA",3,1,"LSMS-ISA2015",2015,5,12,1210,462,0,120061,4,0,3000,0,0,0,0,0,0,4800,3269.16674804688,0,0,0,0,0,0,3954.16650390625,1500,0,5741.208984375,0,0,0,0,0,0,0,0,2607.14282226563,0,0,0,6517.85717773438,0,1042.85717773438,0,3910.71435546875,5214.28564453125,0,0,0,16946.4282226563,0,0,0,12057.3295898438,14566.5146484375,0,3628.70324707031,0,0,13352.7314453125,0,47530.21875,0,0,3476.1904296875,7948.52661132813,4901.93343353271,0,0,0,3476.1904296875,260.714294433594,0,0,169702.859375,6939.818359375
"NGA",3,1,"LSMS-ISA2015",2015,5,12,1210,462,0,120062,6,0,0,0,0,0,811.111083984375,0,0,1700,443.253997802734,0,0,0,0,5214.28580729167,0,3852.77807617188,0,0,3572.76171875,0,0,0,0,10485.5882735595,26213.9713349405,6553.49283373512,0,1310.69853419494,10485.5879480387,0,13106.9856674702,28835.3674209815,4718.51475565387,7689.43119348273,1747.59799085758,5679.69359488901,3495.19598171517,174.759807241862,3145.67653089598,0,6990.39196343033,7077.77199106544,0,0,0,0,0,0,0,2228.18749185536,0,0,0,0,0,0,0,2363.26230920342,0,0,524.279421815997,0,0,0,0,158420.65625,6939.818359375
"NGA",3,1,"LSMS-ISA2015",2015,5,12,1210,462,0,120063,4,0,3000,0,0,0,2129.16674804688,0,0,5100,1528.57141113281,0,0,9125,0,0,0,10645.833984375,6083.33349609375,0,7034.79931640625,0,0,0,0,23464.28515625,7169.64306640625,0,0,4171.4287109375,0,0,0,16294.6427001953,5605.35705566406,18250.0002441406,0,7821.42852783203,5214.28564453125,130.357147216797,4823.21429443359,0,32589.2855224609,1955.35711669922,0,0,0,5884.01123046875,9776.7861328125,4047.27905273438,0,0,19553.572265625,0,0,5214.28564453125,0,1738.09521484375,3910.71435546875,2456.66192626953,5557.33154296875,0,0,0,1438.43786621094,0,0,231713.171875,6939.818359375
"NGA",3,1,"LSMS-ISA2015",2015,5,12,1210,462,0,120064,9,0,1333.33337402344,0,0,0,1081.4814453125,0,0,2377.77777777778,477.275115966797,0,0,2703.70377604167,0,0,0,3379.6298828125,444.444458007813,0,3511.93798828125,0,0,0,0,2607.14279513889,3186.50802951389,0,0,2607.14282226563,0,0,0,5272.22205946181,173.809529622396,2491.26981608073,0,2085.71432834201,1158.73014322917,0,173.809529622396,0,13904.7617730035,463.492065429688,0,0,0,2419.98177083333,0,3335.48741319444,0,0,5376.59765625,0,0,0,0,0,2397.63096788194,1189.47762044271,0,0,0,0,639.305718315972,0,0,64792.66015625,6939.818359375
"NGA",3,1,"LSMS-ISA2015",2015,5,12,1210,462,0,120065,2,0,3000,0,0,0,0,0,0,7100,2783.33325195313,0,0,0,0,0,0,2433.33325195313,2000,0,10718.28515625,0,0,0,0,0,0,0,0,5735.71435546875,0,0,0,33892.857421875,0,0,0,0,0,0,0,0,5214.28564453125,0,0,0,7907.76831054688,8711.93359375,13035.7138671875,1561.18212890625,0,0,32915.1225585938,0,112708.7890625,0,0,9038.09521484375,7821.4287109375,9225.25274658203,7080.4521484375,869.047607421875,0,4779.76184082031,17261.25390625,0,4258.33349609375,310051.96875,6939.818359375
"NGA",3,1,"LSMS-ISA2015",2015,5,12,1210,462,0,120066,7,0,1714.28576660156,0,0,0,1738.09528459821,0,0,1400,420.918395996094,0,0,0,0,2979.591796875,0,2607.14282226563,571.428588867188,0,14407.423828125,0,0,0,0,5363.26506696429,0,0,0,3724.48974609375,0,0,4841.83649553571,4469.38783482143,0,1489.7958984375,0,4543.87765066964,2979.591796875,0,893.877580915179,0,8640.8163016183,0,0,0,159.220668247768,0,4411.40959821429,4625.46177455357,0,588.077357700893,8695.30691964286,0,0,0,0,0,0,24.6927490234375,0,0,0,4965.98604910714,180.280362810407,0,0,86436.2578125,6939.818359375
"NGA",3,1,"LSMS-ISA2015",2015,5,12,1210,462,0,120067,1,3650,0,0,0,0,5596.66650390625,0,0,0,4714.76171875,0,0,0,0,23464.28515625,0,36500,1000,0,15851.2607421875,0,0,0,0,10616.439702314,28310.5049895805,0,0,14155.2524947903,0,0,92009.1375556008,42465.7566477668,9908.67677434489,7077.62624739514,21232.878568024,17694.0653572458,11324.2024561218,3538.81312369757,8493.15175501064,0,0,22648.4046681029,0,0,0,0,0,7178.73499318917,0,0,29293.6933745656,0,0,0,0,1804.7946490009,0,8528.53968510282,0,0,0,18873.6698769461,0,0,0,445931.25,6939.818359375
"NGA",3,1,"LSMS-ISA2015",2015,5,12,1210,462,0,120068,4,0,3000,0,0,0,1216.66662597656,0,0,4350,1662.85717773438,0,0,608.333312988281,0,0,0,12166.6669921875,0,0,145685.84375,0,0,0,0,0,0,0,0,2867.85711669922,0,0,13035.7138671875,4171.4287109375,2867.85717773438,2607.14282226563,0,7300.00009155273,0,0,0,2607.14282226563,9124.99987792969,0,0,0,11609.841796875,0,11028.5234375,6517.85693359375,0,0,22825.181640625,0,18219.916015625,58477.97265625,0,0,0,1700.310546875,0,0,0,0,3258.9287109375,0,0,346911.0625,6939.818359375
"NGA",3,1,"LSMS-ISA2015",2015,5,12,1210,462,0,120069,7,0,3428.57153320313,0,0,0,869.047642299107,0,0,4428.57142857143,710.2041015625,0,0,3476.19056919643,521.428571428571,5959.18359375,0,7821.4287109375,857.142883300781,0,9613.2607421875,0,0,0,0,14274.8924283053,16852.3047623375,0,0,6939.18428903948,0,0,0,14869.6803604806,3766.98558883707,0,0,11400.088216655,4758.29789370312,0,10210.5140906133,7930.4961411956,9516.59516100422,6443.52829320695,0,0,0,0,0,9233.36441618966,0,4.16351045076613,23042.2207993953,0,60241.2742806793,0,0,9252.24539412392,881.080933249443,651.086792005827,0,0,4758.29789370312,2643.49871373187,6815.27000269123,0,869.047668457031,263039.15625,6939.818359375
"NGA",3,1,"LSMS-ISA2015",2015,5,12,1210,462,0,120070,2,0,6000,0,0,0,6083.33349609375,0,0,16000,3425,0,0,4866.66650390625,0,7821.4287109375,91250,16425,4000,0,16975.935546875,0,0,0,0,6257.14306640625,26071.427734375,0,0,4171.4287109375,0,0,13035.7138671875,14339.2861328125,10689.2856445313,0,0,13035.7143554688,4692.85693359375,0,4432.14282226563,14339.2856445313,21117.857421875,5214.28564453125,0,0,0,0,19553.572265625,8094.55810546875,8126.76708984375,0,72584.0703125,0,0,0,0,13557.1430664063,7821.4287109375,3068.82409667969,0,0,0,0,10293.7198486328,0,1825,455168.875,6939.818359375
"NGA",3,1,"LSMS-ISA2015",2015,5,12,1204,736,0,120071,1,0,12000,0,0,0,0,0,0,9600,2433.33325195313,0,0,0,0,0,0,0,8000,0,5421.43017578125,0,0,0,0,0,0,0,0,5214.28564453125,0,0,0,20857.142578125,0,0,0,15642.857421875,0,0,0,0,10428.5712890625,0,0,0,16346.6572265625,17479.81640625,0,4656.6162109375,0,0,0,0,15843.4072265625,0,0,6257.14282226563,7228.30322265625,8640.00903320313,7080.4521484375,0,0,11607.9931640625,834.285705566406,0,0,185572.296875,6609.35107421875
"NGA",3,1,"LSMS-ISA2015",2015,5,12,1204,736,0,120072,7,434.523834228516,1371.42858886719,0,0,0,730,0,0,457.142857142857,223.469390869141,0,0,1738.09528459821,0,2979.591796875,0,2085.71435546875,0,0,9064.439453125,0,0,0,0,11173.4698660714,22346.9397321429,0,0,2234.69391741071,5214.28571428571,0,22346.9397321429,8566.32659040179,6182.65276227679,4841.83663504464,2383.67340959821,4096.93875558036,3873.46930803571,1117.34695870536,7151.02036830357,0,18622.4486607143,10726.5306222098,0,0,0,0,0,9250.92354910714,0,0,0,0,0,0,0,993.197265625,0,1913.81487165179,0,0,0,3972.7890625,0,0,0,166093.703125,6609.35107421875
"NGA",3,1,"LSMS-ISA2015",2015,5,12,1204,736,0,120073,8,0,3000,0,0,0,456.25,76.0416641235352,0,1900,457.440490722656,0,0,2281.25,0,0,0,2433.33325195313,2500,0,2679.5712890625,0,0,0,0,1309.74299906104,0,0,0,1309.7430600962,654.871499530521,0,654.871499530521,3601.79327648095,392.922918065222,3994.71614931524,0,2815.94747123171,1309.74299906104,0,2226.56307951143,0,1833.64016162802,523.897208706966,0,0,0,0,7086.1309973964,1844.04183562785,0,0,0,0,3979.60393975121,2619.48599812209,0,523.897223965755,982.30727981336,1197.58265649485,0,0,0,1746.32399850564,821.846934457508,0,0,57213.55859375,6609.35107421875
"NGA",3,1,"LSMS-ISA2015",2015,5,12,1204,736,0,120074,5,0,2400,0,0,0,3650,0,0,2280,1267.23803710938,6083.3330078125,0,0,0,0,0,7300,2000,0,2400,0,0,0,0,3754.285546875,4171.428515625,3128.571484375,0,2502.85712890625,2607.1427734375,0,8342.85703125,4171.428515625,1877.14291992188,0,0,4797.14287109375,3128.571484375,0,2502.8572265625,0,10428.5713867188,4692.85703125,0,0,0,0,0,0,0,0,5399.704296875,0,0,0,0,0,0,227.607690429687,0,0,0,0,52.1428588867187,0,2847.00024414063,92012.7421875,6609.35107421875
"NGA",3,1,"LSMS-ISA2015",2015,5,12,1204,736,0,120075,6,709.722229003906,1800,0,0,0,811.111083984375,0,0,3933.33333333333,922.698425292969,0,0,2636.11116536458,0,4084.52376302083,0,5880.55615234375,666.666687011719,0,11414.3603515625,0,0,0,0,7207.64610870245,13306.4246470643,0,0,3548.37985975905,0,0,23286.2434578833,9203.61018013896,7651.19420461403,6874.9858994548,2217.73737471455,2217.73737471455,2217.73737471455,1663.30308088303,5100.79579459387,0,8316.51509514245,332.660620245617,0,0,0,0,27580.9994771341,6885.54688154638,0,0,24949.5460504851,0,0,0,0,0,2965.01836069297,3432.43692065399,0,0,2661.28496196494,0,20227.4393801474,0,0,214706.34375,6609.35107421875
"NGA",3,1,"LSMS-ISA2015",2015,5,12,1204,736,0,120076,2,0,6000,0,0,0,0,0,0,3200,1312.5,0,0,0,0,0,0,12166.6669921875,0,0,7224.3076171875,0,0,0,4171.4287109375,12514.2861328125,14339.2861328125,5214.28564453125,0,7821.42846679688,0,0,16946.427734375,9125,4692.85693359375,7821.42846679688,0,9907.14282226563,7821.4287109375,0,1042.85717773438,0,11471.4287109375,6517.85693359375,0,0,0,0,0,0,0,0,39793.720703125,0,0,0,4965.986328125,0,17701.1274414063,0,0,278.095245361328,1629.46423339844,0,521.428588867188,0,3041.66650390625,217242.125,6609.35107421875
"NGA",3,1,"LSMS-ISA2015",2015,5,12,1204,736,0,120078,3,0,4000,0,0,0,0,0,0,8400,2633.33325195313,0,0,0,0,13904.76171875,0,5677.77734375,1000,0,10841.9619140625,0,0,0,0,0,0,0,0,3823.8095703125,0,0,10428.5716145833,5214.28580729167,0,0,0,6952.380859375,0,1738.09521484375,0,0,10428.5716145833,0,0,0,8038.2197265625,8711.93424479167,3070.13997395833,3797.48291015625,0,0,8901.82096354167,0,42249.0859375,0,0,4634.92057291667,0,45104.8767089844,6060.46419270833,0,2085.71435546875,4634.92057291667,347.619059244792,0,0,222680.78125,6609.35107421875
"NGA",3,1,"LSMS-ISA2015",2015,5,12,1204,736,0,120079,2,0,12000,0,0,0,2129.16674804688,0,0,13000,1823.21435546875,0,0,0,0,13035.7138671875,1825,4258.33349609375,1500,0,5377.14013671875,0,0,0,0,3910.71435546875,0,0,0,1564.28576660156,7821.4287109375,0,0,7821.4287109375,2607.14282226563,1564.28576660156,2607.14282226563,7560.71423339844,2346.42846679688,0,5735.71435546875,2607.14282226563,13035.7138671875,9124.99975585938,0,0,8173.32861328125,0,0,4047.27905273438,0,0,0,0,0,0,0,5214.28564453125,0,942.340881347656,0,0,0,0,0,0,1825,143457.9375,6609.35107421875
"NGA",3,1,"LSMS-ISA2015",2015,5,12,1204,736,0,120080,5,486.666656494141,4800,0,0,0,973.33330078125,121.666662597656,0,3660,1256.90478515625,0,0,2433.3333984375,0,0,0,4866.6669921875,400,0,9777.998046875,0,0,0,0,2669.61369264359,7627.46785615913,0,0,3305.235899026,0,0,1271.2446001691,6229.09850854012,2161.11582107829,9280.08554502566,0,5466.35179884843,3813.73392807957,127.124466021573,4830.72961137813,0,8263.09009245755,1016.99568880052,0,0,0,0,0,4776.24762602711,0,0,7864.8978785701,0,7725.25601513834,0,0,0,6798.39478019858,0,0,0,4576.48088191188,0,1595.37936977507,0,0,118175.1328125,6609.35107421875
"NGA",3,1,"LSMS-ISA2015",2015,5,12,1211,2220,1,120081,4,304.166656494141,5100,0,0,0,6083.33349609375,0,0,4300,4119.9404296875,0,0,0,0,15642.857421875,0,6083.33349609375,0,0,71959.6484375,0,0,0,0,3910.71435546875,4562.5,4692.85693359375,0,6126.78558349609,2607.14282226563,0,16946.427734375,16946.4287109375,4823.21423339844,9516.0712890625,1303.57141113281,7951.78582763672,1955.35717773438,260.714294433594,11601.7854003906,0,44191.0705566406,11341.0714416504,0,0,0,0,0,0,8126.76708984375,0,0,0,0,0,1173.21423339844,0,838.010192871094,0,4181.7197265625,0,13949.9072265625,0,0,0,1368.75,291969.15625,7931.22119140625
"NGA",3,1,"LSMS-ISA2015",2015,5,12,1211,2220,1,120082,5,1216.66674804688,11184,0,1216.66669921875,0,2433.3333984375,486.666650390625,1216.66674804688,11840,4359.76171875,1216.66674804688,0,0,0,5214.285546875,0,14600,1200,0,19698.39453125,0,0,0,5527.14287109375,10428.57109375,10428.57109375,4692.85703125,0,6048.57138671875,2085.7142578125,0,6257.14267578125,20857.14296875,3441.428515625,14078.5713867188,4171.428515625,8029.99995117188,4171.428515625,521.428564453125,3232.85712890625,0,6778.5712890625,8551.42866210937,0,0,0,0,0,0,0,0,9677.87578125,0,0,0,0,2753.1427734375,0,0,1481.95498046875,0,3754.2859375,0,0,0,3163.33349609375,216016.578125,7931.22119140625
"NGA",3,1,"LSMS-ISA2015",2015,5,12,1211,2220,1,120083,3,12166.6669921875,6000,0,0,0,2838.88899739583,0,2027.77783203125,3200,1256.11108398438,0,0,0,0,17380.9518229167,0,28388.888671875,1333.33337402344,0,71142.421875,0,0,0,1738.09521484375,4171.4287109375,10428.5716145833,0,0,13035.7139485677,6952.380859375,0,10428.5712890625,3476.1904296875,2085.71435546875,1738.09521484375,0,4692.85709635417,5214.28580729167,0,2085.71435546875,0,34761.9046223958,521.428588867188,0,0,0,0,0,3103.74186197917,0,0,0,0,0,0,0,0,0,2631.14973958333,0,0,0,0,17680.6236979167,0,0,270481.5,7931.22119140625
"NGA",3,1,"LSMS-ISA2015",2015,5,12,1211,2220,1,120084,4,2737.5,1500,0,0,0,3650,1520.83337402344,0,3680,6073.21435546875,0,0,0,0,7169.64306640625,0,4866.66650390625,0,0,1800,0,0,0,0,0,3910.71435546875,7821.4287109375,0,5866.07135009766,3258.92846679688,0,12383.9287109375,20335.71484375,8733.92883300781,8733.92846679688,1955.35711669922,4041.07141113281,2607.14282226563,260.714294433594,11992.8576660156,0,26592.8570556641,8212.50015258789,0,0,0,7283.25732421875,0,0,0,0,0,0,0,1968.39282226563,0,0,0,0,0,0,4469.3876953125,0,8630.626953125,0,19770.833984375,201827.484375,7931.22119140625
"NGA",3,1,"LSMS-ISA2015",2015,5,12,1211,2220,1,120085,1,1216.66662597656,24000,0,15816.6669921875,0,4380,0,0,39200,10325,0,0,0,0,146000,0,36500,6000,0,41623.22265625,0,0,0,6257.14306640625,9385.7138671875,0,0,0,7821.4287109375,0,0,20857.142578125,24507.142578125,9385.71435546875,5214.28564453125,13035.7138671875,14078.5712890625,12514.2861328125,0,2085.71435546875,3650,149128.573242188,15642.8566894531,0,0,0,0,13035.7138671875,8094.55810546875,0,0,29793.576171875,0,0,0,0,10428.5712890625,0,1958.95825195313,0,686547.6875,0,0,2085.71435546875,0,7908.3330078125,1378479,7931.22119140625
"NGA",3,1,"LSMS-ISA2015",2015,5,12,1211,2220,1,120086,3,0,12000,0,0,0,2433.33333333333,0,811.111083984375,17266.6666666667,4225.5556640625,0,0,0,0,12166.6666666667,0,4055.55541992188,5000,0,12000,0,0,0,0,0,0,0,0,4171.42854817708,0,0,15642.8567708333,13035.71484375,20857.142578125,0,0,4519.04760742188,5214.28580729167,2607.14290364583,6952.380859375,0,26592.8575846354,2607.14290364583,0,0,6169.67333984375,4783.74869791667,0,1040.7880859375,0,0,0,0,0,0,0,2317.46028645833,2259.52376302083,223.263631184896,0,0,6257.142578125,0,0,0,14681.111328125,209891.609375,7931.22119140625
"NGA",3,1,"LSMS-ISA2015",2015,5,12,1211,0,1,120087,6,1419.44445800781,8100,0,1013.88891601563,0,4055.5556640625,0,10.1388883590698,10586.6666666667,10686.26953125,0,0,6083.33333333333,0,17380.9518229167,1013.88891601563,6488.88916015625,20611.111328125,0,31485.419921875,0,0,0,4779.76188151042,41714.2864583333,21726.1901041667,7821.42838541667,0,6517.85725911458,12166.6663411458,6952.380859375,5648.80940755208,23464.2859700521,5648.80940755208,21291.6671549479,3041.66666666667,12166.6665852865,3476.1904296875,434.523803710938,5475,0,27809.5229492188,2607.14290364583,0,0,0,0,0,0,0,0,5072.26236979167,0,0,0,0,3910.71435546875,418.150431315104,729.999918619792,1584.23551432292,0,0,0,2276.38343302409,0,1216.66662597656,346886.8125,7931.22119140625
"NGA",3,1,"LSMS-ISA2015",2015,5,12,1211,2220,1,120088,3,6083.33349609375,4000,0,6083.33333333333,0,2433.33333333333,0,4055.5556640625,4600,1158.88879394531,0,0,0,0,10428.5716145833,0,16222.22265625,0,0,17858.759765625,0,0,0,0,10428.5716145833,12166.6666666667,4345.23795572917,0,3476.1904296875,0,0,6952.380859375,6083.33333333333,5214.28564453125,0,3476.1904296875,3476.1904296875,5214.28580729167,0,8342.85734049479,0,37542.8570963542,0,0,0,0,0,4629.96907552083,0,6815.6484375,2085.71435546875,15216.7877604167,0,13035.71484375,0,0,0,0,1390.47623697917,0,0,0,0,21226.8190104167,0,0,244044.15625,7931.22119140625
"NGA",3,1,"LSMS-ISA2015",2015,5,12,1211,2220,1,120089,1,0,24000,0,15816.6669921875,0,5475,0,0,14800,7863.3330078125,0,0,0,0,41714.28515625,0,0,16000,0,64920.2890625,0,0,0,0,12514.2861328125,0,0,0,8342.857421875,28678.572265625,0,0,33892.857421875,6257.14306640625,10428.5712890625,7821.4287109375,25028.5712890625,5214.28564453125,0,2085.71435546875,0,0,0,0,0,0,0,0,8094.55810546875,21194.609375,0,0,0,0,0,0,0,0,691.39697265625,0,0,651785.6875,0,9125,0,21291.666015625,1043036.875,7931.22119140625
"NGA",3,1,"LSMS-ISA2015",2015,5,12,1211,2220,1,120090,5,2920,7200,0,0,0,2920,1703.3333984375,1946.66662597656,14160,8458,0,0,0,0,6257.14296875,0,5110,1600,0,14823.9609375,0,0,0,0,0,0,0,0,3128.57138671875,0,0,12514.2859375,0,834.2857421875,2607.1427734375,3128.571484375,6570.00004882812,0,0,8342.85703125,0,21899.9998046875,1042.85712890625,0,0,1346.7416015625,2870.24921875,5214.285546875,1248.945703125,0,0,0,0,0,9358.270703125,0,0,0,855.14287109375,3403.41328125,695.2380859375,5005.714453125,5214.285546875,0,0,0,162379.96875,7931.22119140625
"NGA",3,1,"LSMS-ISA2015",2015,5,12,1214,452,0,120091,3,0,0,0,0,0,608.333333333333,0,0,1933.33333333333,662.063537597656,0,0,1216.66666666667,0,0,0,4055.5556640625,200,0,4870.2685546875,0,0,0,0,12710.1165571023,7414.23454980271,0,0,2542.02335927217,0,0,0,8473.41082105429,0,7837.90504593292,4236.70549190735,5084.04647928574,3177.52913927557,0,0,0,9320.75212907149,4872.21123122064,0,0,16328.9693372328,0,0,12452.8869133139,0,0,101934.336781011,0,14122.3504623882,0,0,0,11328.5814262058,2772.53571554848,0,4183.74683247897,0,0,0,0,0,242338.5625,4337.38671875
"NGA",3,1,"LSMS-ISA2015",2015,5,12,1214,452,0,120092,1,0,0,0,0,0,0,0,0,6000,5266.66650390625,0,0,0,0,0,0,9733.3330078125,10000,0,3958.30908203125,0,0,0,0,37542.85546875,0,0,0,0,0,0,31285.71484375,18250,0,0,0,5214.28564453125,0,0,0,0,0,0,0,0,10428.5703125,0,18439.69140625,1561.18212890625,97.5212020874023,0,59620.5854492188,0,0,9746.328125,0,3476.1904296875,2812.19897460938,19754.7980957031,0,0,0,0,417.142852783203,0,0,253605.359375,4337.38671875
"NGA",3,1,"LSMS-ISA2015",2015,5,12,1214,452,0,120093,5,0,0,0,0,0,3163.3333984375,0,0,3800,1676.619140625,0,0,6326.666796875,0,0,0,4866.6669921875,4000,0,2157.4423828125,0,0,0,0,5214.285546875,0,0,0,2398.57141113281,0,0,10428.57109375,8342.85703125,2085.71435546875,1042.85712890625,2607.1427734375,7091.42866210938,4171.428515625,0,6257.14296875,1460,25549.9998046875,3962.85712890625,0,0,0,0,0,3.53826522827148,0,0,0,0,0,0,0,3059.04765625,269.404760742187,0,0,0,0,0,0,0,851.666687011719,110787.2421875,4337.38671875
"NGA",3,1,"LSMS-ISA2015",2015,5,12,1214,452,0,120094,4,0,0,0,0,0,456.25,0,0,2175,1081.13098144531,0,0,608.333312988281,0,6517.85693359375,0,4562.5,250,0,2328.25073242188,0,0,0,0,13035.7138671875,0,0,0,3650,0,0,1955.35717773438,7951.78582763672,2216.07141113281,9124.99975585938,2607.14282226563,2867.85717773438,3128.57153320313,1042.85717773438,2998.21438598633,0,16946.4284667969,1042.8571472168,0,0,10239.8798828125,5884.01123046875,14105.4814453125,4897.7041015625,0,0,58660.71484375,0,0,5214.28564453125,0,1042.85717773438,0,4520.26293945313,0,86.9047546386719,0,0,131.673889160156,0,0,191330.953125,4337.38671875
"NGA",3,1,"LSMS-ISA2015",2015,5,12,1202,0,0,120096,3,973.333312988281,1200,0,0,0,973.333333333333,0,811.111083984375,0,822.698425292969,0,0,0,0,2607.14290364583,0,2838.88891601563,0,0,12000,0,0,0,0,3476.1904296875,20857.1432291667,6952.380859375,0,4866.66666666667,6952.380859375,0,8690.47591145833,5214.28564453125,4345.23811848958,9907.14290364583,2607.14282226563,9907.14282226563,7821.42838541667,0,4866.66682942708,0,60485.7138671875,7473.80944824219,0,0,0,0,0,0,0,0,0,0,0,0,0,0,0,0,0,0,0,0,0,0,12977.7783203125,199628.078125,4337.38671875
"NGA",3,1,"LSMS-ISA2015",2015,5,12,1214,452,0,120098,4,0,0,0,0,0,2190,0,0,3975,1935.77380371094,0,0,6083.33349609375,0,10428.5712890625,0,2737.5,600,0,2522.74096679688,0,0,0,0,5475,3258.92846679688,0,0,5214.28576660156,0,0,6517.85693359375,6257.14306640625,1564.28576660156,4432.14282226563,3910.71423339844,3650.00006103516,3910.71435546875,391.071441650391,5605.35717773438,2737.5,6517.85705566406,1955.35717773438,0,0,0,0,0,3258.92846679688,0,0,0,0,0,0,1564.28576660156,0,0,2893.07479858398,0,0,0,0,469.285705566406,0,304.166656494141,100360.875,4337.38671875
"NGA",3,1,"LSMS-ISA2015",2015,5,12,1214,452,0,120099,3,0,0,0,0,0,0,0,0,8200,2920,0,0,0,0,0,0,4055.55541992188,0,0,1319.43640136719,0,0,0,0,12514.28515625,0,0,0,0,0,0,17380.9518229167,17380.9524739583,0,2607.14290364583,0,3476.1904296875,0,6952.380859375,0,0,12861.9049479167,0,0,0,16076.439453125,0,18439.6901041667,4516.97819010417,0,0,39747.0569661458,0,21124.54296875,4873.16438802083,0,0,6908.9287109375,16590.7268880208,0,0,6257.14306640625,0,278.095235188802,0,0,224481.578125,4337.38671875
"NGA",3,1,"LSMS-ISA2015",2015,5,12,1214,452,0,120100,4,0,0,0,0,0,3041.66674804688,0,0,1150,2002.79760742188,0,0,4562.5,0,0,0,9733.333984375,0,0,2898.58569335938,0,0,0,0,7821.4287109375,0,0,0,3910.71435546875,0,0,13035.7138671875,8473.2138671875,0,3910.71423339844,0,3910.71423339844,5214.28564453125,0,1564.28576660156,0,9385.71411132813,2607.14282226563,0,0,6129.99609375,0,11028.5234375,4047.27905273438,0,0,26629.376953125,0,0,1827.43640136719,1564.28576660156,0,0,3169.12939453125,0,0,0,0,39.1071434020996,0,608.333312988281,138266.265625,4337.38671875
"NGA",3,1,"LSMS-ISA2015",2015,6,13,1310,0,1,130001,3,0,3400,0,0,0,6083.33333333333,0,0,5666.66666666667,3656.34936523438,0,0,0,0,2607.14290364583,0,28794.443359375,0,0,4456.39892578125,0,0,0,0,0,0,0,0,3997.61889648438,0,0,10428.5716145833,8690.47591145833,3650,3476.1904296875,0,7821.42862955729,2607.14290364583,0,0,0,18423.8092447917,3823.8095703125,0,0,0,14076.91015625,5793.65104166667,3918.47395833333,0,0,0,6952.380859375,0,0,0,0,0,0,0,0,0,0,312.857137044271,0,1419.44445800781,150057.109375,9110.044921875
"NGA",3,1,"LSMS-ISA2015",2015,6,13,1310,0,1,130003,6,141.944442749023,9000,0,0,0,243.333333333333,0,0,7833.33333333333,20120.23828125,0,0,4258.33333333333,0,1738.09521484375,0,5272.22216796875,666.666687011719,0,21444.240234375,0,0,0,0,15208.3333333333,11297.6192220052,1738.09521484375,0,2433.33337402344,608.333333333333,0,0,7821.42838541667,6517.857421875,1911.90478515625,0,3910.71419270833,2172.61897786458,434.523803710938,608.333333333333,0,10863.0952148438,173.809529622396,0,0,0,0,0,0,0,0,0,0,0,0,0,0,0,0,0,0,0,0,0,0,0,136418.40625,9110.044921875
"NGA",3,1,"LSMS-ISA2015",2015,6,13,1310,0,1,130004,8,0,0,0,0,0,0,0,152.08332824707,12250,1950.89282226563,0,0,410.625,0,0,0,6083.33349609375,900,325.892852783203,1500,0,0,0,652.521557130908,0,3262.60772457481,1566.05181042769,0,2349.07753226861,0,0,0,9135.30192234877,0,652.521557130908,0,3588.86859475986,1957.56473247245,0,0,0,3654.1207536094,717.773746453452,0,0,0,6851.47644140498,8054.39107913865,0,0,0,0,0,0,0,0,0,0,0,0,0,0,0,0,0,1520.83337402344,67535.9453125,9110.044921875
"NGA",3,1,"LSMS-ISA2015",2015,6,13,1310,0,1,130005,1,0,0,0,0,1216.66662597656,0,0,0,0,0,0,0,0,0,5214.28564453125,0,2676.66674804688,0,0,7205.740234375,0,0,0,10428.5712890625,0,0,0,0,0,0,0,0,0,0,0,0,13035.7141113281,0,0,0,0,0,0,0,0,0,2010.98706054688,8690.4765625,0,0,0,0,0,0,0,0,7647.619140625,0,2085.71435546875,0,0,0,0,557.928588867188,0,0,60770.375,9110.044921875
"NGA",3,1,"LSMS-ISA2015",2015,6,13,1310,0,1,130007,2,0,12000,0,0,0,912.5,0,0,4500,1043.09521484375,0,0,0,0,5214.28564453125,0,21900,0,7821.4287109375,5886.7509765625,0,0,0,0,6257.14306640625,0,2607.14282226563,0,2607.14282226563,0,0,18249.9995117188,10428.5712890625,0,0,0,7821.42846679688,3258.92846679688,0,0,0,36500,0,0,0,0,0,18807.30859375,4137.84326171875,0,0,10330.189453125,0,0,0,0,15295.23828125,3940.00805664063,1616.42858886719,0,0,0,0,969.857147216797,0,0,202105.28125,9110.044921875
"NGA",3,1,"LSMS-ISA2015",2015,6,13,1310,0,1,130008,1,0,3600,0,0,0,5840,0,0,5000,8608.095703125,0,0,0,0,52142.85546875,0,36500,0,0,9444.09375,0,0,0,0,7300,0,6257.14306640625,0,10428.5712890625,0,0,26071.427734375,10428.5712890625,5214.28564453125,0,0,7821.42846679688,6778.5712890625,0,5214.28564453125,0,11471.4287109375,0,0,0,0,0,26071.427734375,0,0,0,0,0,0,0,0,15295.23828125,0,0,0,0,0,0,1460,0,0,260947.421875,9110.044921875
"NGA",3,1,"LSMS-ISA2015",2015,6,13,1310,1300,1,130010,10,0,1800,0,0,0,912.5,0,0,2240,7252.6669921875,0,0,9733.33359375,0,0,0,6083.3330078125,2525,0,6106.8974609375,0,0,0,0,0,0,0,0,1564.2857421875,0,0,7299.9998046875,5214.285546875,0,0,0,2346.42854003906,0,0,0,0,12201.4283203125,463.028582763672,0,0,0,7300,3342.491015625,0,4301.785546875,0,3394.20546875,0,0,0,0,4588.571484375,0,0,2607.1427734375,0,0,0,0,0,608.333374023438,91885.7265625,9110.044921875
"NGA",3,1,"LSMS-ISA2015",2015,6,13,1314,6,1,130011,5,0,0,0,0,3893.333203125,2433.3333984375,0,0,9680,2561.42846679688,2433.33349609375,0,7300,0,20857.1421875,24333.3328125,5840,1200,0,4800,0,0,0,0,7300,2607.1427734375,1042.85712890625,0,12514.2859375,5214.285546875,0,31285.715625,8342.85703125,11262.8568359375,1042.85712890625,0,4692.85708007813,2607.1427734375,521.428564453125,4067.14296875,0,4067.14282226563,0,0,0,0,0,0,0,0,0,0,0,0,0,1564.2857421875,3059.04765625,0,0,0,0,0,0,1862.9221496582,0,4866.6669921875,193253.40625,6377.03125
"NGA",3,1,"LSMS-ISA2015",2015,6,13,1314,6,1,130012,5,0,0,0,0,0,4866.666796875,0,0,9680,1968.619140625,0,0,4866.666796875,0,15642.8578125,0,2433.33349609375,800,0,4800,0,0,0,521.428564453125,3650,4171.428515625,12514.285546875,0,5214.28564453125,6257.14267578125,0,3128.571484375,0,5422.85703125,5214.28564453125,730,4692.85708007813,5214.285546875,417.14287109375,8342.85703125,0,109499.99921875,0,0,0,0,0,0,0,0,0,0,0,0,0,1251.42861328125,0,0,0,0,0,0,0,490.142858886719,0,5596.6669921875,227387.8125,6377.03125
"NGA",3,1,"LSMS-ISA2015",2015,6,13,1314,6,1,130013,6,0,3000,0,0,202.777770996094,2027.77783203125,0,0,10500,3457.53979492188,6083.33349609375,0,5069.4443359375,0,43452.3802083333,0,12166.6669921875,22111.109375,0,6000,0,0,0,0,47797.6197916667,13035.71484375,6952.380859375,0,2520.23815917969,0,0,13470.2386474609,4345.23795572917,1477.38098144531,21726.1901855469,0,2607.14286295573,1520.83333333333,434.523803710938,2520.23811848958,0,9211.90486653646,1303.57145182292,0,0,5950.23567708333,0,8646.36197916667,4137.8427734375,0,0,8913.61930338542,0,21124.54296875,217.261881510417,0,0,3484.39278157552,1219.81534830729,0,0,0,0,352.833343505859,0,7097.22265625,304138.375,6377.03125
"NGA",3,1,"LSMS-ISA2015",2015,6,13,1314,6,1,130014,8,0,3000,0,6083.33349609375,0,912.5,0,0,4250,1380.35717773438,0,0,9125,0,13035.7138671875,0,30416.666015625,500,0,4056.61059570313,0,0,0,651.785705566406,0,0,0,1433.92858886719,782.142883300781,0,0,3258.92846679688,1629.46423339844,586.607116699219,0,1564.28570556641,4236.6071472168,0,65.1785736083984,260.714294433594,0,6517.85705566406,716.964309692383,0,0,0,6843.75,4323.18115234375,3472.0654296875,0,0,0,0,0,0,0,1433.92858886719,0,0,0,0,0,0,0,0,1064.58337402344,111602.1484375,6377.03125
"NGA",3,1,"LSMS-ISA2015",2015,6,13,1314,6,1,130015,3,0,0,0,0,0,608.333333333333,0,0,0,1014.28570556641,0,0,0,0,0,0,16222.22265625,0,0,11356.9912109375,0,0,0,695.238118489583,0,0,0,2085.71435546875,0,6952.380859375,0,3476.1904296875,6083.33333333333,0,0,0,10428.5712890625,4345.23795572917,0,0,0,0,2085.71427408854,0,0,0,10725.2643229167,6146.56315104167,3703.5361328125,0,0,0,0,0,0,0,5098.41276041667,0,0,0,0,0,0,0,0,0,91027.9921875,6377.03125
"NGA",3,1,"LSMS-ISA2015",2015,6,13,1314,6,1,130016,7,0,0,0,5214.28571428571,0,260.714285714286,0,0,857.142857142857,1474.48986816406,0,0,3476.19056919643,0,1489.7958984375,0,5214.28564453125,714.285705566406,0,2212.38720703125,0,0,0,0,2607.14285714286,0,744.89794921875,0,893.877580915179,0,0,0,1489.7958984375,744.897984095982,0,0,1489.79595075335,0,0,297.959193638393,0,4171.42853655134,893.877546037946,0,0,0,3447.40652901786,5373.51674107143,2364.48186383929,0,0,0,0,0,0,0,546.258510044643,900.477922712054,0,0,0,0,0,55.8673488071987,0,0,46935.26171875,6377.03125
"NGA",3,1,"LSMS-ISA2015",2015,6,13,1314,6,1,130017,4,4562.5,12000,0,0,0,4562.5,0,0,36000,18305.119140625,0,0,24333.333984375,0,32589.28515625,0,30416.666015625,22187.5,0,50966.23828125,0,0,0,0,0,31285.71484375,0,0,2607.14282226563,0,0,18249.9995117188,23464.2856445313,9646.42846679688,0,0,7300,0,0,9646.42846679688,0,48232.1428222656,1564.28576660156,0,0,0,18250,8356.2275390625,4166.47802734375,0,0,0,0,0,0,1042.85717773438,5735.71435546875,0,669.790893554688,0,0,0,0,813.428588867188,0,6083.33349609375,433037.4375,6377.03125
"NGA",3,1,"LSMS-ISA2015",2015,6,13,1314,6,1,130018,7,0,3428.57153320313,0,0,0,521.428571428571,0,0,3428.57142857143,2088.02709960938,0,0,7821.42857142857,0,0,0,17380.951171875,0,0,5850.96337890625,0,0,0,0,0,0,0,0,1489.7958984375,0,0,7448.97935267857,2979.591796875,0,0,0,1117.34695870536,2607.14285714286,0,0,0,1117.34695870536,1266.32653808594,0,0,0,5214.28571428571,53735.1696428571,2769.470703125,0,0,0,0,0,0,0,3277.55106026786,372.448974609375,506.000124250139,0,0,0,0,238.367344447545,0,0,124659.7578125,6377.03125
"NGA",3,1,"LSMS-ISA2015",2015,6,13,1314,0,1,130019,1,0,9600,0,0,0,9125,0,0,0,2764.76196289063,0,0,0,0,0,0,73000,0,0,18000,0,0,0,0,0,0,0,0,10428.5712890625,0,0,26071.427734375,15642.857421875,0,0,0,5214.28564453125,0,0,5214.28564453125,15642.857421875,179892.860351563,0,0,0,0,10054.935546875,12293.126953125,5877.7109375,0,0,0,0,0,0,0,2447.23803710938,0,7188.76220703125,0,0,0,0,2711.42864990234,0,18250,429420.125,6377.03125
"NGA",3,1,"LSMS-ISA2015",2015,6,13,1311,0,1,130020,5,7300,8400,0,0,0,1581.66669921875,0,0,7400,6883.8095703125,0,0,24333.3328125,0,0,0,48666.6640625,4866.6669921875,0,92783.6328125,0,0,0,0,0,0,2502.8572265625,4692.85703125,4171.428515625,0,0,10428.57109375,5214.285546875,5214.2857421875,0,0,4692.85712890625,0,0,9385.7142578125,0,0,0,0,0,0,14600,14207.90546875,0,0,0,4132.07578125,0,0,11471.428515625,0,9455.23828125,1051.65771484375,1258.380859375,6257.14296875,0,0,0,667.428588867188,0,608.333374023438,312228.25,6377.03125
"NGA",3,1,"LSMS-ISA2015",2015,6,13,1307,268,1,130021,7,0,4285.71435546875,0,0,0,0,0,0,6857.14285714286,3172.48291015625,0,0,5214.28571428571,0,11173.4698660714,0,17380.951171875,1428.57141113281,0,4867.28173828125,0,0,0,0,0,0,0,0,1564.2856968471,0,0,7448.97935267857,0,0,0,372.448974609375,2607.14285714286,6517.85714285714,0,0,0,297.959193638393,0,0,0,0,10428.5714285714,22203.6891741071,3166.2783203125,0,0,3232.576171875,0,0,0,0,7250.34026227679,0,1303.57135881696,0,0,0,0,111.734697614397,0,0,120885.328125,14103.0498046875
"NGA",3,1,"LSMS-ISA2015",2015,6,13,1307,0,1,130023,5,0,2400,0,973.33330078125,0,365,0,0,0,1243.33325195313,0,0,0,0,0,0,11680,12566.666015625,0,2880,0,0,0,0,14600,0,0,0,104.285717773438,0,0,4171.428515625,2085.7142578125,2815.7142578125,0,1564.2857421875,3128.57138671875,0,104.285717773438,730,0,11992.8568359375,208.571435546875,0,0,0,16892.2921875,7522.9234375,0,0,0,0,0,0,869.04765625,0,3059.04765625,0,0,0,0,0,0,156.428576660156,0,0,102113.7890625,14103.0498046875
"NGA",3,1,"LSMS-ISA2015",2015,6,24,2403,0,1,130024,4,1520.83337402344,2550,0,0,0,2129.16674804688,0,1520.83337402344,0,1920.83337402344,0,0,0,0,6517.85693359375,0,3041.66674804688,0,0,7500,0,0,0,0,9776.7861328125,5214.28564453125,4562.5,0,5214.28564453125,2607.14282226563,0,0,15642.857421875,0,3258.92846679688,0,5214.28570556641,9776.7861328125,0,0,0,36500.0004882813,651.785705566406,0,0,0,0,0,0,0,0,0,0,0,0,0,0,0,0,0,0,0,0,0,0,0,125120.84375,14103.0498046875
"NGA",3,1,"LSMS-ISA2015",2015,6,13,1307,268,1,130025,6,0,4000,0,0,0,3041.66666666667,0,0,5600,2769.92065429688,0,0,15208.3333333333,0,5214.28580729167,0,20277.77734375,0,0,28448.287109375,0,0,0,0,0,0,0,0,0,0,0,6083.33317057292,2172.61897786458,0,0,0,2172.61905924479,0,0,0,0,4345.23795572917,0,0,0,1738.09521484375,4562.5,12538.2057291667,925.884033203125,5735.71419270833,0,9051.21354166667,0,0,0,3258.92838541667,7647.619140625,0,1080.30786132813,6517.857421875,0,0,0,830.809509277344,0,0,153221.203125,14103.0498046875
"NGA",3,1,"LSMS-ISA2015",2015,6,13,1307,0,1,130026,5,0,0,0,0,2190,1703.3333984375,0,0,24000,4566.1904296875,0,0,2433.3333984375,0,41714.284375,0,7300,1360,0,12307.205078125,0,0,0,0,0,15642.8578125,1042.85712890625,0,6465.71440429687,625.714306640625,0,10428.57109375,8342.85703125,2398.57138671875,0,0,2607.14287109375,5214.285546875,0,2920,0,20648.5712890625,0,0,0,0,10950,0,0,0,0,0,0,0,0,0,6396.190625,0,0,0,0,0,0,178.328576660156,0,0,191436.015625,14103.0498046875
"NGA",3,1,"LSMS-ISA2015",2015,6,13,1307,268,1,130027,5,0,2400,0,0,0,1338.33330078125,0,0,4000,1377.28576660156,0,0,0,0,2085.7142578125,0,17033.33203125,0,0,1616.71752929688,0,0,0,0,15642.85703125,8342.85703125,1042.85712890625,0,2085.7142578125,0,0,5214.285546875,2085.7142578125,0,0,0,4692.85708007813,2607.1427734375,0,0,0,2085.7142578125,1042.85712890625,0,0,0,0,3342.491015625,1655.1373046875,0,0,0,0,0,0,0,7647.61953125,0,535.83271484375,0,0,0,0,187.714282226562,0,0,88063.03125,14103.0498046875
"NGA",3,1,"LSMS-ISA2015",2015,6,13,1307,268,1,130029,3,0,4000,0,2027.77783203125,0,0,0,0,2200,1350.47619628906,0,0,0,0,10428.5716145833,0,12166.6669921875,0,0,5162.23681640625,0,0,0,1042.85717773438,0,0,0,0,3476.1904296875,0,0,3476.1904296875,6952.380859375,0,0,0,8169.04760742188,0,0,0,0,3823.8095703125,0,0,0,0,8043.94856770833,12538.2057291667,1851.76806640625,0,0,0,0,0,0,0,3823.8095703125,1551.87076822917,0,0,0,0,0,493.61908976237,0,0,92579.421875,14103.0498046875
"NGA",3,1,"LSMS-ISA2015",2015,6,13,1307,0,1,130030,1,0,2400,0,0,0,0,0,0,0,35341.953125,0,0,0,0,0,0,0,0,0,10881.2666015625,0,0,0,0,0,0,0,13663.8992825726,3279.3360464868,0,0,10931.1196460819,10931.1196460819,0,0,0,3825.89192701608,0,0,0,0,0,2732.77991152048,0,0,0,8717.09758439031,18218.5337337609,0,0,0,6342.11295067822,0,0,13619.0993952574,0,16032.3091938957,0,6340.04932954407,5276.95170909946,0,0,0,327.933598030344,0,1825,170686.453125,14103.0498046875
"NGA",3,1,"LSMS-ISA2015",2015,6,13,1303,626,1,130032,4,0,1200,0,0,0,912.5,0,0,1750,2102.02392578125,0,0,10645.8330078125,0,0,0,9125,0,0,4500,0,0,0,0,9125,0,0,0,1303.57141113281,0,0,0,7821.4287109375,2346.42846679688,7821.4287109375,0,1955.35711669922,0,0,0,0,2607.14282226563,912.5,0,0,2607.14282226563,0,9403.654296875,1388.82604980469,0,0,0,0,0,0,0,0,0,1080.30773925781,4461.33544921875,0,0,0,860.357147216797,0,6083.33349609375,90013.171875,12876.697265625
"NGA",3,1,"LSMS-ISA2015",2015,6,13,1303,626,1,130033,2,0,12000,0,18250,5475,0,0,0,1800,10000,0,0,30416.666015625,0,26071.427734375,0,7300,30416.666015625,0,20478.37109375,0,0,0,0,0,0,0,0,0,0,0,0,0,0,0,0,3128.57141113281,0,0,0,0,0,0,0,0,0,1423.08850097656,6146.5634765625,2995.98315429688,0,0,0,0,0,12309.1328125,0,6952.38110351563,0,864.246337890625,2796.86010742188,0,0,0,278.964294433594,0,0,199103.9375,12876.697265625
"NGA",3,1,"LSMS-ISA2015",2015,6,13,1303,626,1,130034,2,0,0,0,0,0,0,0,0,16400,2800,0,0,0,0,78214.2890625,0,14600,1000,0,8431.8984375,0,0,0,0,0,0,0,0,3128.57153320313,0,0,13035.7138671875,10428.5712890625,3128.57153320313,0,7821.4287109375,15642.8572998047,0,0,0,0,31285.7138671875,2085.71435546875,0,0,0,18250,86463.625,5555.30419921875,0,0,0,0,0,0,0,23638.095703125,6660.01000976563,0,19553.572265625,0,0,0,312.857147216797,0,0,368436.78125,12876.697265625
"NGA",3,1,"LSMS-ISA2015",2015,6,13,1303,0,1,130035,3,0,8000,0,0,0,2433.33333333333,0,0,666.666666666667,20284.681640625,0,0,3244.4443359375,0,17380.9518229167,0,20277.77734375,0,0,13652.2470703125,0,0,0,0,0,17380.9518229167,4171.4287109375,0,3476.1904296875,0,0,9559.52360026042,5214.28580729167,1738.09521484375,0,0,11297.6190592448,0,0,0,0,4345.23811848958,869.047607421875,0,0,0,6083.33333333333,5570.818359375,4137.8427734375,0,0,0,0,0,0,0,7879.365234375,8354.85970052083,0,11896.89453125,0,0,0,1209.71431477865,0,1216.66662597656,190341.984375,12876.697265625
"NGA",3,1,"LSMS-ISA2015",2015,6,13,1303,626,1,130036,4,0,0,0,0,0,851.666687011719,0,0,3825,1266.1904296875,0,0,0,0,1955.35717773438,0,3041.66674804688,0,0,5703.0859375,0,0,0,2672.21600564934,10688.8640225974,10688.8640225974,0,0,2672.21600564934,0,0,2672.21600564934,6680.53988368117,0,0,0,1736.94045333738,0,0,0,0,5611.65374669908,935.275614742425,0,0,0,0,0,4604.33175172265,0,0,0,0,0,0,0,5878.87536002917,3137.4680790275,442.908780888611,1791.66787695718,0,0,0,1309.38589087791,0,0,78166.390625,12876.697265625
"NGA",3,1,"LSMS-ISA2015",2015,6,13,1303,626,1,130038,3,0,0,0,0,0,3163.33333333333,0,0,5733.33333333333,1805.55554199219,0,0,24333.3333333333,0,1738.09521484375,0,28388.888671875,0,0,6099.23779296875,0,0,0,2607.14290364583,0,0,2085.71435546875,0,2085.71435546875,0,0,13904.7620442708,3476.1904296875,0,6952.380859375,0,4345.23819986979,2607.14290364583,0,869.047607421875,0,23464.2856445313,695.238118489583,0,0,0,10054.9348958333,5793.65104166667,2758.56217447917,0,0,0,0,0,0,0,0,0,1440.41031901042,0,0,0,0,312.857137044271,0,2027.77783203125,156742.828125,12876.697265625
"NGA",3,1,"LSMS-ISA2015",2015,6,13,1303,626,1,130039,4,0,0,0,0,0,1277.5,0,0,13850,3392.85717773438,0,0,18250,0,39107.14453125,0,9125,100,0,2265.05249023438,0,0,0,0,10428.5712890625,10428.5712890625,1303.57141113281,0,2085.71435546875,2607.14282226563,0,3910.71435546875,5214.28564453125,0,1955.35717773438,0,3258.92858886719,6517.85693359375,0,260.714294433594,0,12644.6430664063,912.5,0,0,0,0,0,0,0,0,0,0,0,0,0,4171.4287109375,1879.70336914063,388.910827636719,0,0,0,0,514.910713195801,0,0,155851.078125,12876.697265625
"NGA",3,1,"LSMS-ISA2015",2015,6,13,1303,626,1,130040,3,0,12000,0,811.111083984375,0,2433.33333333333,0,0,0,3368.09545898438,0,0,0,0,0,0,8111.111328125,0,0,13425.29296875,0,0,0,1101.34169351218,7342.27761632281,0,0,0,0,0,0,0,2202.68338702435,0,0,0,2753.35419495336,4588.92342136945,0,0,0,1284.89859615169,0,0,0,0,0,9126.08237761247,1061.06751813931,0,0,0,0,0,0,0,6669.23553634022,0,912.714084506989,0,0,0,0,627.764762450669,0,0,77819.28125,12876.697265625
"NGA",3,1,"LSMS-ISA2015",2015,6,13,1305,1232,1,130041,4,0,3000,0,0,0,851.666687011719,0,0,2375,1271.60717773438,0,0,0,0,3910.71435546875,0,8212.5,0,0,3871.67749023438,0,0,0,0,4562.5,9125,0,13035.7138671875,1564.28576660156,0,0,0,3910.71435546875,3910.71435546875,0,0,3341.03198242188,0,0,1303.57141113281,0,0,0,0,0,0,0,0,1388.82604980469,0,0,0,0,0,0,0,3823.8095703125,0,0,0,0,0,0,756.071441650391,0,1520.83337402344,71736.234375,16896.408203125
"NGA",3,1,"LSMS-ISA2015",2015,6,13,1305,1232,1,130042,5,0,400,0,0,365,730,0,0,8400,3130.09521484375,0,0,0,0,52142.85625,0,19466.66796875,1000,0,6490.5771484375,0,0,0,0,7300,14600,0,0,5214.28564453125,1042.85712890625,0,3128.571484375,3650,7300,23985.71484375,0,521.428564453125,6257.14296875,0,0,0,70914.284375,0,0,0,2085.7142578125,0,3342.491015625,0,0,0,0,0,0,0,5840,0,703.04970703125,6200.782421875,0,0,6517.856640625,0,278.442864990234,0,0,261007.8125,16896.408203125
"NGA",3,1,"LSMS-ISA2015",2015,6,13,1305,1232,1,130043,3,0,10000,0,2027.77783203125,0,730,0,0,4666.66666666667,900,0,0,0,0,0,0,1622.22216796875,133.33332824707,0,2694.52905273438,0,0,0,0,0,0,3641.01603057153,0,1092.30486196137,0,0,0,1820.50801528576,2730.76210761035,0,0,4551.27003491292,4369.21944784549,0,0,0,0,0,0,0,0,12743.5563027757,16564.9722337196,2889.36101191574,0,0,0,0,0,0,21846.0941510684,5340.15698561135,0,0,0,0,0,0,719.100674726429,0,0,101082.8515625,16896.408203125
"NGA",3,1,"LSMS-ISA2015",2015,6,13,1305,0,1,130044,9,0,2400,0,0,0,3382.33333333333,0,0,2366.66666666667,1002.6455078125,0,0,0,0,1738.09526909722,0,9462.962890625,0,0,4000,0,0,0,4440.83520192764,10361.948582651,0,0,0,0,0,0,0,9251.73973154033,925.173954586253,3700.69581834501,0,3330.62635502628,2590.48714566276,0,925.173954586253,0,1480.27834518085,444.083525618111,1988.82392723271,0,0,0,0,3524.06416790024,0,0,4496.6950740497,0,0,0,0,0,0,0,0,0,0,0,222.041762809056,0,0,72035.3671875,16896.408203125
"NGA",3,1,"LSMS-ISA2015",2015,6,13,1305,0,1,130045,4,0,1200,0,0,0,1977.08337402344,0,0,13400,3506.54760742188,0,0,4562.5,0,0,0,8516.6669921875,0,0,1500,0,0,0,0,9125,0,5214.28564453125,0,1303.57141113281,0,0,9124.99975585938,0,0,2607.14282226563,0,5214.28570556641,6517.85693359375,0,0,0,1303.57141113281,0,0,0,0,0,13581.7680664063,0,0,0,0,0,0,0,3910.7138671875,0,0,0,0,0,0,0,813.428573608398,0,912.5,94291.9140625,16896.408203125
"NGA",3,1,"LSMS-ISA2015",2015,6,13,1305,1232,1,130046,10,0,2400,0,0,0,109.5,0,0,0,2582.5,0,0,12166.66640625,0,10428.57109375,0,4866.6669921875,200,0,2400,0,0,0,0,0,0,418.297829765299,2300.6380147362,1045.7445254403,0,0,5228.72252925562,0,0,0,0,1568.61678801563,0,0,0,0,0,104.574457441325,0,0,0,5490.15883202101,9303.10684863253,0,0,163.397579039238,0,0,0,0,0,1150.3190073681,0,0,1307.18063231391,0,0,0,78.4308430809936,0,0,63313.09375,16896.408203125
"NGA",3,1,"LSMS-ISA2015",2015,6,13,1305,1232,1,130048,2,0,12000,0,0,0,4380,0,0,0,2500,0,0,1216.66662597656,0,0,0,2676.66674804688,2000,0,18901.6484375,0,0,0,0,0,0,0,0,3128.57153320313,0,0,0,0,0,0,0,2867.85711669922,0,0,0,0,22421.4294433594,0,0,0,0,0,8690.4765625,0,0,0,0,0,0,3087.40600585938,469.285675048828,1433.92858886719,0,0,0,0,1042.85729980469,0,278.964294433594,0,0,87095.7578125,16896.408203125
"NGA",3,1,"LSMS-ISA2015",2015,6,13,1305,1232,1,130049,2,0,12000,0,0,0,547.5,0,0,4800,2023.57141113281,0,0,0,0,26071.427734375,0,4015,1000,0,5104.63037109375,0,0,0,0,0,13035.7138671875,0,0,7821.4287109375,0,0,0,7821.4287109375,0,0,1303.57141113281,3910.71423339844,0,0,3128.57153320313,0,0,0,0,0,0,9049.4423828125,0,4990.38995361328,0,0,5017.5205078125,0,0,0,0,2867.85717773438,0,0,2097.64501953125,0,521.428649902344,0,1728.49493408203,0,0,118856.3359375,16896.408203125
"NGA",3,1,"LSMS-ISA2015",2015,6,13,1305,1232,1,130050,13,0,1846.15380859375,0,0,0,730,0,0,1800,1767.98522949219,0,0,4211.53846153846,0,3208.79116586538,0,14038.4619140625,230.769226074219,0,1817.72717285156,0,0,0,0,0,4010.98888221154,4813.18689903846,3529.67037259615,1203.29668719952,0,0,6818.68149038462,3208.79116586538,1604.39558293269,0,0,2847.80224609375,2005.49444110577,0,401.098895733173,0,3810.43960336538,120.329674353966,0,0,0,9826.92307692308,5142.29387019231,0,0,0,1218.4326171875,0,0,0,0,5882.78425480769,0,0,0,0,0,0,481.318697415865,0,467.94873046875,87045.2890625,16896.408203125
"NGA",3,1,"LSMS-ISA2015",2015,6,13,1309,674,0,130051,2,0,0,0,0,0,973.333312988281,0,0,7000,2000,0,0,12166.6669921875,0,5214.28564453125,0,29200,0,0,3360.05078125,0,0,0,0,0,0,0,0,2607.14282226563,0,0,0,7821.4287109375,0,0,0,0,1955.35717773438,0,0,0,70392.8579101563,0,0,0,0,6032.96142578125,13035.7138671875,3039.75616455078,0,0,5312.6689453125,0,0,0,0,5735.71435546875,0,7195.82739257813,0,0,0,0,808.214294433594,0,0,183851.96875,7085.59033203125
"NGA",3,1,"LSMS-ISA2015",2015,6,13,1309,674,0,130052,5,0,0,0,0,0,1460,0,0,5200,320,0,0,1946.6666015625,0,15642.8578125,0,2920,720,521.428564453125,1543.14465332031,0,0,0,0,18250,36500,5214.2857421875,0,4171.428515625,0,0,0,6778.571484375,0,0,0,521.428564453125,7821.42890625,0,0,0,0,0,0,0,0,0,0,0,0,0,0,0,0,0,0,2294.2857421875,2448.8521484375,1527.3986328125,0,0,0,0,926.246789550781,0,0,116728.0390625,7085.59033203125
"NGA",3,1,"LSMS-ISA2015",2015,6,13,1309,0,0,130053,2,0,0,0,0,0,730,0,0,0,1954.16662597656,0,0,15208.3330078125,0,2607.14282226563,0,14600,0,0,2328.16528320313,0,0,0,0,9769.67463460562,0,2791.33557501009,0,5582.67115002018,0,0,0,9769.67463460562,0,0,0,3628.73634965693,3349.60285444673,0,0,0,0,0,0,0,0,0,18608.9049296314,8860.35779919182,0,0,17906.6844588171,0,0,2791.33531965056,0,6140.93842945682,0,1116.53428107594,0,0,0,0,960.219456763678,0,0,128704.4765625,7085.59033203125
"NGA",3,1,"LSMS-ISA2015",2015,6,13,1309,674,0,130054,1,0,0,0,0,0,4866.66650390625,0,0,5400,11000,0,0,36500,0,0,0,48666.66796875,63833.33203125,0,5462.0859375,0,0,0,0,0,0,0,0,3128.57153320313,0,0,0,13035.7138671875,0,0,0,0,2607.14282226563,0,0,0,41714.2861328125,0,0,0,0,4021.97412109375,37614.6171875,3410.18676757813,0,0,6640.83642578125,0,0,0,0,5735.71435546875,6270.34375,10319.7436523438,0,0,0,0,724.785736083984,0,0,310952.6875,7085.59033203125
"NGA",3,1,"LSMS-ISA2015",2015,6,13,1309,674,0,130055,2,0,0,0,0,0,0,0,0,3200,2550,0,0,15208.3330078125,0,0,0,17641.66796875,1000,0,3313.62573242188,0,0,0,0,9477.33045495199,0,0,0,5415.61732862207,0,0,0,12185.1388595363,0,0,0,1353.90433215552,3384.76076545711,0,0,0,0,0,0,0,0,0,27078.0861236569,14365.0267998721,0,0,16451.2165877389,0,0,1128.2536724636,0,15885.8112295623,0,5123.34870968253,0,0,0,0,693.199013772959,0,0,155455.3125,7085.59033203125
"NGA",3,1,"LSMS-ISA2015",2015,6,13,1309,674,0,130056,3,0,0,0,0,0,608.333333333333,0,0,0,1000,0,0,12166.6666666667,0,6952.380859375,0,1703.33337402344,666.666687011719,0,2240.03393554688,0,0,0,0,3476.1904296875,0,4171.4287109375,0,0,0,0,3476.1904296875,0,0,0,0,1738.09521484375,1303.57145182292,0,0,0,0,0,0,0,0,0,17099.3014322917,0,0,0,3017.0712890625,0,0,0,0,3823.8095703125,0,1924.8388671875,0,0,0,0,319.809529622396,0,0,65687.71875,7085.59033203125
"NGA",3,1,"LSMS-ISA2015",2015,6,13,1309,674,0,130057,2,0,0,0,0,0,1216.66662597656,0,0,17900,600,0,0,7300,0,31285.71484375,0,7300,1700,521.428588867188,3360.05078125,0,0,0,0,18250,0,7821.42846679688,0,3128.57153320313,0,0,0,15642.8569335938,0,0,0,0,13035.7138671875,0,0,0,0,0,0,0,0,0,21726.189453125,0,0,0,0,0,0,0,0,5735.71435546875,3759.40673828125,4196.224609375,0,0,0,0,1199.28573608398,0,0,165679.25,7085.59033203125
"NGA",3,1,"LSMS-ISA2015",2015,6,13,1309,0,0,130059,5,0,2400,0,0,0,1095,0,0,4320,4011.90478515625,0,0,6083.333203125,0,5214.285546875,0,18493.33203125,0,0,4800,0,0,0,0,11018.8777409558,0,0,0,3148.25083920644,0,0,13642.4203715129,3148.25083920644,0,0,0,3672.95929581339,3672.95924698527,0,0,0,4197.66775242034,839.53354588753,0,0,0,0,13992.2263009473,4514.03350275193,0,0,10018.9625421237,0,0,0,0,7136.0352472831,0,2955.7510615776,0,0,0,0,0,0,1095,129470.78125,7085.59033203125
"NGA",3,1,"LSMS-ISA2015",2015,6,13,1309,674,0,130060,3,0,0,0,0,0,0,0,0,8200,400,0,0,3244.4443359375,0,10428.5716145833,0,0,133.33332824707,869.047607421875,2380.58862304688,0,0,0,0,12166.6666666667,0,3476.1904296875,0,3476.1904296875,0,0,0,5214.28580729167,0,0,0,0,4345.23795572917,0,0,0,0,0,0,0,0,0,17292.7239583333,0,0,0,3771.3388671875,0,0,0,0,1303.57145182292,0,2834.56673177083,0,0,0,0,260.714294433594,0,0,79797.46875,7085.59033203125
"NGA",3,1,"LSMS-ISA2015",2015,6,13,1305,0,0,130061,7,0,4800,0,0,0,347.619035993304,0,0,3657.14285714286,2411.49658203125,0,0,7821.42857142857,0,3724.48967633929,0,10428.5712890625,0,0,61714.28515625,0,0,0,0,0,0,0,0,0,0,0,3007.37429070614,10901.7320485561,2255.53078657265,0,0,3533.66483234212,1879.6088962084,0,0,0,0,375.921786338268,0,0,0,15788.7152269907,11690.126234013,6969.80222972494,0,0,5958.0061944683,0,0,0,3157.74332683884,4410.8157382992,0,0,0,0,0,0,472.157802556195,0,869.047668457031,166175.28125,11445.953125
"NGA",3,1,"LSMS-ISA2015",2015,6,13,1305,10,0,130062,7,0,2400,0,0,0,2259.52385602679,0,0,6028.57142857143,1674.48986816406,0,0,1738.09528459821,0,11173.4698660714,0,5214.28564453125,600,0,4032.71801757813,0,0,0,3792.1684120952,7963.55377889502,2275.30112144329,2275.30112144329,0,1516.86736483808,0,0,7584.33668468147,3033.73472967616,1592.710755779,0,0,4171.38535793641,5688.25294090129,0,0,0,4171.38528818195,0,0,0,0,0,12640.5609492149,0,0,0,3291.31615023764,0,0,0,0,4651.72675527773,1780.96491031117,0,0,0,0,0,227.530115521259,0,0,101778.25,11445.953125
"NGA",3,1,"LSMS-ISA2015",2015,6,13,1305,10,0,130063,6,0,3000,0,0,0,709.722249348958,0,0,833.333333333333,801.388916015625,0,0,7097.22200520833,0,1738.09521484375,0,11355.5556640625,0,0,1681.52734375,0,0,0,1738.09521484375,6083.33333333333,8690.47591145833,2085.71435546875,0,0,0,0,2607.14290364583,3476.1904296875,0,2172.61897786458,0,3910.71423339844,2172.61897786458,0,0,0,6083.33333333333,434.523803710938,0,0,0,0,0,4137.8427734375,0,0,0,0,0,0,0,3823.8095703125,869.047607421875,1343.55818684896,0,0,0,0,156.428568522135,0,0,77002.296875,11445.953125
"NGA",3,1,"LSMS-ISA2015",2015,6,13,1305,10,0,130064,8,0,3750,0,0,0,456.25,0,0,3125,588.392822265625,0,0,912.5,0,0,0,4562.5,500,0,7029.96728515625,0,0,0,0,9514.73316396028,13174.2455358963,2195.70768766641,0,4391.41537533281,1463.80507593576,0,2195.70768766641,2561.65891976896,0,0,0,3659.51267711178,3659.51261607662,0,0,0,5123.31783953792,658.712296378122,0,0,0,0,4691.68324259523,2323.23135549985,0,0,0,0,0,0,0,4489.00239632418,1718.66409371322,485.239306110165,0,0,0,0,117.104406380036,0,0,83347.859375,11445.953125
"NGA",3,1,"LSMS-ISA2015",2015,6,13,1305,10,0,130065,1,4866.66650390625,18000,0,0,0,9125,0,0,0,743.333312988281,0,0,0,0,7821.4287109375,0,36500,0,0,94108.6875,0,0,0,0,0,0,6257.14306640625,12514.2861328125,6257.14306640625,0,0,0,28678.5712890625,7821.4287109375,0,0,7821.42846679688,0,0,9385.71435546875,0,5214.28564453125,0,0,0,0,10054.935546875,25402.931640625,0,0,0,0,0,0,0,0,7647.619140625,0,1555.64331054688,5988.91357421875,0,0,0,1314.00003051758,0,0,307079.15625,11445.953125
"NGA",3,1,"LSMS-ISA2015",2015,6,13,1305,10,0,130067,1,0,0,0,3650,0,9733.3330078125,0,0,4400,4800,0,0,0,0,78214.2890625,0,2676.66674804688,6000,0,9336.666015625,0,0,0,8864.2861328125,0,0,0,0,5214.28564453125,0,0,20857.1430664063,0,0,0,0,13035.7145996094,1303.57141113281,0,0,0,32328.572265625,0,0,0,0,6868.15112304688,11734.0473632813,0,0,0,0,0,0,0,0,5735.71435546875,0,1728.49267578125,0,0,0,0,792.571441650391,0,1825,229098.5,11445.953125
"NGA",3,1,"LSMS-ISA2015",2015,6,13,1305,10,0,130068,1,0,24000,0,0,0,4866.66650390625,0,0,0,2000,0,0,0,0,0,0,5353.33349609375,4000,0,13211.3486328125,0,0,0,0,0,0,0,0,4192.04059372121,0,0,0,20960.2026388375,0,0,0,10480.1009040223,0,0,0,0,0,0,0,0,0,10778.2600786821,19840.6602979535,2284.69146583229,0,0,0,0,0,0,0,12226.7850396633,0,3474.06668380951,5621.35974586988,0,0,0,747.580564333301,0,4866.66650390625,148903.78125,11445.953125
"NGA",3,1,"LSMS-ISA2015",2015,6,13,1305,10,0,130069,5,0,3600,0,1216.66669921875,0,973.33330078125,0,0,2800,1001.42852783203,0,0,0,0,5214.285546875,0,1460,680,0,5645.80517578125,0,0,0,0,10950,16685.7142578125,3754.2857421875,0,4171.428515625,2085.7142578125,0,10428.57109375,3128.571484375,3128.571484375,0,0,3649.99995117188,5214.285546875,0,0,0,8864.2857421875,730,0,0,869.04765625,0,0,0,0,0,0,0,6337.362890625,0,750.857080078125,3059.04765625,0,518.54775390625,0,0,0,0,312.857153320312,0,0,107230.671875,11445.953125
"NGA",3,1,"LSMS-ISA2015",2015,6,13,1305,10,0,130070,2,0,4800,0,0,0,4136.66650390625,0,0,8700,3819.04760742188,0,0,0,0,18250,0,42583.33203125,0,0,5716.30419921875,0,0,0,0,18250,0,0,6257.14306640625,5214.28564453125,0,0,5214.28564453125,10428.5712890625,7821.4287109375,8473.21411132813,0,5214.28576660156,0,0,2607.14282226563,0,13035.7143554688,1825.00006103516,0,0,0,0,17380.953125,2777.65209960938,0,0,0,0,0,0,0,0,0,1728.49267578125,7985.2177734375,0,0,0,0,0,2737.5,204956.21875,11445.953125
"NGA",3,1,"LSMS-ISA2015",2015,6,13,1301,1206,1,130071,6,0,8000,0,202.777770996094,0,9125,0,0,10166.6666666667,966.666687011719,0,0,1013.88891601563,0,0,0,14194.4443359375,1500,0,20000,0,0,0,0,0,0,0,0,1898.99755092161,0,0,2848.49643170108,8640.43901116244,1329.29830511296,0,2848.49643170108,3608.09539366621,0,0,0,0,0,664.64915255648,0,0,0,9969.73727637797,0,3034.79024695664,0,0,0,0,0,0,1424.24821585054,5823.59273374627,1369.14329066133,1101.62849599252,5623.30616558808,0,0,0,375.052021329603,0,0,115729.4140625,16896.408203125
"NGA",3,1,"LSMS-ISA2015",2015,6,13,1301,0,1,130072,4,0,1230,0,0,0,2737.5,0,0,9850,4387.7978515625,0,0,19770.833984375,0,0,0,10950,750,0,6000,0,0,0,0,9125,0,3128.57153320313,5735.71435546875,5214.28564453125,0,0,0,9776.7861328125,6257.14282226563,0,0,4301.78576660156,5866.0712890625,0,1629.46423339844,0,3910.71435546875,0,0,0,0,0,0,0,0,0,0,0,0,0,0,3823.8095703125,0,1303.57141113281,0,0,0,0,860.357147216797,0,1064.58337402344,117673.984375,16896.408203125
"NGA",3,1,"LSMS-ISA2015",2015,6,13,1301,1206,1,130073,6,2027.77783203125,0,0,0,405.555541992188,1825,0,0,11000,3897.619140625,0,0,60833.3333333333,0,0,0,23319.443359375,41555.5546875,0,3314.25952148438,0,0,0,0,0,0,0,0,869.047607421875,0,0,0,8690.47591145833,4258.33325195313,0,434.523803710938,5040.47627766927,0,0,0,4345.23795572917,4345.23795572917,608.333333333333,0,0,0,6083.33333333333,5737.94254557292,1152.58256022135,0,869.047526041667,0,0,0,0,0,5330.15885416667,1253.13557942708,0,2974.2236328125,0,0,0,343.273808797201,0,0,200513.890625,16896.408203125
"NGA",3,1,"LSMS-ISA2015",2015,6,13,1301,0,1,130074,2,0,3000,0,0,0,4745,0,0,23400,7653.9287109375,0,0,8516.6669921875,0,9125,0,79083.3359375,0,0,15000,0,0,0,0,0,0,3128.57153320313,6257.14306640625,5214.28564453125,0,0,31285.71484375,0,4432.14282226563,5214.28564453125,4432.14294433594,6126.78576660156,11732.142578125,0,1825,0,42496.4281005859,2867.85723876953,0,0,0,12338.3110351563,29748.1689453125,0,0,0,0,0,0,0,0,0,0,0,0,145.650421142578,0,0,312.857147216797,0,3041.66674804688,321123.09375,16896.408203125
"NGA",3,1,"LSMS-ISA2015",2015,6,13,1301,0,1,130075,5,0,9600,0,0,0,3406.666796875,0,0,12200,21649.5234375,0,0,36500,0,26071.428125,0,21900,12166.666015625,0,34137.9453125,0,0,0,0,0,0,0,0,4427.58475416583,0,0,7748.27319810563,4427.58475416583,1106.89618854146,0,2213.79242591104,6641.37712163741,0,0,4206.20544536906,0,0,0,0,0,0,15496.5467868363,7984.88597563095,1247.72907706214,7084.13570078564,0,6641.37731694991,0,0,0,0,4870.34335253671,10574.2865747447,0,3788.23526927963,0,0,0,730.551497036561,0,1095,267917.03125,16896.408203125
"NGA",3,1,"LSMS-ISA2015",2015,6,13,1301,1206,1,130076,1,0,12000,0,2433.33325195313,0,1825,0,0,0,5216.66650390625,0,0,0,0,0,0,4866.66650390625,3000,0,18422.255859375,0,0,0,0,0,0,0,0,0,0,0,20857.142578125,26071.427734375,0,0,0,10428.5712890625,0,0,0,0,0,0,0,0,0,4021.97412109375,22859.0185546875,0,0,0,5312.6689453125,0,0,0,0,5735.71435546875,0,1728.49267578125,6992.150390625,0,0,0,724.785736083984,0,0,152495.859375,16896.408203125
"NGA",3,1,"LSMS-ISA2015",2015,6,13,1301,1206,1,130077,5,0,1920,0,0,0,3650,0,0,0,4104.28564453125,0,0,0,0,0,0,24333.33203125,4000,0,9600,0,0,0,1042.85712890625,0,0,0,0,1042.85712890625,0,0,10428.57109375,2607.1427734375,1042.85712890625,0,0,3128.57138671875,0,0,0,0,0,0,0,0,0,2413.1845703125,8556.7765625,602.8330078125,0,0,3620.485546875,0,0,0,0,4866.666796875,0,0,2607.1427734375,0,0,0,450.514294433594,0,0,90018.078125,16896.408203125
"NGA",3,1,"LSMS-ISA2015",2015,6,13,1301,1206,1,130078,4,0,9000,0,0,0,5475,0,0,9750,3653.5712890625,0,0,9125,0,0,0,24333.333984375,1000,0,427450.71875,0,0,0,0,18250,23464.28515625,3910.71435546875,0,5214.28564453125,2607.14282226563,0,26071.427734375,7821.4287109375,5475.00012207031,0,0,6517.85717773438,9776.7861328125,0,0,0,0,0,0,0,0,0,0,0,0,0,0,0,0,0,0,15990.4765625,2951.93896484375,1080.30773925781,0,0,0,0,391.071441650391,0,0,619310.375,16896.408203125
"NGA",3,1,"LSMS-ISA2015",2015,6,13,1301,0,1,130080,11,0,3272.72729492188,0,1106.06063565341,0,1990.90909090909,0,0,2727.27272727273,3985.9306640625,0,0,8848.48508522727,0,1185.06489701705,0,14378.7880859375,2765.1513671875,0,8198.60546875,0,0,0,0,0,6162.33735795455,0,3128.57137784091,2844.15589488636,0,0,11376.623046875,2844.15589488636,948.051935369318,0,0,2844.15585049716,6636.36363636364,0,474.025967684659,0,11613.6360973011,142.207796963778,0,0,0,9954.54545454545,3038.62819602273,3642.01970880682,0,0,2468.51278409091,0,0,0,0,5561.90482954546,0,1074.45889559659,0,0,0,0,227.532470703125,0,1271.9697265625,124712.84375,16896.408203125
"NGA",3,1,"LSMS-ISA2015",2015,4,14,1401,1116,0,140001,2,0,0,0,0,0,1216.66662597656,0,0,0,621.428588867188,0,0,0,0,0,0,0,0,0,2988.57958984375,0,0,0,0,6548.85885159663,0,0,0,0,0,0,0,8186.07320870066,0,6139.5551402503,0,2251.17021367557,0,0,0,0,0,6139.55501817999,0,0,0,0,0,5084.58888758089,0,0,3533.38235236574,0,0,0,0,1309.77173369823,0,2046.51830217517,0,0,0,0,40.9303666780697,0,0,46107.08203125,15521.01171875
"NGA",3,1,"LSMS-ISA2015",2015,4,14,1401,1116,0,140002,3,0,0,0,0,0,4055.5556640625,0,0,0,266.666656494141,0,0,0,0,6952.380859375,0,811.111083984375,666.666687011719,0,8206.896484375,0,0,0,0,0,0,0,0,13383.3336588542,0,0,0,6083.33333333333,695.238118489583,2780.95239257813,1390.47619628906,1390.47619628906,0,0,1390.47623697917,0,0,1738.09521484375,0,0,4110.1533203125,6222.80924479167,10481.7779947917,1799.29573567708,0,4692.85709635417,0,0,0,66482.140625,0,1738.09521484375,2867.85677083333,347.619059244792,3331.34895833333,0,0,0,18139.9194564819,0,0,170025.546875,15521.01171875
"NGA",3,1,"LSMS-ISA2015",2015,4,14,1401,1116,0,140003,3,0,0,0,0,0,1216.66666666667,0,0,0,266.666656494141,811.111083984375,0,0,0,5214.28580729167,0,3244.4443359375,466.666656494141,2433.33333333333,2865.470703125,0,0,0,0,0,0,0,0,0,0,0,0,7829.76432223633,0,0,0,8525.74365744647,5219.8430987008,0,0,0,0,4349.86919446784,0,0,3959.8809151721,5606.49758808769,0,0,0,0,8567.35069822169,0,0,0,0,1739.94764526445,0,1123.71621808727,0,0,0,0,27214.5203663674,0,0,90655.7734375,15521.01171875
"NGA",3,1,"LSMS-ISA2015",2015,4,14,1401,1116,0,140004,5,0,0,0,0,0,365,0,0,800,128.285720825195,0,0,0,0,10428.57109375,0,1946.66662597656,32,1042.85712890625,1789.60961914063,0,0,0,0,0,0,0,0,0,0,0,0,3382.36588224335,0,1691.18294112168,0,225.491061682783,1127.45525958579,112.745530841392,0,0,0,450.982123365567,0,0,6419.38438731943,2018.28385119948,0,2721.77203634124,0,0,0,0,0,0,0,0,0,2706.13181392048,0,0,0,0,0,0,0,37388.78515625,15521.01171875
"NGA",3,1,"LSMS-ISA2015",2015,4,14,1403,0,0,140005,6,4461.11083984375,10000,0,0,0,0,0,608.333312988281,6166.66666666667,16565.873046875,0,0,20277.77734375,0,0,0,16222.22265625,70694.4453125,0,133458.921875,0,0,0,0,0,34585.453125,0,0,0,0,13035.71484375,8690.47591145833,50404.7610677083,0,6517.85709635417,15642.8572591146,11036.9047851563,2607.14290364583,0,19119.0481770833,0,12166.6663411458,0,0,0,0,5381.716796875,0,2698.943359375,3590.03580729167,0,3485.63639322917,0,0,44755.953125,4345.23828125,4910.11905924479,3197.05045572917,3401.70076497396,3643.74153645833,2860.615234375,4924.60286458333,0,6467.82521565755,0,3041.66674804688,548967.125,15521.01171875
"NGA",3,1,"LSMS-ISA2015",2015,4,14,1401,1116,0,140006,6,0,0,0,0,0,202.777770996094,0,0,2350,3994.08715820313,1622.22216796875,0,1297.77775065104,0,0,5069.4443359375,7097.22216796875,7150,0,3186.34399414063,0,0,0,0,2085.71435546875,0,0,0,86.9047648111979,0,0,0,11297.6193033854,0,11210.7140299479,1738.09521484375,2867.85717773438,0,434.523803710938,608.333333333333,0,0,2259.52380371094,0,0,1999.85335286458,0,0,9245.40478515625,0,0,12022.5419514974,0,0,0,0,0,954.141845703125,0,0,0,0,0,0,0,0,88781.09375,15521.01171875
"NGA",3,1,"LSMS-ISA2015",2015,4,14,1401,1116,0,140007,5,0,1200,0,0,0,1946.6666015625,0,0,2600,2470.47607421875,0,0,4866.666796875,0,0,973.33330078125,9733.333984375,8400,0,1719.28247070313,0,0,0,0,0,0,0,0,104.285717773438,2085.7142578125,0,0,17728.571484375,0,1564.2857421875,4171.428515625,3754.2857421875,1877.1427734375,5839.99985351562,3754.285546875,0,12514.2859375,3337.14287109375,0,0,2399.8240234375,3767.201953125,9433.6,7919.83828125,0,0,1042.85712890625,0,0,0,0,0,0,0,0,0,0,6952.38046875,0,0,608.333374023438,122765.21875,15521.01171875
"NGA",3,1,"LSMS-ISA2015",2015,4,14,1401,1116,0,140008,1,0,0,0,0,0,0,0,0,0,2667.14282226563,0,0,3163.33325195313,0,20857.142578125,0,5353.33349609375,1000,0,17819.53515625,0,0,0,0,0,21700.4576707299,0,0,2712.55720884123,10850.2288353649,0,0,0,2170.0458702475,0,0,2712.55720884123,5425.11441768247,0,4340.09174049501,0,0,0,0,0,0,0,0,7981.43169157565,0,0,0,0,37975.8014672412,0,0,18159.7213634528,11923.949502285,860.079103818181,0,0,0,0,245.486436590105,0,0,177918,15521.01171875
"NGA",3,1,"LSMS-ISA2015",2015,4,14,1401,1116,0,140009,3,0,0,0,0,0,2838.88899739583,0,0,0,3630.15844726563,0,0,20277.77734375,0,0,0,9733.3330078125,666.666687011719,0,30596.3125,0,1738.09521484375,0,0,0,0,0,0,1738.09521484375,0,0,0,15642.8567708333,0,0,0,4519.04752604167,3476.1904296875,0,0,0,0,0,0,0,9889.16276041667,4573.22884114583,20963.5559895833,3440.14095052083,0,0,0,0,0,0,0,1738.09521484375,0,3739.80159505208,0,0,0,0,22645.3526789347,0,0,161846.75,15521.01171875
"NGA",3,1,"LSMS-ISA2015",2015,4,14,1401,1116,0,140010,1,0,0,0,0,0,4866.66650390625,0,0,0,2828.8095703125,0,0,0,0,0,0,0,2000,10428.5712890625,33081.7890625,0,0,0,0,0,18761.865880717,0,0,0,0,0,0,31269.7749339868,0,0,6253.95510183798,15634.887711134,0,0,0,0,0,12507.9099595353,0,0,0,6454.77071622484,0,6474.16474198423,0,11107.5677647524,0,0,0,0,5628.55938432454,14071.3989222565,0,1741.95529757852,4794.69878767632,0,5628.55938432454,0,25.0158214513474,0,0,193560.9375,15521.01171875
"NGA",3,1,"LSMS-ISA2015",2015,4,14,1407,68,0,140011,4,0,0,0,0,0,517.083312988281,0,0,2850,1114.58337402344,0,0,0,0,0,0,3041.66674804688,2500,0,1599.71789550781,0,0,0,0,8280.3225411413,0,0,0,1035.04031764266,0,0,2070.08063528533,5175.20158821331,0,4140.16127057065,0,4140.16127057065,2070.08063528533,207.008075050827,5589.21775637756,0,414.016150101654,3105.12102517837,0,0,4022.67286229703,0,0,328.493017191618,0,0,0,0,0,0,0,0,0,4392.61026130237,0,0,0,0,7407.9319091104,0,0,64001.16796875,5173.67041015625
"NGA",3,1,"LSMS-ISA2015",2015,4,14,1407,68,0,140012,8,0,0,0,1368.75,0,1216.66662597656,0,0,1475,1879.52380371094,0,0,0,0,6517.85693359375,0,4562.5,21375,0,1839.96411132813,0,0,0,651.785705566406,10428.5712890625,6517.85693359375,0,3258.92846679688,0,0,0,3258.92846679688,2933.03564453125,0,4562.49987792969,0,5540.17852783203,8147.3212890625,0,0,0,4366.96420288086,9385.71441650391,0,0,1391.65063476563,0,7861.33349609375,103.429328918457,0,2607.14306640625,0,0,0,0,0,0,0,0,0,0,0,0,0,0,0,111250.6015625,5173.67041015625
"NGA",3,1,"LSMS-ISA2015",2015,4,14,1407,68,0,140013,5,0,0,0,0,0,754.333349609375,0,0,1720,736.333374023438,0,0,0,0,15642.8578125,0,2920,7720,0,2610.7021484375,0,0,0,0,0,0,3128.571484375,0,4067.14291992188,0,0,0,7299.9998046875,1460,0,0,4901.42861328125,1042.85712890625,208.571435546875,10428.57109375,0,0,6465.71430664063,0,0,1335.9845703125,1569.0697265625,0,0,0,0,0,0,0,0,0,5214.285546875,0,673.5119140625,0,0,11732.14296875,0,0,0,2433.33349609375,94065.4140625,5173.67041015625
"NGA",3,1,"LSMS-ISA2015",2015,4,14,1407,68,0,140014,2,0,6000,0,0,0,3650,0,0,1500,3007.14282226563,0,0,0,0,13035.7138671875,0,0,1000,5214.28564453125,12944.66015625,0,0,0,14802.0268629181,10361.4191411332,0,5920.81087591485,0,14802.0268629181,0,0,0,13321.8242522216,7104.97335509703,7401.01343145903,0,17762.4328167329,7104.9730558041,1184.16222125348,1480.20271897871,8881.21653043675,0,8881.21616422581,0,0,0,0,0,0,0,0,0,0,0,0,0,0,2098.51533768386,2960.40543795743,0,0,0,0,0,0,11862.5,182281.53125,5173.67041015625
"NGA",3,1,"LSMS-ISA2015",2015,4,14,1407,68,0,140015,2,1825,0,0,0,0,7300,0,0,0,3428.5712890625,0,0,0,0,0,0,0,25000,0,13200.6123046875,0,0,0,0,7821.4287109375,0,13035.7138671875,0,0,0,0,0,7821.4287109375,0,5996.42846679688,0,13687.5,3910.71435546875,0,0,0,0,4562.49987792969,0,0,0,0,0,0,0,0,0,0,0,0,0,0,0,0,0,0,0,0,0,0,0,107589.8984375,5173.67041015625
"NGA",3,1,"LSMS-ISA2015",2015,4,14,1407,68,0,140016,1,6083.33349609375,0,0,0,0,4866.66650390625,7300,0,11000,33200,0,0,85166.6640625,0,20857.142578125,0,36500,30000,0,7092.11767578125,0,0,0,0,15947.4128017481,0,11256.9971856549,0,93808.3074390516,51594.569335619,56284.9854399934,65665.8156956173,46904.1532312445,11256.9971856549,49718.4033821505,83489.3937184121,51594.569335619,14071.2463599984,2814.24929641373,22983.0354934661,0,0,28142.4924758561,0,0,0,0,0,0,0,0,9380.83074390516,0,0,0,0,18761.6614878103,0,4690.41486375092,0,0,0,0,0,0,0,880431.5625,5173.67041015625
"NGA",3,1,"LSMS-ISA2015",2015,4,14,1407,68,0,140017,2,0,24000,0,0,0,7300,0,0,0,1273.21435546875,0,0,0,0,0,0,18250,500,0,32751.005859375,0,0,0,0,0,0,0,0,1303.57141113281,0,0,0,23464.28515625,0,5214.28564453125,0,12775.0001220703,0,0,0,0,0,0,0,0,0,6236.22119140625,0,52142.85546875,0,0,0,0,0,0,0,3258.92846679688,0,1251.42858886719,2452.6455078125,0,0,0,23485.7005786896,0,0,215659.140625,5173.67041015625
"NGA",3,1,"LSMS-ISA2015",2015,4,14,1407,68,0,140018,7,0,0,0,0,0,521.428571428571,0,0,2657.14285714286,777.210876464844,0,0,0,0,7448.97935267857,0,3476.19067382813,457.142852783203,0,1892.94152832031,0,1192.81685546639,0,0,0,3976.05597460356,0,0,3180.84484276817,0,0,5566.47855370094,0,0,0,0,5407.43623665306,1590.42242138408,0,0,0,3180.84484276817,3657.97148001672,0,0,0,2562.34706461224,0,3930.54924124577,2574.69500884918,0,0,0,0,0,0,1789.22520434293,0,0,0,0,0,0,7.95211214436307,0,0,55848.68359375,5173.67041015625
"NGA",3,1,"LSMS-ISA2015",2015,4,14,1407,68,0,140019,2,0,0,0,0,0,0,0,0,0,200,0,0,0,0,0,0,2433.33325195313,1500,2085.71435546875,13414.8486328125,0,0,0,0,5214.28564453125,13035.7138671875,0,0,0,0,0,0,3910.71435546875,0,6517.85693359375,0,4692.85717773438,0,0,0,0,0,1303.57141113281,0,0,1303.57141113281,0,0,0,0,0,0,0,0,0,0,4484.28570556641,0,0,1226.32275390625,0,0,0,460.595232009888,0,0,61783.66796875,5173.67041015625
"NGA",3,1,"LSMS-ISA2015",2015,4,14,1407,68,0,140020,7,69.523811340332,2571.42846679688,0,0,0,486.666678292411,0,0,2171.42857142857,532.857116699219,0,0,695.238071986607,0,0,0,3476.19067382813,857.142883300781,0,3832.81396484375,0,2950.30700771472,0,2950.30700771472,0,11063.6518796673,0,0,4425.46062545608,0,0,4425.46062545608,2212.73031272804,2360.24569727898,0,5163.0371624292,7375.76747515724,0,737.576751928679,2360.24569727898,0,0,1475.15350385736,0,0,0,6351.35533963011,0,4917.17857395921,17392.0605891564,0,0,0,0,0,0,5507.23972638139,2483.48644157895,2950.30700771472,1387.73701273708,3510.86532494562,0,0,3717.38677546991,0,521.428588867188,110932.28125,5173.67041015625
"NGA",3,1,"LSMS-ISA2015",2015,4,14,1408,1996,0,140021,1,0,0,0,0,0,2433.33325195313,0,0,0,1042.85717773438,0,0,0,0,0,0,0,40000,0,26308.60546875,0,0,0,0,0,0,0,0,9598.20478974473,0,0,0,0,8958.32426802181,6398.8029943036,3199.4014971518,12797.6059886072,0,0,18556.5293019072,0,0,3199.4014971518,0,0,0,11454.6457923135,0,5407.43903858175,0,0,0,0,0,35497.8132782663,0,0,0,6398.8029943036,10071.0227504929,0,0,0,25503.8029301802,0,0,226826.59375,3695.47900390625
"NGA",3,1,"LSMS-ISA2015",2015,4,14,1408,1996,0,140022,3,0,0,0,0,0,811.111083984375,0,0,3266.66666666667,3361.111328125,0,0,25144.4453125,0,8690.47591145833,0,12166.6669921875,666.666687011719,695.238118489583,4351.17041015625,0,0,0,3476.1904296875,3476.1904296875,0,1738.09521484375,0,4345.23795572917,0,0,0,10428.5716145833,2085.71435546875,1738.09521484375,2607.14282226563,3823.8095703125,2607.14290364583,0,2085.71435546875,0,12166.6666666667,3650,0,0,0,0,0,0,0,0,0,0,0,0,0,3476.1904296875,3794.7890625,12647.3974405924,0,0,0,0,17.3809521993001,0,0,133317.875,3695.47900390625
"NGA",3,1,"LSMS-ISA2015",2015,4,14,1408,1996,0,140023,7,869.047668457031,0,0,5214.28571428571,0,1738.09528459821,0,0,10685.7142857143,4254.76220703125,0,0,15642.8571428571,0,0,0,34761.90234375,10000,0,21408.56640625,0,0,0,0,7448.97935267857,2607.14285714286,8193.87751116071,0,9013.26534598214,1117.34695870536,11173.4698660714,16387.7550223214,11918.3670479911,7151.02064732143,2830.61223493304,3724.48974609375,5214.28571428571,2979.591796875,1638.77553013393,19367.3468191964,0,71137.7544642857,4022.44893973214,0,0,6361.83147321429,0,0,0,0,0,0,0,0,0,0,1489.7958984375,0,1316.81912667411,0,0,0,0,2563.6905343192,0,2259.52392578125,304493.40625,3695.47900390625
"NGA",3,1,"LSMS-ISA2015",2015,4,14,1408,1996,0,140024,1,0,0,0,0,0,2433.33325195313,0,0,0,2208.33325195313,6083.33349609375,0,7300,0,0,0,19466.666015625,800,0,13053.5107421875,0,0,0,0,0,0,0,0,8171.96866371655,0,0,0,24515.9059911497,0,0,5447.97893512292,18523.1285108573,0,0,0,0,0,6537.57478786717,0,0,14889.7212353433,7818.8584708686,0,2271.92335010954,0,0,0,0,0,0,0,8912.33462315615,0,4685.2618778184,3843.85186588386,0,0,0,87.1676664373378,0,0,157050.859375,3695.47900390625
"NGA",3,1,"LSMS-ISA2015",2015,4,14,1408,1996,0,140025,8,152.08332824707,0,0,0,0,1368.75,304.166656494141,0,247.5,700.148803710938,0,0,0,0,6517.85693359375,0,4562.5,1050,2607.14282226563,11192.4716796875,0,0,0,1629.46423339844,5214.28564453125,3910.71435546875,4562.49987792969,0,3258.92852783203,0,0,0,4236.60705566406,0,0,0,3389.28570556641,1629.46423339844,0,0,0,21834.8209228516,1825,0,0,5659.37890625,0,0,0,0,0,0,9776.7861328125,0,0,0,2607.14282226563,2908.01196289063,0,0,0,0,0,1694.64294433594,0,0,102839.6484375,3695.47900390625
"NGA",3,1,"LSMS-ISA2015",2015,4,14,1408,1996,0,140026,5,0,0,0,3406.666796875,0,7300,0,0,0,1603.33325195313,0,0,4866.666796875,0,6257.14296875,0,14600,8000,0,3694.55322265625,0,0,0,0,5480.80958625645,0,9591.41663801146,0,0,0,0,0,6851.01176432108,0,3425.50588216054,1370.20239656411,4110.60719823939,1370.20239656411,0,0,0,1096.16197242622,10961.6192701692,0,0,0,0,0,0,0,0,0,0,0,0,0,0,0,986.545724036776,0,0,0,0,16.4424294193136,0,0,94988.890625,3695.47900390625
"NGA",3,1,"LSMS-ISA2015",2015,4,14,1408,1996,0,140027,8,0,0,0,0,0,608.333312988281,0,0,3075,450,0,0,3041.66674804688,0,5214.28564453125,0,9125,500,1303.57141113281,6887.01025390625,0,0,0,0,0,6517.85693359375,0,0,4562.50006103516,1955.35717773438,0,0,3910.71423339844,0,977.678588867188,0,5605.35705566406,0,0,0,0,21183.0357055664,977.678588867188,0,0,7332.07061767578,6236.22119140625,0,1630.23474121094,0,0,0,0,0,0,1955.35717773438,2118.30352783203,2559.61791992188,521.428588867188,2146.06494140625,0,1955.35717773438,0,1183.6429271698,0,0,103533.34375,3695.47900390625
"NGA",3,1,"LSMS-ISA2015",2015,4,14,1408,1996,0,140030,8,0,1500,0,0,0,0,0,0,125,282.440490722656,0,0,13687.5,0,0,0,2129.16674804688,3750,0,767.316284179688,0,0,0,0,0,0,1303.57141113281,0,651.785705566406,0,0,0,782.142883300781,0,0,325.892852783203,1955.35711669922,651.785705566406,0,0,0,6843.74987792969,977.678558349609,0,0,0,2800.26440429688,0,0,0,0,0,0,0,0,0,0,0,0,0,0,0,0,0,0,0,38533.65234375,3695.47900390625
"NGA",3,1,"LSMS-ISA2015",2015,4,14,1413,2578,1,140031,4,1520.83337402344,0,0,0,0,3650,0,0,1675,751.785705566406,0,0,0,0,2607.14282226563,0,9125,1250,0,18528.51953125,0,0,0,0,2933.03564453125,0,0,0,3258.92858886719,0,0,0,13687.5002441406,0,1694.64282226563,0,5214.28576660156,1955.35717773438,651.785705566406,0,0,6517.85693359375,10558.9282836914,0,0,0,0,5560.13134765625,0,0,0,0,0,0,0,0,2607.14282226563,2862.42553710938,0,0,0,0,0,0,0,0,96610.296875,5173.67041015625
"NGA",3,1,"LSMS-ISA2015",2015,4,14,1413,2578,1,140032,2,0,1800,0,0,0,1520.83337402344,0,0,5000,1920.83325195313,0,0,0,0,7821.4287109375,0,21900,150,0,5495.89013671875,0,2607.14282226563,0,0,0,13035.7138671875,0,0,6517.85693359375,7821.42846679688,0,6517.85693359375,7821.4287109375,4692.85693359375,2607.14282226563,2607.14282226563,7299.99987792969,0,0,4692.85693359375,0,65178.5727539063,2607.14282226563,0,0,3910.71459960938,7483.46533203125,0,3304.82885742188,0,0,0,0,0,0,0,1355.71429443359,0,3389.28576660156,2452.6455078125,6205,1825,0,3133.04070281982,0,0,212675.8125,5173.67041015625
"NGA",3,1,"LSMS-ISA2015",2015,4,14,1413,2578,1,140033,1,0,0,0,0,0,1703.33337402344,0,0,0,80,0,0,0,0,0,0,0,900,0,13547.7802734375,0,0,0,0,18982.9655704097,0,12655.3099405603,0,3163.82748514009,0,0,0,22146.7927986179,8858.71709030608,6327.65497028017,0,12022.5444898022,12655.3099405603,0,4429.35854515304,0,0,1898.29656860844,0,0,5404.15928200603,0,0,251.027715825001,0,0,0,0,0,0,0,0,15878.3864120196,4086.6106324455,0,0,0,0,1898.29656860844,0,0,146890.375,5173.67041015625
"NGA",3,1,"LSMS-ISA2015",2015,4,14,1413,2578,1,140034,1,0,0,0,0,0,486.666656494141,0,0,600,1142.85717773438,0,0,0,0,0,0,9733.3330078125,0,0,38552.24609375,0,0,0,0,14986.8501498384,11240.1379634344,7493.42507491921,0,7493.42507491921,0,0,0,37467.1251607662,8992.11051116974,22480.2747667871,0,26226.9878691322,7493.42507491921,0,5245.39762265456,0,0,14237.5076758538,0,0,12799.5799223384,0,0,297.275590153803,0,0,10018.3830631231,0,0,0,0,0,0,0,0,0,0,0,2248.02762779243,0,0,239235.046875,5173.67041015625
"NGA",3,1,"LSMS-ISA2015",2015,4,14,1413,2578,1,140035,8,0,0,0,0,0,760.416687011719,0,0,625,341.666656494141,0,0,1520.83337402344,0,3258.92846679688,0,4562.5,1000,0,8730.8984375,0,0,0,0,3299.10759679824,5278.57225253343,0,0,0,0,0,0,6598.21519359647,0,0,0,1187.67878275523,1319.64306313336,0,0,0,1715.53596986633,0,0,0,3003.32564299506,0,0,104.704502793708,0,0,0,0,0,0,0,1319.64306313336,12009.0466417868,5591.94119919378,0,0,0,0,25628.6298130098,0,0,87856.28125,5173.67041015625
"NGA",3,1,"LSMS-ISA2015",2015,4,14,1413,2578,1,140036,3,0,0,0,0,0,811.111083984375,0,0,0,877.777770996094,0,0,0,0,3476.1904296875,0,4055.5556640625,666.666687011719,0,13502.37109375,0,0,0,0,0,9088.24137441705,0,0,0,0,0,0,13632.3630381881,0,0,0,6361.76923438128,0,0,0,0,0,5634.7098036395,0,0,1771.87696251855,3904.57768738996,0,3840.10179512172,0,0,0,0,0,0,0,4089.70864663639,0,4975.81272906644,0,0,0,0,14218.5534682467,0,0,90907.390625,5173.67041015625
"NGA",3,1,"LSMS-ISA2015",2015,4,14,1413,2578,1,140037,3,0,1200,0,0,0,8111.111328125,0,0,1733.33333333333,666.666687011719,0,0,0,0,1738.09521484375,0,8111.111328125,333.333343505859,0,4584.36572265625,0,0,0,1764.57499974265,0,0,0,0,352.915016431112,0,0,0,9705.16257480126,0,4764.35259923335,0,2293.94756456307,0,0,0,0,0,0,0,0,0,3376.65589320842,0,1106.50240087879,0,2061.8674841199,0,0,0,0,0,1411.66006572445,5362.51757505852,2410.11537700822,830.003808497805,0,0,0,1506.06478560467,0,0,63424.35546875,5173.67041015625
"NGA",3,1,"LSMS-ISA2015",2015,4,14,1413,2578,1,140038,5,0,720,0,0,0,608.333349609375,0,0,1440,284.285705566406,0,0,0,0,4171.428515625,0,2920,0,0,2750.61962890625,0,0,0,0,0,4171.428515625,0,0,312.857153320312,0,0,0,4171.428515625,0,521.428564453125,0,1981.42856445313,0,0,0,0,14078.571484375,1042.85712890625,0,0,3964.65546875,2494.4884765625,0,1089.8978515625,0,0,2744.6501953125,0,0,0,0,2104.96713867188,1731.633984375,673.5119140625,981.058203125,0,0,0,1865.22446975708,0,0,56824.75390625,5173.67041015625
"NGA",3,1,"LSMS-ISA2015",2015,4,14,1413,2578,1,140039,3,0,0,0,0,0,1622.22216796875,0,0,2000,438.888885498047,0,0,4055.5556640625,0,10428.5716145833,0,8111.111328125,333.333343505859,0,19503.751953125,0,0,0,0,3816.16493210593,0,2862.12380618645,0,0,0,0,0,7632.32986421186,0,0,0,8777.17934902418,0,0,0,0,17172.7420488675,763.233024118628,0,0,0,0,0,2807.17210275732,0,0,0,0,0,0,0,2289.69898240008,2107.23845317426,1640.95092475384,1795.01094849923,0,0,0,15.2646603484888,0,0,98172.546875,5173.67041015625
"NGA",3,1,"LSMS-ISA2015",2015,4,14,1413,2578,1,140040,5,7300,720,0,0,0,3650,0,0,3680,4328.09521484375,0,0,6083.333203125,0,3128.571484375,730,8760,1200,0,2709.55615234375,0,0,0,0,4171.428515625,0,0,0,1772.8572265625,0,0,15642.8578125,12514.2859375,0,0,0,5214.2857421875,2085.7142578125,1042.85712890625,0,0,5214.285546875,2607.1427734375,0,0,0,0,0,2085.7140625,0,0,2403.10546875,0,0,0,0,2085.7142578125,0,0,0,0,0,0,62.5714294433594,0,0,99192.375,5173.67041015625
"NGA",3,1,"LSMS-ISA2015",2015,4,14,1415,952,0,140041,3,0,2800,0,0,0,2433.33333333333,0,0,5333.33333333333,4149.84130859375,0,0,12166.6666666667,0,12166.6666666667,0,20277.77734375,4000,0,21440.853515625,0,0,0,0,3476.1904296875,6952.380859375,2954.76188151042,0,0,0,0,0,18249.9996744792,0,0,3476.1904296875,9559.52376302083,1738.09521484375,0,0,0,29200.0001627604,1042.85717773438,0,0,0,0,0,137.905771891276,0,0,0,0,0,0,0,3476.1904296875,0,1122.51985677083,0,0,0,0,4171.42879231771,0,0,170326.53125,5666.40087890625
"NGA",3,1,"LSMS-ISA2015",2015,4,14,1415,952,0,140042,4,1520.83337402344,1500,0,7300,0,1520.83337402344,0,0,2600,4226.01171875,0,0,5475,0,7821.4287109375,0,18250,1600,0,3600,0,0,0,0,5866.0712890625,5214.28564453125,3910.71435546875,0,3910.71417236328,0,0,6517.85693359375,7821.42858886719,3650,2607.14282226563,0,8994.64294433594,1303.57141113281,651.785705566406,7039.28588867188,0,15642.857421875,651.785705566406,0,0,0,0,0,0,3842.27685546875,0,0,0,0,0,0,0,0,0,0,0,0,0,8435.96954345703,0,3650,145124.5,5666.40087890625
"NGA",3,1,"LSMS-ISA2015",2015,4,14,1415,952,0,140043,9,0,933.333312988281,0,0,0,270.370361328125,0,0,10622.2222222222,3341.40209960938,0,0,13518.5182291667,0,3765.87282986111,0,5407.40771484375,4866.66650390625,0,69991.2890625,0,0,0,0,2317.46028645833,2896.82530381944,2607.14279513889,579.365071614583,0,0,0,0,9849.2060546875,0,4924.60324435764,1158.73014322917,2723.01586914063,1158.73014322917,0,0,0,71957.1414930556,5214.28564453125,0,0,0,0,0,0,0,2572.50694444444,0,0,0,0,0,1065.42437065972,932.993543836806,0,0,0,0,0,0,0,0,222674.5,5666.40087890625
"NGA",3,1,"LSMS-ISA2015",2015,4,14,1415,952,0,140044,5,730,1200,0,2433.3333984375,0,973.33330078125,0,0,1040,1021.66668701172,0,0,2433.3333984375,0,15642.8578125,0,14600,200,0,40093.69140625,0,0,0,0,0,5214.285546875,0,0,0,0,0,4692.85703125,7300,6778.57109375,1042.85712890625,1564.2857421875,6674.2857421875,0,417.14287109375,6257.14296875,0,14599.9998046875,521.428564453125,0,0,5214.285546875,7483.465625,0,165.486926269531,0,2875.11176757813,0,0,0,0,0,3389.28564453125,2217.721484375,1716.36904296875,1226.32275390625,0,2502.8572265625,0,2636.00755615234,0,0,164858,5666.40087890625
"NGA",3,1,"LSMS-ISA2015",2015,4,14,1415,952,0,140045,2,0,0,0,3041.66674804688,0,1825,0,0,500,11214.880859375,0,0,0,0,6257.14306640625,0,1825,0,0,6526.75537109375,0,0,0,0,10507.7386623558,0,0,0,0,0,0,0,10507.7389064964,0,0,0,3940.40199838342,2626.93466558895,0,0,0,0,5253.8693311779,0,0,0,0,8041.6365875121,0,0,6139.03197163622,999.377283309914,0,0,0,0,4297.39561099956,5735.39519133758,5892.87144229696,0,0,0,0,1882.63648561676,0,0,97015.46875,5666.40087890625
"NGA",3,1,"LSMS-ISA2015",2015,4,14,1415,952,0,140046,3,405.555541992188,0,0,0,0,2433.33333333333,0,0,2366.66666666667,2956.34936523438,0,0,0,0,1738.09521484375,0,5677.77734375,4333.33349609375,0,2975.13452148438,0,0,0,0,2593.48497749357,0,2963.98293652042,0,1481.99146826021,0,0,0,12967.4249192126,1945.11373576558,4168.10076481389,3519.72952308589,6668.96148510063,11114.9358068648,555.746800597579,4631.22302173767,0,8891.94880956126,6483.7123782261,0,0,14053.367594576,0,0,0,0,9957.12964452936,0,0,0,0,0,0,0,0,0,0,0,0,0,0,0,114883.109375,5666.40087890625
"NGA",3,1,"LSMS-ISA2015",2015,4,14,1415,952,0,140047,6,0,1000,6083.33333333333,0,0,405.555541992188,0,0,1233.33333333333,3818.0556640625,0,0,20277.77734375,0,0,0,16222.22265625,49888.88671875,0,18257.53515625,0,0,0,0,0,3476.1904296875,0,0,4779.7617594401,0,0,0,6952.38102213542,0,0,0,5214.28564453125,869.047607421875,0,521.428588867188,0,27114.2861328125,1564.28564453125,0,0,0,3741.73274739583,0,997.941009521484,0,0,0,0,0,0,0,3476.1904296875,2380.95768229167,434.523803710938,0,0,0,0,1064.58333333333,0,0,179774.296875,5666.40087890625
"NGA",3,1,"LSMS-ISA2015",2015,4,14,1415,952,0,140048,8,0,0,0,3041.66674804688,0,1064.58337402344,0,0,2650,2357.14282226563,0,0,1520.83337402344,0,6517.85693359375,0,2433.33325195313,1000,0,4777.462890625,0,0,0,651.785705566406,5214.28564453125,5996.4287109375,0,0,1629.46423339844,0,0,0,6517.85693359375,0,2867.85717773438,0,4171.42858886719,2607.14282226563,0,0,0,8473.21405029297,1303.57141113281,0,0,0,0,0,0,0,0,0,0,0,0,1955.35717773438,0,2678.57763671875,1303.57141113281,0,0,1955.35717773438,0,11889.3311944008,0,0,84578.109375,5666.40087890625
"NGA",3,1,"LSMS-ISA2015",2015,4,14,1415,952,0,140049,2,36.5,0,0,0,0,2433.33325195313,0,0,0,600,0,0,0,0,15642.857421875,0,7300,2000,3910.71435546875,9385.6474609375,0,0,0,0,0,0,0,0,3910.71435546875,0,0,0,10428.5712890625,0,0,0,3519.64282226563,0,0,0,0,15642.8569335938,5996.42834472656,0,0,9171.67016601563,4988.97705078125,23584,5135.35084533691,0,0,6829.58056640625,0,0,0,0,5214.28564453125,8990.97436523438,2987.35107421875,3678.96826171875,0,0,0,4745.0002784729,0,0,156133.421875,5666.40087890625
"NGA",3,1,"LSMS-ISA2015",2015,4,14,1415,952,0,140050,3,608.333312988281,0,0,0,0,1703.33333333333,0,0,3066.66666666667,808.333312988281,0,0,0,0,6952.380859375,0,4866.66650390625,133.33332824707,0,4351.17041015625,0,0,0,0,0,6952.380859375,0,0,4345.23795572917,0,0,0,8690.47623697917,0,3476.1904296875,0,8864.28556315104,0,0,0,0,13904.7620442708,2607.14282226563,0,0,5274.22037760417,8730.70963541667,0,5875.25130208333,0,0,0,0,0,0,0,4866.66666666667,997.388102213542,1122.51985677083,2452.6455078125,0,0,0,3126.08840179443,0,0,103776.1953125,5666.40087890625
"NGA",3,1,"LSMS-ISA2015",2015,4,14,1403,34,1,140051,4,7604.16650390625,12000,10645.8330078125,0,0,0,0,2433.33325195313,23250,16940.1796875,0,0,12166.6669921875,0,19553.572265625,0,30416.666015625,73333.328125,0,60000,0,0,0,0,3258.92846679688,0,6517.85693359375,0,13948.2145996094,5214.28564453125,12383.9287109375,23464.2861328125,19553.5708007813,12253.5717773438,9385.71411132813,23203.5714111328,18249.9998779297,2737.5,2867.85717773438,15251.7858886719,0,13687.4997558594,7430.35723876953,0,0,0,0,0,0,0,0,0,0,0,0,0,0,0,0,0,0,0,0,0,0,66460.4140625,524213.03125,8094.85888671875
"NGA",3,1,"LSMS-ISA2015",2015,6,24,2418,0,1,140052,6,0,26071.4296875,7097.22200520833,0,0,0,0,608.333312988281,7000,0,0,0,16222.22265625,0,8690.47591145833,0,12176.8056640625,0,0,33977.4921875,0,0,0,0,0,0,0,0,5214.28580729167,0,34761.9036458333,0,13035.71484375,0,0,0,5214.28564453125,0,0,0,0,204226.190755208,0,0,0,0,5695.86002604167,1229.31274414063,0,0,0,5214.28580729167,0,0,0,0,3910.71435546875,0,0,7408.15494791667,0,0,0,0,0,1013.88891601563,398768.59375,8094.85888671875
"NGA",3,1,"LSMS-ISA2015",2015,4,14,1403,34,1,140053,6,2271.11108398438,8000,6083.33333333333,0,0,0,0,1013.88891601563,0,12506.3486328125,0,0,20277.77734375,0,0,0,16222.22265625,1666.66662597656,0,223072.765625,0,0,0,0,0,0,0,0,0,0,0,23464.2864583333,4345.23795572917,0,869.047607421875,3476.19051106771,16946.4291178385,0,0,7908.33317057292,0,99071.4264322917,0,0,0,0,8072.57552083333,2620.44449869792,1055.09724934896,0,5157.60888671875,9341.63248697917,0,0,0,8560.119140625,6908.92842610677,1232.06754557292,3128.5712890625,1998.80940755208,86.9047648111979,11468.3248697917,0,3404.39064788818,0,405.555541992188,510636.0625,8094.85888671875
"NGA",3,1,"LSMS-ISA2015",2015,4,14,1403,34,1,140054,5,0,6000,0,0,0,486.666650390625,0,1216.66674804688,0,1330,0,0,7300,0,6257.14296875,0,24333.33203125,0,0,313606.1875,0,0,0,2085.7142578125,0,0,0,0,6361.42868652344,0,0,5214.285546875,0,0,0,6257.14287109375,8551.42866210937,0,0,1460,2607.1427734375,79778.5708984375,0,0,0,406.638549804688,6458.06015625,6257.14296875,3238.73203125,0,0,0,0,0,5965.756640625,1268.60508575439,5713.84794921875,3038.2947265625,646.571435546875,5471.147265625,0,1877.14291992188,0,3942.26093292236,0,0,517129.9375,8094.85888671875
"NGA",3,1,"LSMS-ISA2015",2015,4,14,1403,34,1,140055,2,0,12000,21291.666015625,0,0,1825,0,9125,0,8622.380859375,0,0,6083.33349609375,0,0,0,12166.6669921875,2000,0,373348.4375,0,0,0,0,0,0,0,0,6564.17539837302,0,0,0,39385.0524075265,0,0,12865.7843171869,24418.732801321,0,0,0,0,0,0,0,0,0,12194.9136470284,7917.19923720128,3805.37290601371,0,0,0,0,0,0,3938.50543692958,8533.42811899886,0,2625.67020990618,4026.02755609252,0,3938.50543692958,0,34209.4192450196,0,9125,620010.25,8094.85888671875
"NGA",3,1,"LSMS-ISA2015",2015,4,14,1403,0,1,140059,2,12166.6669921875,18000,18250,0,0,3345.83325195313,0,1825,14700,25683.333984375,0,0,24333.333984375,0,0,0,41366.66796875,9125,0,287979.03125,0,0,0,0,0,0,0,0,7821.4287109375,5214.28564453125,0,31285.71484375,0,0,0,52142.8562011719,15642.8569335938,0,0,0,0,88642.8564453125,6257.14306640625,0,0,0,8072.5751953125,3687.93823242188,1619.36608886719,0,0,3697.71264648438,26071.427734375,0,61786.9990234375,8128.15161132813,17207.1430664063,0,12514.2854003906,4858.322265625,0,5475,0,3880.91856384277,0,2433.33325195313,823215.1875,8094.85888671875
"NGA",3,1,"LSMS-ISA2015",2015,4,14,1403,34,1,140060,6,648.888854980469,10000,12166.6666666667,0,0,0,0,4866.66650390625,0,101857.3046875,0,0,40555.5546875,7502.77799479167,10428.5716145833,0,33458.33203125,22277.775390625,0,202502.359375,0,0,0,0,0,0,0,0,22160.7138671875,0,0,2607.14290364583,39976.1901041667,0,4345.23795572917,19814.2858072917,19553.5715332031,0,0,29026.1907552083,0,60398.8092447917,0,0,0,0,8969.529296875,5320.69954427083,1738.09521484375,0,0,12175.8038736979,34761.9036458333,31601.7317708333,39147.1640625,16033.9287109375,92988.0883789063,1738.09521484375,4479.00606282552,4559.28938802083,651.785725911458,41881.8883463542,0,13759.9209391276,0,17236.111328125,971190,8094.85888671875
"NGA",3,1,"LSMS-ISA2015",2015,4,14,1406,694,0,140061,1,0,0,0,0,0,3650,0,0,0,3823.8095703125,0,0,0,0,0,0,0,10000,0,13897.125,0,0,0,0,0,0,0,0,10428.5712890625,0,0,0,20857.142578125,0,0,0,17207.142578125,0,0,0,0,0,0,0,0,0,3741.73266601563,18919.4086914063,0,0,0,0,0,0,0,4692.85693359375,13869.9995727539,0,2078.08361816406,0,0,4692.85693359375,0,60480.0248336792,0,0,188338.765625,9033.392578125
"NGA",3,1,"LSMS-ISA2015",2015,4,14,1406,694,0,140062,7,0,514.285705566406,0,0,0,347.619035993304,0,0,742.857142857143,574.829956054688,0,0,0,0,8938.77566964286,0,5214.28564453125,285.714294433594,0,3573.92822265625,0,1489.7958984375,0,0,5214.28571428571,7821.42857142857,0,0,2979.591796875,0,0,0,15642.8571428571,1191.83677455357,1117.34695870536,0,744.89794921875,1489.7958984375,0,1787.75516183036,0,0,1191.83677455357,0,0,0,0,0,2828.513671875,0,0,0,0,0,0,0,1489.7958984375,0,2953.98863002232,0,0,0,0,11555.1729311262,0,0,79691.1875,9033.392578125
"NGA",3,1,"LSMS-ISA2015",2015,4,14,1406,694,0,140063,3,0,1200,0,0,0,2595.55550130208,0,0,1093.33333333333,1410.95251464844,0,0,0,0,0,0,2433.33325195313,2133.33325195313,0,15249.6435546875,0,0,0,0,0,0,0,0,6952.380859375,0,0,0,6952.38102213542,0,2780.95247395833,0,3476.19051106771,3476.1904296875,0,0,0,0,8690.47615559896,0,0,0,0,0,6599.865234375,0,0,0,0,0,0,0,0,1144.97013346354,1991.56754557292,0,0,0,0,0,0,0,68181.125,9033.392578125
"NGA",3,1,"LSMS-ISA2015",2015,4,14,1406,694,0,140065,6,0,600,0,0,0,608.333333333333,0,0,1366.66666666667,83.3333358764648,0,0,0,0,13035.71484375,0,10138.888671875,566.666687011719,1738.09521484375,2924.388671875,0,0,0,0,1459.09049423462,0,0,0,4863.63472742911,0,0,2431.81736371456,3039.77176798144,0,0,0,2431.81736371456,1945.45399231283,0,0,12767.0412136273,4863.63480880932,1215.90868185728,0,0,0,0,0,1762.21139369887,0,0,0,0,0,0,0,1823.86308612416,0,3076.79461379519,0,0,0,0,942.329194946937,0,0,73685.453125,9033.392578125
"NGA",3,1,"LSMS-ISA2015",2015,4,14,1406,694,0,140066,1,24333.333984375,0,0,0,0,14600,0,0,9200,800,0,0,0,0,0,0,99766.6640625,16000,0,27687.515625,0,0,0,0,9385.7138671875,0,0,0,7821.4287109375,0,0,0,39107.142578125,0,23464.28515625,5214.28564453125,17728.5717773438,0,0,13557.1430664063,0,15642.857421875,0,0,0,0,0,0,19799.595703125,0,0,5214.28564453125,0,0,0,0,0,0,0,0,0,0,0,0,0,12166.6669921875,361489.46875,9033.392578125
"NGA",3,1,"LSMS-ISA2015",2015,4,14,1406,694,0,140067,3,0,2000,0,0,0,4055.5556640625,0,0,0,133.33332824707,0,0,0,0,0,0,6488.888671875,1333.33337402344,0,4077.36889648438,0,0,0,0,6736.28502261216,0,0,0,4677.97593758364,3742.38068496275,0,0,9355.95187516729,0,5987.80920110079,0,7858.99962496237,1684.07125565304,0,4490.85703227608,3742.38068496275,9355.95187516729,5987.80903834037,0,0,0,0,0,7105.25176739876,0,0,0,0,0,0,0,0,0,0,0,0,0,0,74.8476141137595,0,0,88889.0546875,9033.392578125
"NGA",3,1,"LSMS-ISA2015",2015,4,14,1406,694,0,140068,2,6083.33349609375,4800,0,0,0,4866.66650390625,0,0,2600,2850.59521484375,0,0,0,0,0,0,1216.66662597656,40000,0,8925.271484375,0,0,0,0,4692.85693359375,0,7821.4287109375,0,7560.71435546875,13035.7143554688,0,0,20075,0,11732.142578125,2607.14282226563,7039.28588867188,3128.57153320313,0,12514.2861328125,31285.71484375,6257.14306640625,7821.42846679688,0,0,0,0,0,0,0,0,0,0,0,0,0,0,0,0,0,0,0,0,156.428573608398,0,0,207070.390625,9033.392578125
"NGA",3,1,"LSMS-ISA2015",2015,4,14,1406,694,0,140069,7,173.809524536133,1714.28576660156,0,1390.47614397321,0,2085.71428571429,0,0,3542.85714285714,1179.591796875,0,0,3128.57142857143,0,3352.04073660714,0,6952.38134765625,228.571426391602,0,3428.57153320313,0,0,0,1489.7958984375,0,8938.77566964286,0,0,0,0,0,2979.591796875,2607.14285714286,1787.75516183036,1117.34695870536,744.89794921875,3054.08168247768,0,0,2458.16322544643,0,24209.1834542411,0,0,0,6781.14006696429,4267.06947544643,0,1850.7041015625,0,0,0,0,0,0,0,655.510219029018,1077.61900111607,372.448974609375,0,0,0,0,270.646255493164,0,4258.33349609375,96097.078125,9033.392578125
"NGA",3,1,"LSMS-ISA2015",2015,4,14,1406,694,0,140070,2,0,1800,0,0,0,1216.66662597656,0,0,0,350,0,0,0,0,0,0,2676.66674804688,200,0,17209.78515625,0,0,0,0,0,0,0,0,0,0,0,0,10757.2947050896,0,1344.6618381362,0,2689.32367627239,0,0,0,0,0,2689.32367627239,0,0,12241.0597066235,5551.35667445458,24327.4013074594,2373.92063809139,0,3142.41619012478,2367.77407207669,0,0,0,1613.59428222402,12394.1960767624,1254.36619072267,968.156519433488,2061.81476839578,6400.59044744802,1613.59428222402,0,448.220612265065,0,0,117692.171875,9033.392578125
"NGA",3,1,"LSMS-ISA2015",2015,4,14,1413,670,0,140071,1,1216.66662597656,0,0,0,0,2433.33325195313,0,0,200,1342.85717773438,0,0,0,0,0,3650,0,31000,2085.71435546875,9528.328125,0,0,0,0,7555.55264486687,0,18888.8814404183,0,7555.55264486687,0,0,0,9066.66358263581,4533.33179131791,0,3777.77632243343,21911.1027822485,7555.55264486687,0,10577.7741314806,0,7555.55264486687,11333.3288949085,0,0,0,0,0,0,0,0,0,0,0,0,0,15111.1052897337,0,0,0,0,0,0,0,0,0,176879.0625,3941.84423828125
"NGA",3,1,"LSMS-ISA2015",2015,4,14,1413,670,0,140072,7,0,0,0,2085.71428571429,0,451.904750279018,0,0,6142.85714285714,668.571411132813,0,0,0,0,5214.28571428571,0,3476.19067382813,2000,0,5459.95751953125,0,0,0,0,0,0,1489.7958984375,0,3724.48967633929,0,1862.24483816964,10428.5711495536,7448.9794921875,1117.34695870536,5437.75523158482,5959.18359375,4618.36732700893,3724.48967633929,372.448974609375,744.89794921875,0,34637.7550223214,2234.69391741071,0,0,7809.34974888393,2672.66629464286,0,1212.76843261719,0,0,0,0,0,0,0,3724.48967633929,0,1316.81912667411,0,0,0,0,3712.07498604911,0,0,129748.6796875,3941.84423828125
"NGA",3,1,"LSMS-ISA2015",2015,4,14,1413,670,0,140073,3,608.333312988281,0,0,0,0,3244.4443359375,0,0,5833.33333333333,1200.79357910156,0,0,6083.33333333333,0,0,1216.66666666667,8111.11083984375,3666.66674804688,0,3050.455078125,0,0,0,0,4485.46352859947,0,560.682941074934,0,8522.38104923419,0,0,0,11213.6591192944,3139.82453858113,2915.55128181479,2242.73176429974,8746.65397183636,3364.0977503357,448.546375887755,9643.74708028192,10092.2929254863,25567.1426421346,8970.92740000645,0,0,0,0,0,0,0,0,2998.43476047569,0,0,0,0,4485.46352859947,0,0,0,0,0,0,0,0,0,140412.75,3941.84423828125
"NGA",3,1,"LSMS-ISA2015",2015,4,14,1413,670,0,140074,1,0,0,0,0,0,36500,0,0,400,3194.76171875,0,0,0,0,15642.857421875,0,12166.6669921875,77500,0,32542.701171875,0,0,0,0,0,28343.6624622187,5668.73259817786,0,11337.4651963557,5668.73259817786,0,0,39681.1287159156,0,9636.84573814366,5668.73259817786,22674.9303927114,11337.4651963557,0,0,0,0,9069.97261233255,0,0,9682.80796698667,8529.10382091952,0,224.887261031181,0,0,0,0,0,0,42515.4967037942,0,0,3661.05656205071,0,0,42515.4967037942,0,14266.3110882984,0,0,448429.78125,3941.84423828125
"NGA",3,1,"LSMS-ISA2015",2015,4,14,1413,670,0,140075,1,0,0,0,0,0,5961.66650390625,0,0,0,3000,0,0,0,0,0,0,9733.3330078125,1000,0,262448.1875,0,0,0,0,0,0,0,0,0,7882.25379626628,0,0,26274.1790031692,0,0,2627.41785070855,0,0,0,0,0,0,5254.8357014171,0,0,2627.41785070855,11859.5391177579,7922.46891167925,0,18586.355252461,3684.09684079028,0,0,0,0,7356.77008042043,21019.3428056684,2261.57496999293,7660.22331249266,4028.70727264995,0,6305.80313701,0,357.766718534986,0,0,417851.9375,3941.84423828125
"NGA",3,1,"LSMS-ISA2015",2015,4,14,1413,0,0,140076,4,0,0,0,0,0,1490.41662597656,0,0,0,1500,0,0,3041.66674804688,0,5214.28564453125,0,15208.3330078125,500,0,12780.4423828125,0,0,0,0,0,9125,0,0,2607.14282226563,1303.57141113281,0,0,6517.85717773438,8473.2138671875,3910.71417236328,0,4562.49993896484,0,0,9125,0,10428.5715332031,5866.07147216797,0,0,1977.83264160156,11768.0224609375,0,206.858657836914,0,0,0,0,0,0,0,2653.93768310547,942.288452148438,3977.75524902344,2980.70971679688,866.6201171875,0,0,0,0,0,127028.8203125,3941.84423828125
"NGA",3,1,"LSMS-ISA2015",2015,4,14,1413,670,0,140077,1,0,0,0,0,0,1703.33337402344,0,0,0,4607.142578125,0,0,0,0,20857.142578125,0,9733.3330078125,0,0,17222.3203125,0,0,0,0,0,15642.857421875,0,0,0,0,0,0,20857.142578125,3128.57153320313,13035.7138671875,0,8864.28588867188,0,0,3128.57153320313,0,0,6778.57141113281,0,0,7717.24658203125,9806.685546875,0,413.717315673828,0,0,0,0,0,0,0,8021.978515625,2244.123046875,4171.42858886719,4905.291015625,0,0,0,0,0,0,162839.46875,3941.84423828125
"NGA",3,1,"LSMS-ISA2015",2015,4,14,1413,670,0,140078,3,0,0,0,0,0,608.333333333333,0,0,200,1283.33337402344,0,0,0,0,10428.5716145833,0,8111.111328125,666.666687011719,0,4351.17041015625,0,0,0,3476.1904296875,0,0,0,0,0,0,0,0,6952.380859375,0,0,0,2607.14282226563,1738.09521484375,0,0,0,10428.5716145833,6083.33333333333,0,0,0,9806.68489583333,0,1449.6455078125,0,0,0,0,0,0,0,3476.1904296875,4761.91536458333,3287.89689127604,0,0,0,0,13.9047622680664,0,0,79731.1328125,3941.84423828125
"NGA",3,1,"LSMS-ISA2015",2015,4,14,1413,670,0,140079,7,0,0,0,0,0,869.047642299107,0,0,714.285714285714,259.523803710938,0,0,1390.47614397321,0,3724.48967633929,0,1738.09533691406,428.571441650391,0,1864.78723144531,0,0,0,1496.82242577042,2245.2337084101,0,0,0,0,0,0,0,3742.05599467159,0,0,1871.02799733579,2918.80381419093,0,0,0,0,0,0,0,0,0,0,4513.37769910711,1481.29978141997,0,0,0,0,0,0,0,1496.82242577042,2050.44627220291,0,0,0,0,0,11528.7222140804,0,0,44333.88671875,3941.84423828125
"NGA",3,1,"LSMS-ISA2015",2015,4,14,1413,670,0,140080,7,0,0,0,0,0,347.619035993304,0,0,0,202.380950927734,0,0,0,0,7448.97935267857,0,1042.85717773438,285.714294433594,0,5459.95751953125,0,0,0,0,0,0,0,0,0,0,0,0,4965.34780532547,0,1655.11587989437,0,3724.01074936241,1655.11587989437,0,0,0,9103.1372652437,2730.94127897812,0,0,0,2969.24729834603,4965.34780532547,1380.4372087419,0,0,0,0,0,0,0,0,949.771264659773,1009.62068446805,0,0,0,0,8.27557946822864,0,0,49903.87890625,3941.84423828125
"NGA",3,1,"LSMS-ISA2015",2015,4,14,1410,236,0,140082,1,0,6000,0,0,0,0,0,0,0,4207.142578125,0,0,0,0,0,0,6083.33349609375,0,0,12415.4833984375,0,0,0,0,17927.6943307687,0,0,0,0,0,0,0,8963.84716538436,0,0,0,8963.84716538436,17927.6943307687,0,0,0,0,3585.53902835524,0,0,0,0,0,355.609472722208,0,0,0,0,0,0,0,8963.84716538436,0,5789.15136569308,0,0,0,0,31074.6726080317,0,1216.66662597656,133474.53125,7117.21875
"NGA",3,1,"LSMS-ISA2015",2015,4,14,1410,236,0,140083,1,0,6000,0,0,0,0,0,0,900,4331.4287109375,0,0,0,0,20857.142578125,0,48666.66796875,11400,0,101165.328125,0,0,0,3316.38591544481,0,41454.8214260137,0,0,19069.2187570604,4145.48227223571,0,0,33163.8581778856,1658.19295772241,1658.19295772241,5803.67522995811,19898.314221539,8290.96454447141,0,19069.2174859304,0,0,8290.96454447141,0,0,0,13882.2480040793,0,328.915190780019,0,0,0,0,0,0,0,8290.96454447141,0,3205.83938349757,0,0,0,0,3316.38591544481,0,0,388164.1875,7117.21875
"NGA",3,1,"LSMS-ISA2015",2015,4,14,1410,236,0,140084,8,0,750,0,0,0,0,0,0,500,1312.91662597656,0,0,22812.5,0,13687.5,0,6083.33349609375,9343.75,0,39980.4609375,0,1955.35717773438,0,0,0,0,0,0,1629.46429443359,0,0,0,1629.46423339844,1825,325.892852783203,0,1629.46426391602,2607.14282226563,130.357147216797,1825,0,9124.99987792969,0,0,0,0,0,0,42.2160491943359,0,0,0,0,0,0,0,1303.57141113281,0,782.142883300781,0,0,0,0,40.1934518814087,0,0,119320.7265625,7117.21875
"NGA",3,1,"LSMS-ISA2015",2015,4,14,1410,236,0,140085,5,0,1200,0,0,0,389.333325195313,0,0,2440,893.571472167969,0,0,0,0,2085.7142578125,0,1946.66662597656,480,0,1211.98266601563,0,0,0,0,0,6472.46094131193,0,0,2588.98431607717,0,0,0,4854.34550140221,1618.11523532798,0,0,3451.97909624092,0,0,2696.85869917405,0,0,539.371728447068,0,0,2696.85859224856,8115.31902076069,0,676.441764421141,0,0,0,0,0,0,0,690.395816219219,928.538718634535,539.371728447068,1268.52241748077,107.87435086189,0,0,152.102828301397,0,0,48044.8125,7117.21875
"NGA",3,1,"LSMS-ISA2015",2015,4,14,1410,236,0,140086,2,0,4200,0,0,0,0,0,0,0,1223.21435546875,0,0,0,0,0,0,2433.33325195313,1000,0,4253.1201171875,0,0,0,0,0,0,0,0,0,0,0,0,13265.7743695325,0,0,0,10347.3045068984,0,0,0,0,0,0,0,0,0,3173.14050053533,0,7544.6433319637,0,0,0,0,0,0,0,955.135798754802,0,16007.366080337,2495.93096900202,0,0,0,41482.0761342418,0,0,108381.03125,7117.21875
"NGA",3,1,"LSMS-ISA2015",2015,4,14,1410,236,0,140087,4,0,1500,0,0,0,1216.66662597656,0,0,500,1223.21435546875,0,0,6083.33349609375,0,26071.427734375,0,3041.66674804688,2500,0,8604.892578125,0,0,0,0,9032.2232566231,0,0,0,903.222356842656,0,0,0,13548.3359019562,0,0,0,2709.66713156312,0,0,0,0,1806.44471368531,1806.44471368531,0,0,0,0,0,286.657659038651,0,0,0,0,0,0,0,3612.88942737062,0,12015.3160076096,0,0,0,0,18.0644472194688,0,0,96480.4609375,7117.21875
"NGA",3,1,"LSMS-ISA2015",2015,1,26,2623,0,1,140088,5,0,10800,0,0,0,1216.66669921875,0,0,8480,1312.61901855469,0,0,0,0,0,0,18250,0,0,30000,0,0,0,0,9536.08781047692,2980.02739194591,3576.03302658509,0,2980.02739194591,7152.06605317019,0,14304.1321063404,0,10966.5009760989,5006.44613489039,2384.02195261923,7867.27253832493,7628.87059315318,1788.01651329255,3099.22857576979,0,6079.25611420007,1192.01097630961,0,0,0,0,0,0,0,0,0,0,0,0,0,0,0,0,0,0,0,0,0,0,0,156599.28125,7117.21875
"NGA",3,1,"LSMS-ISA2015",2015,4,14,1410,236,0,140089,4,0,1500,0,0,0,0,0,0,1150,1254.76196289063,0,0,0,0,5866.0712890625,1216.66662597656,4562.5,750,0,3103.87084960938,0,0,0,2826.92884611779,3180.29491521483,0,0,0,4805.77904313396,0,0,0,5653.85769223558,0,9894.25105888214,1413.46442305889,3816.35393232566,2120.1966956235,706.732211529447,0,0,0,3392.31470571065,0,0,0,0,0,0,0,0,0,0,0,0,0,0,3872.51391512856,0,0,0,0,0,785.864111145596,0,0,61872.42578125,7117.21875
"NGA",3,1,"LSMS-ISA2015",2015,4,14,1410,236,0,140090,8,0,750,0,0,0,1520.83337402344,0,0,100,1146.13098144531,0,0,2281.25,0,1629.46423339844,456.25,4562.5,6216.66650390625,0,5816.48193359375,0,0,0,2607.14282226563,3258.92846679688,0,0,0,3780.35705566406,0,0,0,9125,1303.57141113281,3584.82135009766,2933.03564453125,7169.64282226563,1629.46423339844,325.892852783203,5181.69653320313,6517.85693359375,26723.2149658203,4823.21426391602,0,0,0,0,7861.33349609375,5160.21142578125,0,0,651.785705566406,0,0,0,0,726.425720214844,0,2187.3486328125,0,0,0,0,0,0,0,120030.53125,7117.21875
"NGA",3,1,"LSMS-ISA2015",2015,4,14,1404,96,1,140091,1,1216.66662597656,6000,0,0,0,5475,0,0,10000,14472.619140625,0,0,8516.6669921875,0,521428.5625,0,70566.6640625,3000,0,36000,0,0,0,0,0,0,3128.57153320313,0,15642.8571777344,0,0,0,10428.5712890625,11732.1428222656,5735.71435546875,15642.8569335938,11992.8570556641,7821.4287109375,0,14860.7141113281,0,487535.713867188,8864.28576660156,0,0,0,0,0,0,0,0,0,0,0,0,0,0,0,0,0,0,0,0,208.571426391602,0,36500,1306770.5,5666.40087890625
"NGA",3,1,"LSMS-ISA2015",2015,4,14,1404,96,1,140092,4,304.166656494141,1050,0,0,0,3041.66674804688,0,0,5575,4825.59521484375,0,0,0,0,13557.142578125,0,12166.6669921875,2500,0,12000,0,0,0,1955.35717773438,9385.71411132813,3910.71435546875,3650,0,6648.21417236328,2607.14282226563,0,0,6517.85717773438,1303.57141113281,10037.5,1303.57141113281,13296.4285888672,10428.5712890625,0,10037.5001831055,15642.857421875,74694.6430664063,8733.92877197266,0,0,0,0,0,0,0,0,0,0,0,0,0,0,0,0,0,0,0,0,0,0,12775,247948.828125,5666.40087890625
"NGA",3,1,"LSMS-ISA2015",2015,4,14,1404,96,1,140093,4,425.833343505859,2250,0,0,0,4562.5,0,0,0,2776.60717773438,0,0,0,0,10950,0,8212.5,2350,0,6000,0,0,0,0,0,9125,0,0,7821.4287109375,0,0,26071.427734375,11732.1430664063,9776.7861328125,6126.78564453125,6517.85717773438,11471.4284667969,7169.64282226563,2867.85717773438,12514.2854003906,0,55010.7135620117,9124.99987792969,0,0,3029.55517578125,12382.37890625,0,3910.71435546875,0,0,0,0,0,0,0,7821.42846679688,0,1042.85717773438,0,0,0,0,0,0,6235.4169921875,247280.15625,5666.40087890625
"NGA",3,1,"LSMS-ISA2015",2015,4,14,1404,0,1,140094,4,608.333312988281,0,0,0,0,2129.16674804688,0,0,925,1437.20239257813,0,0,0,0,13035.7138671875,0,2433.33325195313,500,0,3600,0,0,0,0,3519.64282226563,0,0,0,391.071441650391,0,0,0,3910.71435546875,0,782.142883300781,1303.57141113281,7169.64288330078,0,0,0,0,24116.0721435547,0,0,0,0,0,0,3128.57153320313,0,0,0,0,0,0,0,1825,0,312.857147216797,0,0,0,0,62.1989784240723,0,3650,74840.234375,5666.40087890625
"NGA",3,1,"LSMS-ISA2015",2015,4,4,417,0,0,140095,6,0,3000,0,0,0,2838.88899739583,0,2433.33325195313,2966.66666666667,849.682556152344,0,0,0,0,2607.14290364583,0,12166.6669921875,200,0,12000,0,0,0,1738.09521484375,0,0,869.047607421875,0,53880.9545898438,5648.80948893229,0,6952.380859375,5214.28580729167,1303.57141113281,2085.71435546875,2172.61901855469,4779.76192220052,2607.14290364583,173.809529622396,4866.66666666667,3476.1904296875,16598.8093261719,2172.61901855469,0,0,0,8718.15299479167,0,0,0,0,0,0,0,0,0,0,0,0,0,0,0,0,0,0,0,162321.03125,5666.40087890625
"NGA",3,1,"LSMS-ISA2015",2015,4,14,1404,96,1,140096,2,973.333312988281,1200,0,0,0,6083.33349609375,0,0,5800,2198.6904296875,0,0,0,0,26071.427734375,0,12166.6669921875,2000,0,36000,0,0,0,3910.71435546875,6257.14306640625,13035.7138671875,0,0,12775,7821.42846679688,0,5214.28564453125,15642.857421875,7039.28564453125,7821.4287109375,8864.28588867188,18510.7142333984,0,1825,17467.857421875,0,70392.8569335938,2607.14282226563,0,0,0,0,0,7300,0,0,0,0,0,0,0,5866.0712890625,0,0,7995.23779296875,0,0,0,15.6428575515747,0,38933.33203125,351789.4375,5666.40087890625
"NGA",3,1,"LSMS-ISA2015",2015,4,14,1404,96,1,140097,7,3493.57153320313,0,2607.14285714286,0,0,1738.09528459821,869.047642299107,0,15085.7142857143,3233.67358398438,0,0,521.428571428571,0,9683.67299107143,0,4345.23779296875,2857.14282226563,0,7714.28564453125,0,0,0,3724.48967633929,5214.28571428571,0,3128.57142857143,0,0,7448.9794921875,0,0,0,23017.3462611607,8342.85707310268,6182.65297154018,5214.28571428571,14897.958984375,4320.40806361607,4990.81609235491,0,13408.1637834821,0,0,0,0,0,0,0,0,3000.07650320871,0,0,6771.79966517857,11021.5495954241,0,0,0,0,0,0,4060.79038783482,4965.98604910714,5632.72635323661,0,34.761905670166,187527.484375,5666.40087890625
"NGA",3,1,"LSMS-ISA2015",2015,4,14,1404,96,1,140098,8,912.5,750,0,0,0,760.416687011719,0,304.166656494141,4500,1695.53564453125,0,0,0,0,3910.71435546875,0,6083.33349609375,100,0,12000,0,0,0,0,0,6517.85693359375,0,0,2607.14282226563,3258.92846679688,0,11732.142578125,12058.0358886719,0,0,9320.53564453125,7169.64294433594,0,0,0,0,24507.1419677734,3128.57153320313,0,0,0,4200.396484375,0,1889.26062011719,0,0,974.663696289063,0,0,0,2045.95539188385,2118.30352783203,0,3243.20495605469,4497.3212890625,162.946411132813,1841.29462432861,0,87.4479122161865,0,0,132377.453125,5666.40087890625
"NGA",3,1,"LSMS-ISA2015",2015,4,14,1404,96,1,140099,3,6083.33349609375,2000,14600,0,0,6083.33333333333,0,4055.5556640625,67200,20385.712890625,0,0,0,0,34761.9036458333,0,32444.4453125,30333.333984375,34761.9036458333,40000,0,0,0,0,2607.14290364583,0,10428.5716145833,0,12166.6663411458,6952.380859375,33023.8098958333,24333.3333333333,34761.9036458333,39802.3821614583,7647.619140625,25202.3811848958,19119.0472005208,0,869.047607421875,17033.3336588542,55619.046875,144261.902994792,13035.7140299479,0,0,0,0,0,0,0,0,0,0,0,0,0,0,0,0,0,0,0,0,0,0,45016.6640625,784590.4375,5666.40087890625
"NGA",3,1,"LSMS-ISA2015",2015,4,14,1404,96,1,140100,6,121.666664123535,400,0,1216.66666666667,0,811.111083984375,0,0,133.333333333333,732.619079589844,0,0,0,0,9385.71419270833,0,4866.66650390625,0,434.523803710938,4000,0,0,0,1738.09521484375,0,0,3476.1904296875,0,3389.28580729167,2607.14290364583,0,5214.28580729167,6952.38102213542,1738.09521484375,10428.5711669922,5214.28564453125,5648.8095296224,0,0,0,0,18249.999593099,2346.42862955729,0,0,0,4667.10774739583,0,0,0,0,0,0,0,4345.23828125,2085.71435546875,0,0,2827.81563313802,1998.80940755208,8.69047609965006,2085.71435546875,0,72.4206339518229,0,0,107197.3671875,5666.40087890625
"NGA",3,1,"LSMS-ISA2015",2015,4,14,1408,968,0,140101,5,0,0,0,0,0,973.33330078125,0,0,3240,648.571411132813,0,0,4380,0,2085.7142578125,0,2433.33349609375,9720,0,2610.7021484375,0,0,0,0,1668.571484375,0,2294.2857421875,0,2085.71430664063,0,0,0,4692.85708007813,0,2398.57138671875,0,2815.71430664063,1042.85712890625,312.857153320312,1877.1427734375,0,14391.4287109375,5318.57153320313,0,0,3128.5716796875,0,0,0,0,0,0,0,0,0,0,0,0,0,0,0,0,0,0,0,0,68118.7890625,6898.2275390625
"NGA",3,1,"LSMS-ISA2015",2015,4,14,1408,968,0,140102,4,0,9000,0,2129.16674804688,0,7604.16650390625,0,0,825,1883.92858886719,0,0,15208.3330078125,0,39107.14453125,0,7300,46083.33203125,0,9000,0,7821.4287109375,0,0,9385.7138671875,13035.7138671875,7821.42846679688,0,11732.1430664063,0,0,0,19553.5712890625,11732.142578125,5214.28564453125,3910.71435546875,11732.1428222656,2607.14282226563,0,12383.9287109375,0,9776.7861328125,6517.85717773438,0,0,5566.6025390625,0,0,0,0,0,0,0,0,0,0,0,0,841.889892578125,0,0,0,0,1042.85717773438,0,12166.6669921875,290984.09375,6898.2275390625
"NGA",3,1,"LSMS-ISA2015",2015,4,14,1408,968,0,140103,7,0,0,0,0,0,347.619035993304,0,0,57.1428571428571,100,0,0,1042.85714285714,0,1489.7958984375,0,3823.80981445313,571.428588867188,0,2723.66357421875,0,0,0,1117.34695870536,2979.591796875,0,1862.24483816964,0,2979.591796875,0,0,0,1117.34695870536,0,3724.48981584821,0,5214.28564453125,1303.57142857143,372.448974609375,0,1862.24483816964,1862.24483816964,3128.57135881696,0,0,0,0,0,0,0,0,0,0,0,0,0,0,0,0,0,0,0,0,0,0,0,37680.296875,6898.2275390625
"NGA",3,1,"LSMS-ISA2015",2015,4,14,1408,968,0,140104,6,0,0,0,0,0,202.777770996094,0,0,3833.33333333333,833.333312988281,0,0,0,0,0,0,2027.77783203125,333.333343505859,521.428588867188,2175.58520507813,0,0,0,0,6695.95424709174,0,0,0,669.595427576161,0,0,0,5356.76342060929,0,4285.41078531556,0,2812.30084658911,0,0,0,0,0,4553.24897650427,0,0,5548.31462235485,0,0,637.532921140451,0,0,0,0,0,0,0,2678.38171030465,3669.02422972668,1507.70574754965,1889.74715851783,0,0,0,0,0,0,50231.54296875,6898.2275390625
"NGA",3,1,"LSMS-ISA2015",2015,4,14,1408,968,0,140105,2,0,0,0,0,0,0,0,0,0,340,0,0,0,0,3910.71435546875,0,4866.66650390625,20000,0,4642.1484375,0,0,0,0,0,0,0,0,0,0,0,0,11016.5822362858,2937.75528911965,4406.63276329443,0,8813.26552658886,3672.19396517189,0,2937.75528911965,0,0,1836.09698258594,0,0,6352.96844966066,6906.42097536867,11072.7886072334,1165.45224317137,0,8581.75746401108,0,0,0,0,0,3672.19396517189,8079.19972398679,1321.98982644425,0,0,0,0,6661.36039662556,0,0,123193.9375,6898.2275390625
"NGA",3,1,"LSMS-ISA2015",2015,4,14,1408,968,0,140106,3,0,0,0,0,0,811.111083984375,0,0,233.333333333333,269.444427490234,0,0,2027.77783203125,0,8690.47591145833,0,2433.33325195313,666.666687011719,0,2975.13452148438,0,0,0,0,5370.84923651823,0,0,0,0,0,0,0,12890.0388397054,0,0,0,5370.84931789844,2148.3397208582,0,0,0,0,11815.8688007629,0,0,1304.60919492994,0,0,0,0,0,0,0,0,0,0,4296.67944171639,0,1074.1698604291,0,0,0,0,17.1867183713173,0,0,62395.86328125,6898.2275390625
"NGA",3,1,"LSMS-ISA2015",2015,4,14,1408,968,0,140107,1,0,0,0,0,0,6083.33349609375,0,0,0,708.333312988281,0,0,0,0,10428.5712890625,0,7300,1400,0,30201.767578125,0,0,0,0,0,0,0,0,2707.8301054947,0,0,0,32493.962319969,0,0,0,13539.150546841,2707.8301054947,0,0,0,0,0,0,0,0,6477.06268098613,0,6864.92125606469,0,0,0,0,0,0,0,5415.6602109894,0,13143.6039880218,0,0,0,0,56467.2808922568,0,0,195939.3125,6898.2275390625
"NGA",3,1,"LSMS-ISA2015",2015,4,14,1408,0,0,140108,8,0,0,0,0,0,2281.25,0,0,1875,5506.25,0,0,3041.66674804688,0,3258.92846679688,0,15208.3330078125,375,0,6887.01025390625,0,0,0,0,0,0,0,0,1629.46423339844,0,0,0,2607.14282226563,0,1303.57141113281,1108.03576660156,2411.6071472168,1303.57141113281,0,0,0,4562.5,2281.25,0,0,1189.54125976563,6760.26708984375,0,4949.89892578125,0,0,0,0,0,0,0,1825,4362.017578125,391.071441650391,0,0,0,0,6987.32917118073,0,0,82105.7109375,6898.2275390625
"NGA",3,1,"LSMS-ISA2015",2015,4,14,1408,968,0,140109,6,0,0,0,0,0,283.888895670573,0,0,383.333333333333,315.833343505859,0,0,0,0,2607.14290364583,0,7300,1666.66662597656,0,2488.56103515625,0,0,0,0,4150.67761204768,0,2282.87275549005,0,0,0,0,0,3631.8429567973,0,518.83470150596,0,4150.67761204768,1037.66940301192,0,0,0,3424.30917584201,1037.66940301192,0,0,2215.56452797916,0,0,0,0,2424.98821796601,0,0,0,0,0,2075.33880602384,6871.05429778333,670.161514211669,0,0,0,0,2282.87285913215,0,0,51819.96484375,6898.2275390625
"NGA",3,1,"LSMS-ISA2015",2015,4,14,1408,968,0,140110,4,0,3000,0,912.5,0,912.5,0,0,7150,1260.41662597656,0,0,3041.66674804688,0,5214.28564453125,0,9125,250,0,6577.1513671875,0,0,0,2186.03692476605,5829.43163661573,5829.43163661573,0,0,2914.71581830786,1457.35790915393,0,0,8744.14745492359,0,7286.78948473451,2914.71581830786,8889.88311448821,1457.35790915393,0,0,0,8015.46853615911,0,0,0,5328.61798952761,0,0,0,0,0,0,0,0,0,0,0,0,1844.77226818263,0,0,0,0,1463.43031642958,0,1064.58337402344,102670.2578125,6898.2275390625
"NGA",3,1,"LSMS-ISA2015",2015,4,14,1411,1066,0,140112,4,0,1500,0,0,0,1520.83337402344,0,0,1250,955.952392578125,0,0,0,0,1955.35717773438,0,3041.66674804688,1500,0,3078.86181640625,0,0,0,0,2737.5,0,0,0,2216.07147216797,0,0,5214.28564453125,2607.14282226563,0,1303.57141113281,912.5,3389.28570556641,1955.35717773438,260.714294433594,0,0,651.785705566406,5866.07147216797,0,0,0,0,0,4949.89892578125,0,0,0,0,0,0,0,0,0,0,0,0,0,0,0,0,0,46866.859375,9307.1318359375
"NGA",3,1,"LSMS-ISA2015",2015,4,14,1411,1066,0,140113,4,0,0,0,0,0,486.666656494141,0,0,225,250,0,0,0,0,5735.71435546875,0,3650,2000,0,2231.35083007813,0,0,0,0,3394.9514805565,0,2121.84463307485,0,0,0,0,0,5304.61147011396,0,1379.19897912806,0,4031.50485026898,2546.21364794176,0,0,0,0,4031.5048197514,0,0,0,0,0,878.622917636105,0,0,0,0,0,0,0,0,0,1370.35799475665,0,0,0,0,1060.92231653742,0,0,40698.4609375,9307.1318359375
"NGA",3,1,"LSMS-ISA2015",2015,4,14,1411,1066,0,140114,2,0,3000,0,0,0,1825,0,0,0,1316.66662597656,0,0,0,0,5214.28564453125,0,4866.66650390625,4000,0,7535.2958984375,0,0,0,0,0,0,0,0,5511.72134354874,5511.72134354874,0,0,16535.1645486274,0,0,0,5511.72134354874,5511.72134354874,0,0,0,0,6614.06594086721,0,0,0,7893.32886655631,0,5511.72134354874,0,0,0,0,0,0,2480.27452986975,8956.54714079403,0,1322.81315781938,0,0,2480.27452986975,0,27.5586068961313,0,0,101626.546875,9307.1318359375
"NGA",3,1,"LSMS-ISA2015",2015,4,14,1411,1066,0,140115,2,0,0,0,0,0,6083.33349609375,0,0,1000,808.333312988281,0,0,3041.66674804688,0,13035.7138671875,0,14600,1000,0,13414.8486328125,0,0,0,0,0,0,0,0,0,0,0,0,24916.6480930903,0,0,0,29899.9755659237,0,0,0,0,0,3322.21957495747,0,0,0,11894.3647719228,10017.508726528,6432.38294456157,0,0,7655.54907392451,0,0,0,0,7474.99389148093,0,5647.77346036737,6367.58712235448,0,0,0,33.222195797388,0,0,166646.109375,9307.1318359375
"NGA",3,1,"LSMS-ISA2015",2015,4,14,1411,1066,0,140116,4,0,0,0,0,0,456.25,0,0,700,3377.73803710938,0,0,0,0,0,0,18250,7500,0,8968.53515625,0,0,0,0,6257.14306640625,6517.85693359375,0,0,0,0,0,2607.14282226563,3910.71423339844,0,4562.5,0,1955.3571472168,0,0,0,0,1955.35717773438,4692.85723876953,0,0,0,0,0,2366.01344299316,0,0,1303.57141113281,0,0,0,0,0,0,2058.55657958984,0,0,0,0,0,0,0,77439.59375,9307.1318359375
"NGA",3,1,"LSMS-ISA2015",2015,4,14,1411,1066,0,140117,3,0,2000,0,0,0,4866.66666666667,0,0,5000,7446.42822265625,0,0,4055.5556640625,0,8690.47591145833,0,16222.22265625,4000,1738.09521484375,5939.84521484375,0,0,0,0,0,0,0,0,3476.1904296875,0,0,0,13904.76171875,0,3476.1904296875,3476.1904296875,12514.2856445313,0,0,0,0,0,4171.4287109375,0,0,0,5381.716796875,0,137.905771891276,0,0,12194.7236328125,0,0,0,2085.71435546875,6842.33756510417,1738.09521484375,2860.61507161458,5471.14713541667,4136.66666666667,2085.71435546875,0,1978.5318145752,0,0,145891.5,9307.1318359375
"NGA",3,1,"LSMS-ISA2015",2015,4,14,1411,1066,0,140118,1,0,0,0,0,0,24333.333984375,0,0,0,821.428588867188,0,0,0,0,0,0,0,3000,0,68946.7265625,0,0,0,0,0,0,25298.7115347894,0,0,0,0,0,18070.5079014307,0,4336.92210379994,0,5059.74226885026,8673.84420759988,0,0,0,0,14456.4063973598,0,0,0,10351.5001639018,0,0,0,0,0,0,0,0,36141.0153145802,8260.80354675528,6001.11070584651,7228.20276400121,0,0,36141.0153145802,0,3553.86651760619,0,0,280675.125,9307.1318359375
"NGA",3,1,"LSMS-ISA2015",2015,4,14,1411,1066,0,140119,3,0,60833.33203125,0,0,0,4866.66666666667,0,0,1080,1321.26989746094,0,0,0,0,6952.380859375,1013.88891601563,6488.888671875,5000,0,2115.6904296875,0,0,0,0,2954.76204427083,0,0,0,2085.71435546875,0,0,0,12166.6666666667,0,0,0,6430.95239257813,0,0,1216.66666666667,0,5214.28564453125,0,0,0,0,0,15722.6666666667,1691.25309244792,0,0,4005.17578125,0,0,0,0,3476.1904296875,0,3367.55989583333,0,0,0,0,28689.9514160156,0,0,176693.953125,9307.1318359375
"NGA",3,1,"LSMS-ISA2015",2015,4,14,1411,1066,0,140120,1,0,6000,0,0,0,1825,0,0,0,1336.66662597656,0,0,0,0,0,0,7300,1000,0,12415.4833984375,0,0,0,0,0,0,0,0,0,0,0,0,26071.427734375,0,0,0,8864.28588867188,0,0,0,0,0,0,0,0,0,7483.46533203125,15722.6669921875,3624.11352539063,0,0,0,0,0,0,0,5214.28564453125,0,13944.4357910156,0,0,0,0,69915.1260471344,0,0,180716.96875,9307.1318359375
"NGA",3,1,"LSMS-ISA2015",2015,4,14,1416,2314,0,140121,5,1460,0,0,0,0,2920,0,0,14080,12381.333984375,0,0,0,0,5214.285546875,0,9733.3330078125,40000,0,7643.9404296875,0,0,0,0,2502.8572265625,3128.571484375,0,0,1042.85712890625,0,0,0,5214.285546875,834.2857421875,0,0,4171.428515625,3128.571484375,0,730,15642.8578125,30242.8564453125,3650,0,0,2399.8240234375,0,0,0,0,0,0,0,0,0,0,2085.7142578125,0,0,0,0,0,0,0,0,2068.33349609375,170275.328125,4188.20947265625
"NGA",3,1,"LSMS-ISA2015",2015,4,14,1416,2314,0,140122,3,202.777770996094,2000,0,0,0,608.333333333333,0,0,0,133.33332824707,0,0,0,0,0,0,3244.4443359375,2000,0,8943.232421875,0,0,0,0,0,0,0,0,5085.87436059418,4068.69958796645,0,10171.7487211884,4068.69958796645,0,1017.17489699161,1017.17489699161,9764.87897764997,3051.52477235505,0,0,0,0,3051.52469097484,0,0,0,7348.85563083837,6134.18725464386,897.880940987185,9804.54896862041,0,4776.29970936943,0,0,0,2441.21986762959,1057.86191464345,978.548118608685,2034.34979398323,0,0,2441.21986762959,0,20.3434979101005,0,0,96364.75,4188.20947265625
"NGA",3,1,"LSMS-ISA2015",2015,4,14,1416,2314,0,140123,1,0,4800,0,10950,0,12166.6669921875,0,0,1700,1121.42858886719,0,0,0,0,62571.4296875,0,14600,20000,0,69479.734375,0,0,0,0,0,31285.71484375,0,0,7821.4287109375,0,0,0,13035.7138671875,36500,5735.71435546875,0,3650.00012207031,5214.28564453125,0,33892.85546875,0,5214.28564453125,11732.1427001953,0,0,5937.708984375,5600.52880859375,0,482.469177246094,0,0,12015.52734375,0,0,0,0,5214.28564453125,0,3367.5595703125,0,0,0,0,1564.28576660156,0,0,385653.75,4188.20947265625
"NGA",3,1,"LSMS-ISA2015",2015,4,14,1416,2314,0,140124,7,0,857.142883300781,0,0,0,869.047642299107,0,0,114.285714285714,270.170074462891,0,0,0,0,3128.57142857143,0,2085.71435546875,1328.57141113281,0,14758.654296875,0,0,0,0,0,0,792.874653799961,0,3171.49868495431,0,0,0,7928.74651750838,1427.17432883988,1744.32424123712,0,3092.21123045152,0,317.149876239299,1427.17432883988,0,11179.5331718432,1902.89925487439,0,0,0,2838.6866729945,4781.51946472727,0,0,0,0,0,0,0,0,0,1137.45743935222,777.017171923973,1823.61162598544,0,0,0,1110.02453131996,0,0,68864.0625,4188.20947265625
"NGA",3,1,"LSMS-ISA2015",2015,4,14,1416,2314,0,140125,3,0,1600,0,0,0,1013.88891601563,0,0,213.333333333333,1269.04760742188,0,0,0,0,2780.95247395833,0,0,11333.3330078125,0,6257.09814453125,0,0,0,0,10740.224619142,6244.31668613005,15735.678452542,12488.6333722601,14986.3607772413,4995.45344022019,0,0,12488.6337971404,2497.7267201101,0,0,7742.9529139344,2497.7267201101,0,1748.40875311809,0,2497.7267201101,1748.40875311809,0,0,0,0,0,0,0,0,1248.86336005505,0,0,0,0,13346.7239400305,3421.55112562378,1248.86336005505,0,0,0,0,0,0,0,140145.921875,4188.20947265625
"NGA",3,1,"LSMS-ISA2015",2015,4,14,1416,2314,0,140126,1,0,0,0,0,0,2068.33325195313,0,0,0,3172.14282226563,0,0,0,0,46928.5703125,0,12166.6669921875,4000,0,43335.82421875,0,0,0,0,0,0,0,0,5214.28564453125,0,0,0,39107.14453125,3650,0,0,20335.7145996094,0,0,3650,0,3128.57153320313,6257.14306640625,0,0,0,13454.2939453125,15722.6669921875,6177.77685546875,0,0,0,0,0,0,0,1877.14288330078,0,8612.26196289063,3997.61889648438,0,0,0,40926.45287323,0,0,283782.625,4188.20947265625
"NGA",3,1,"LSMS-ISA2015",2015,4,14,1416,2314,0,140127,3,0,0,0,0,0,608.333333333333,0,0,0,1191.82531738281,0,0,0,0,3476.1904296875,0,1622.22216796875,1666.66662597656,0,22204.90625,0,0,0,0,5561.90494791667,6083.33333333333,2172.61897786458,0,0,0,0,0,10428.5716145833,0,0,0,0,0,0,0,0,0,0,0,0,0,0,0,0,0,0,11052.0182291667,0,0,0,0,1738.09521484375,0,2870.75398763021,0,0,0,0,17.3809521993001,0,0,70694.828125,4188.20947265625
"NGA",3,1,"LSMS-ISA2015",2015,4,14,1416,2314,0,140128,3,0,2000,0,0,0,2027.77783203125,0,0,0,1128.57141113281,0,0,4055.5556640625,0,6952.380859375,0,14600,800,0,32068.421875,0,0,0,0,0,0,0,0,5381.36424724351,0,0,16144.0920779156,8968.94029079233,0,0,0,10403.970539394,0,0,0,0,17937.8802560638,7175.15211264412,0,0,4082.41420172665,4628.4674492435,16226.4592782361,2971.11916387615,0,0,0,0,0,0,2690.68212362175,2511.30326814555,2543.09198853255,1435.03048635567,4125.71227168335,466.384875353843,2690.68212362175,0,53.8136422410431,0,0,174069.265625,4188.20947265625
"NGA",3,1,"LSMS-ISA2015",2015,4,14,1416,2314,0,140129,1,2433.33325195313,0,0,0,0,8516.6669921875,0,0,6000,7157.142578125,0,0,0,0,78214.2890625,0,12166.6669921875,400,0,47451.421875,0,0,0,0,0,0,0,0,10428.5712890625,0,0,0,31285.71484375,6257.14306640625,0,0,27635.7138671875,0,0,6257.14306640625,0,57357.1416015625,5214.28564453125,0,0,0,3741.73266601563,0,4634.9208984375,0,0,0,0,0,0,0,11732.142578125,0,2085.71435546875,0,0,73,0,40788.7483253479,0,0,369831.5,4188.20947265625
"NGA",3,1,"LSMS-ISA2015",2015,4,14,1416,2314,0,140130,2,0,3000,0,0,0,0,0,0,0,340.714294433594,0,0,0,0,26592.857421875,0,6387.5,600,0,13414.8486328125,0,0,0,0,4171.4287109375,6517.85693359375,0,0,4432.14306640625,0,0,0,7821.42834472656,0,0,0,1564.28576660156,0,0,0,0,35196.427734375,0,0,0,0,0,0,413.717315673828,0,0,0,0,0,0,0,8011.75024414063,1496.08215332031,1683.77978515625,0,0,0,0,1911.90478515625,0,0,123556.734375,4188.20947265625
"NGA",3,1,"LSMS-ISA2015",2015,4,14,1415,156,0,140131,4,0,3600,0,3650,0,2433.33325195313,0,0,1750,4085.119140625,0,0,4866.66650390625,0,19553.572265625,0,6083.33349609375,5600,0,66496.03125,0,0,0,2607.14282226563,11732.142578125,5866.0712890625,3910.71435546875,6517.85693359375,4562.5,2607.14282226563,15642.857421875,5214.28564453125,6517.85705566406,5344.64282226563,7039.28552246094,5214.28564453125,8864.28552246094,2607.14282226563,3258.92846679688,10428.5712890625,0,24767.8571777344,7691.07141113281,0,0,0,0,0,0,0,0,0,0,0,0,0,0,0,0,0,0,0,0,0,0,1946.66662597656,260459.390625,15089.8720703125
"NGA",3,1,"LSMS-ISA2015",2015,4,14,1415,156,0,140132,5,0,0,0,2433.3333984375,0,681.333349609375,0,0,1480,1115.95239257813,0,0,0,0,0,0,7300,2000,0,69820.2890625,0,0,0,1947.60543563175,4328.01221734584,7574.02146011085,5842.81670468051,0,4328.01221734584,0,0,0,3787.01073005542,0,3246.0092570855,1082.00305433646,5085.41441218505,2164.00610867292,0,0,0,4219.81207613776,8656.02430839443,0,0,0,0,0,0,0,0,0,0,0,0,0,0,0,0,0,0,0,0,865.602482531668,0,0,137957.25,15089.8720703125
"NGA",3,1,"LSMS-ISA2015",2015,4,14,1415,156,0,140133,1,0,0,0,0,0,0,0,0,300,4493.3330078125,0,0,0,0,0,0,9733.3330078125,3600,0,27558.669921875,0,0,0,0,0,0,0,0,0,0,0,0,0,0,0,0,0,0,0,0,0,178328.572753906,0,0,0,0,0,0,0,0,0,0,0,0,0,0,0,0,0,0,0,0,0,0,0,12166.6669921875,236180.578125,15089.8720703125
"NGA",3,1,"LSMS-ISA2015",2015,4,14,1415,156,0,140134,3,811.111083984375,4000,0,1622.22216796875,0,0,0,0,333.333333333333,1558.73010253906,0,0,486.666666666667,0,104285.71875,0,12166.6669921875,0,0,23571.810546875,0,0,0,0,0,10428.5716145833,0,0,0,0,0,5214.28580729167,6952.380859375,2607.14290364583,2259.52376302083,869.047607421875,6952.380859375,0,0,4345.23811848958,0,26940.4763997396,5214.28564453125,0,0,0,7671.22265625,0,7279.94401041667,0,2030.92643229167,0,0,0,0,0,0,1232.06754557292,2085.71435546875,3923.5888671875,0,0,0,252.023806254069,0,0,245095.078125,15089.8720703125
"NGA",3,1,"LSMS-ISA2015",2015,4,14,1415,156,0,140135,4,12166.6669921875,3000,0,0,0,1672.91662597656,0,0,875,1648.33325195313,0,0,12166.6669921875,0,7821.4287109375,0,12166.6669921875,4812.5,1955.35717773438,7500,0,0,0,2607.14282226563,0,13035.7138671875,0,0,3910.71435546875,5214.28564453125,0,11732.142578125,7169.64306640625,0,0,4562.49987792969,6257.14276123047,0,651.785705566406,0,0,72348.2155761719,4562.5,0,0,0,7483.46533203125,0,4406.4384765625,0,0,0,0,0,0,3910.71435546875,8026.99157714844,0,3579.38995361328,2452.6455078125,0,2346.42846679688,0,2398.5715675354,0,8212.5,240654.46875,15089.8720703125
"NGA",3,1,"LSMS-ISA2015",2015,4,14,1415,156,0,140136,5,0,1200,0,4866.666796875,0,1216.66669921875,0,0,1000,1006.66662597656,0,0,3650,0,6257.14296875,0,4866.6669921875,400,0,3955.50146484375,0,0,0,1042.85712890625,4171.428515625,8342.85703125,1564.2857421875,0,1564.2857421875,0,0,0,7821.42890625,0,2607.14287109375,1042.85712890625,2607.14282226563,1251.42861328125,0,0,0,5214.2857421875,3128.571484375,0,0,0,0,0,0,0,0,0,0,0,0,0,0,0,1170.03486328125,0,0,0,0,19020.8441963196,0,0,88968.75,15089.8720703125
"NGA",3,1,"LSMS-ISA2015",2015,4,14,1415,156,0,140139,2,0,6000,0,0,0,3650,0,0,1350,2752.97607421875,0,0,0,0,13035.7138671875,0,10950,7000,0,20964.380859375,0,0,0,0,5214.28564453125,0,10428.5712890625,0,3910.71423339844,3910.71435546875,0,10428.5712890625,6517.85717773438,0,18250.0002441406,1303.57141113281,13035.7143554688,3128.57153320313,0,0,0,39107.14453125,8342.85717773438,0,0,0,0,0,0,0,0,0,0,0,0,0,0,0,0,0,0,0,0,0,0,0,189281.625,15089.8720703125
"NGA",3,1,"LSMS-ISA2015",2015,4,14,1415,156,0,140140,2,0,3000,0,7300,0,4258.33349609375,0,0,300,1868.57141113281,0,0,0,0,13035.7138671875,0,0,500,0,26002.80859375,0,0,0,1825,5214.28564453125,6778.5712890625,3650,0,3389.28564453125,0,0,0,11732.142578125,0,3910.71435546875,1303.57141113281,5735.71435546875,0,0,0,0,18250.0002441406,9385.71423339844,0,0,0,0,0,0,0,0,0,0,0,0,0,0,0,0,0,0,0,0,0,0,0,127440.421875,15089.8720703125
"NGA",3,1,"LSMS-ISA2015",2015,2,15,1506,398,1,150001,5,4380,7200,0,6083.333203125,0,608.333349609375,0,0,10840,8012.8095703125,0,0,3406.666796875,0,13035.7140625,0,21170,3633.33349609375,0,4176.4677734375,0,2085.7142578125,2085.7142578125,2085.7142578125,8864.2857421875,0,2085.7142578125,0,6674.28583984375,0,0,4692.85703125,0,0,8342.85712890625,3650,3754.2857421875,1877.1427734375,1564.2857421875,5527.14301757813,0,43695.713671875,2085.71430664063,0,0,0,0,0,0,0,0,0,0,0,0,0,0,0,0,0,0,0,0,0,0,1460,183078.078125,5401.10107421875
"NGA",3,1,"LSMS-ISA2015",2015,2,15,1506,398,1,150002,7,5214.28564453125,2914.28564453125,0,2085.71428571429,869.047642299107,1008.09521484375,8690.47600446429,0,9428.57142857143,8635.646484375,0,0,0,0,4096.93889508929,0,4171.4287109375,4285.71435546875,0,29586.84765625,0,0,4469.38783482143,10428.5714285714,0,744.89794921875,0,0,6704.08164760045,2234.69391741071,0,6704.08147321429,0,1787.75516183036,5363.26541573661,0,6331.63253348214,446.938790457589,1862.24483816964,4469.3876953125,0,41341.8364955357,558.673461914063,0,0,0,0,0,0,2946.44391741071,0,0,0,0,0,0,148.979596819196,0,0,0,980.782366071429,372.448974609375,0,0,0,0,178883.140625,5401.10107421875
"NGA",3,1,"LSMS-ISA2015",2015,2,15,1506,398,1,150003,21,0,2571.42846679688,0,1448.41266741071,0,1158.73018973214,0,0,6857.14285714286,267.006774902344,0,0,2607.14285714286,0,0,0,10138.888671875,504.761901855469,0,5004.96875,0,0,3972.7890625,8690.47619047619,0,11173.4694940476,0,0,0,0,0,6455.78199404762,0,0,0,0,2482.99314081101,4965.98623511905,2482.99311755952,372.448986235119,0,90430.6122581845,1415.30608258929,0,0,0,5136.51041666667,0,0,0,0,0,0,0,0,0,2731.29250372024,0,0,0,0,0,0,624.61626906622,0,0,171493.75,5401.10107421875
"NGA",3,1,"LSMS-ISA2015",2015,2,15,1506,398,1,150004,11,3318.18188476563,1636.36364746094,0,1548.48490767045,0,0,0,0,9445.45454545455,6627.921875,884.848449707031,0,1548.48490767045,0,7110.38991477273,0,6083.333984375,857.575744628906,0,1273.80126953125,0,0,0,1659.09090909091,0,10902.5973011364,568.831187855114,0,4503.24671519886,10902.59765625,5688.31178977273,8532.46732954545,0,0,1279.8701615767,2133.11692116477,2701.94806463068,711.038973721591,1422.07794744318,0,0,15548.0520241477,711.038973721591,0,796.062677556818,1830.35529119318,6777.70756392046,0,0,0,0,0,0,0,0,0,4977.27290482955,1381.04305752841,421.356400923295,0,0,0,0,359.245339133523,0,774.242431640625,124916.421875,5401.10107421875
"NGA",3,1,"LSMS-ISA2015",2015,2,15,1506,398,1,150005,2,9733.3330078125,18000,0,2433.33325195313,0,6083.33349609375,0,0,49200,32466.66796875,0,0,0,0,26071.427734375,0,48666.6640625,0,0,12810.234375,0,0,0,0,28678.5708007813,0,6517.85693359375,0,20857.1430664063,15642.857421875,0,11732.142578125,0,3128.57153320313,15642.8569335938,10428.5712890625,24507.1430664063,4692.85693359375,3519.64282226563,8342.85717773438,0,46928.5708007813,5214.28564453125,0,0,0,10786.6708984375,0,6850.56640625,0,0,0,35196.4296875,11732.142578125,52160.47265625,12514.28515625,0,0,0,0,12872.7685546875,2949.7958984375,0,3292.2177734375,0,4866.6669921875,564521,5401.10107421875
"NGA",3,1,"LSMS-ISA2015",2015,2,15,1506,398,1,150006,1,9733.3330078125,20400,0,0,0,0,0,0,14400,13383.333984375,0,0,30416.666015625,0,0,0,97333.328125,4400,0,65496.453125,0,0,0,10428.5712890625,0,0,0,0,26071.427734375,20857.142578125,0,23464.28515625,0,34153.572265625,2607.14282226563,5214.28564453125,9907.14282226563,0,0,21900,0,177285.715820313,0,0,0,0,53322.416015625,12514.2861328125,5124.82568359375,0,0,0,0,0,69350,0,10754.4643554688,0,7569.12353515625,5071.03564453125,3292.625,0,0,1938.98071289063,0,4258.33349609375,760648.4375,5401.10107421875
"NGA",3,1,"LSMS-ISA2015",2015,2,15,1506,398,1,150007,10,1703.33337402344,360,0,3650,0,243.333325195313,0,0,33400,10466.9521484375,0,0,1825,0,0,851.66669921875,30416.666015625,0,0,8661.4921875,0,0,0,15642.8578125,18250,0,782.14287109375,0,10950,0,13035.7140625,14599.999609375,2346.428515625,2867.85717773438,9385.7142578125,4692.85703125,11210.7141601563,938.57138671875,1303.57138671875,1251.42856445313,0,18771.4280273438,365,0,0,0,0,0,0,0,0,0,0,0,0,0,0,0,0,0,0,0,0,0,0,365,218337.75,5401.10107421875
"NGA",3,1,"LSMS-ISA2015",2015,2,15,1506,398,1,150008,8,4562.5,0,0,1064.58337402344,0,228.125,152.08332824707,0,6375,925.595275878906,0,0,0,0,9125,0,5931.25,0,0,6233.72607421875,0,0,0,13687.5,2476.78564453125,0,2248.66076660156,4301.78564453125,2867.85711669922,0,0,5866.0712890625,0,1629.46429443359,6126.78552246094,0,6191.96429443359,3258.92846679688,814.732116699219,2933.03576660156,0,10754.4642333984,260.714294433594,0,0,0,0,0,0,0,0,0,0,0,0,325.892852783203,0,0,0,0,0,0,0,0,0,0,98342.5078125,5401.10107421875
"NGA",3,1,"LSMS-ISA2015",2015,2,15,1506,398,1,150010,1,36500,60000,0,0,0,0,0,0,9860,8864.2861328125,0,0,0,0,0,0,30416.66796875,0,10428.5712890625,114892.421875,0,0,0,10428.5712890625,0,0,0,0,26071.427734375,0,0,0,0,18771.427734375,0,23464.28515625,0,0,3128.57153320313,29200.0008544922,0,391071.4296875,0,0,0,0,0,0,0,0,0,0,0,0,0,0,0,0,0,0,0,0,0,0,0,0,773097.6875,5401.10107421875
"NGA",3,1,"LSMS-ISA2015",2015,2,15,1508,1682,0,150011,9,0,0,0,0,0,0,0,0,7566.66666666667,1773.41259765625,0,0,0,0,4345.23828125,0,4055.5556640625,888.888916015625,1448.41265190972,1231.88952636719,0,0,0,0,0,0,724.206325954861,0,231.746039496528,0,0,6662.69856770833,0,0,1274.60319010417,0,1593.25396050347,0,926.984157986111,0,0,6373.01584201389,637.301595052083,1249.54958767361,486.482747395833,1118.55045572917,3595.55685763889,0,0,0,0,0,0,0,0,0,1305.86697048611,0,1738.09526909722,2034.14453125,0,0,0,99.5692816840278,0,405.555541992188,51767.24609375,6543.6416015625
"NGA",3,1,"LSMS-ISA2015",2015,2,15,1508,1682,0,150012,6,0,0,0,0,0,0,1520.83333333333,0,5083.33333333333,656.90478515625,0,0,912.5,0,0,0,811.111083984375,0,0,32695.349609375,0,18250,0,18250,0,0,1303.57145182292,0,4432.14274088542,0,0,7821.42838541667,0,6778.57145182292,7473.8095703125,0,0,0,2172.61897786458,3128.57153320313,0,23811.9051106771,608.333333333333,0,10216.1373697917,0,25168.9010416667,0,0,0,0,0,0,0,0,0,0,0,1738.09525553385,0,0,0,0,0,0,0,172834.09375,6543.6416015625
"NGA",3,1,"LSMS-ISA2015",2015,2,15,1508,1682,0,150013,6,0,0,0,0,0,912.5,0,0,2150,166.66667175293,0,0,0,0,0,0,6894.44384765625,833.333312988281,0,5224.8583984375,0,0,0,0,0,2607.14290364583,0,0,2607.14290364583,0,0,0,0,0,0,0,2172.61905924479,0,2346.42854817708,0,0,4345.23811848958,695.238118489583,2499.09928385417,2189.17220052083,2705.79150390625,3595.55696614583,0,0,0,0,0,0,0,0,0,7305.69514973958,0,1890.12467447917,6167.72395833333,0,0,0,0,0,0,57308.77734375,6543.6416015625
"NGA",3,1,"LSMS-ISA2015",2015,2,15,1508,1682,0,150014,8,0,0,0,0,0,304.166656494141,0,0,2900,30.4166660308838,0,0,0,0,0,0,5475,1250,0,2673.904296875,0,0,0,0,9125,0,7821.4287109375,0,0,3910.71435546875,0,6191.96435546875,0,0,2802.67858886719,0,2411.60711669922,0,2444.19653320313,0,0,0,0,1405.74328613281,1094.58618164063,1352.89575195313,0,0,0,0,0,0,0,0,0,0,0,0,0,1144.20629882813,617.3671875,0,0,224.030883789063,0,0,53179.90625,6543.6416015625
"NGA",3,1,"LSMS-ISA2015",2015,2,15,1508,1682,0,150015,6,0,0,0,0,0,202.777770996094,0,0,3300,170.238098144531,0,0,0,0,0,0,0,0,0,3880.44555664063,0,6430.95247395833,0,4866.66666666667,0,0,651.785725911458,0,2780.95247395833,0,0,6952.380859375,0,3476.1904296875,3997.6191813151,0,1477.38102213542,1303.57145182292,1042.85717773438,0,0,6083.33317057292,1825,0,5108.06868489583,0,17977.7864583333,0,0,0,0,0,0,0,0,0,521.428588867188,0,0,0,0,0,0,0,0,0,72049.4296875,6543.6416015625
"NGA",3,1,"LSMS-ISA2015",2015,2,15,1508,1682,0,150016,8,0,0,0,0,0,608.333312988281,0,0,10462.5,6588.392578125,0,0,3954.16674804688,0,1303.57141113281,0,11862.5,950,0,3788.171875,0,0,0,3258.92846679688,0,6517.85693359375,0,0,5670.53564453125,0,0,2933.03564453125,977.678588867188,0,782.142883300781,2281.25,2281.25,0,1955.35717773438,4041.07153320313,0,9450.89270019531,0,1874.32446289063,0,1380.35598754883,4967.01025390625,0,0,0,0,0,8212.5,0,0,0,3001.84643554688,838.566162109375,2235.84582519531,1144.20629882813,0,0,0,437.908294677734,0,532.291687011719,104292.4921875,6543.6416015625
"NGA",3,1,"LSMS-ISA2015",2015,2,15,1508,1682,0,150017,7,0,0,0,0,0,0,0,0,9594.28571428571,2262.0068359375,0,0,521.428571428571,0,10056.1227678571,0,7300,2257.14282226563,0,3104.455078125,0,0,0,0,0,0,0,0,297.959193638393,0,0,2607.14285714286,0,0,2458.16329520089,0,2160.2041015625,0,2383.67354910714,0,0,5884.69391741071,521.428571428571,3748.64871651786,4378.34458705357,1438.13630022321,6866.29464285714,0,0,0,0,0,0,0,0,0,1396.68373325893,0,0,2615.32868303571,0,0,0,812.616001674107,0,5214.28564453125,77879.0390625,6543.6416015625
"NGA",3,1,"LSMS-ISA2015",2015,2,15,1508,1682,0,150018,5,0,0,0,0,0,0,0,0,4960,208.571441650391,0,0,0,0,0,0,7300,1040,0,2867.888671875,0,0,0,0,9385.7140625,0,0,8342.85703125,0,0,0,0,0,1564.2857421875,4484.2857421875,0,3128.57138671875,0,5214.285546875,0,0,5422.8572265625,312.857153320312,1499.4595703125,875.6689453125,0,0,0,0,0,0,0,0,0,0,0,0,0,807.373291015625,3661.46015625,1646.3125,0,0,0,0,0,62722.4453125,6543.6416015625
"NGA",3,1,"LSMS-ISA2015",2015,2,15,1508,1682,0,150019,4,0,0,0,0,0,0,0,0,11585,4379.34521484375,0,0,0,0,18250,0,0,1400,0,1375.51232910156,0,0,0,4947.57183957359,7067.95954758273,0,0,0,3392.62080161167,0,0,11450.0948025975,0,0,3251.26158529134,4947.57171750328,2685.8247076854,0,0,2544.46540587665,4947.57183957359,21274.5588736826,1413.59194371192,2032.51615966638,1186.96849898158,3095.9193374903,0,0,0,0,0,0,0,0,0,0,3655.93459126921,1413.59194371192,706.795971855958,2481.5530388966,892.630067729052,0,0,949.734904613375,0,2281.25,123609.859375,6543.6416015625
"NGA",3,1,"LSMS-ISA2015",2015,2,15,1508,1682,0,150020,6,0,0,0,0,0,405.555541992188,0,0,2316.66666666667,40.5555534362793,0,0,0,0,0,0,6083.33349609375,766.666687011719,0,2269.78393554688,0,0,0,0,15642.8567708333,13035.71484375,0,3128.5712890625,0,1738.09521484375,0,0,0,0,3650,0,1303.57141113281,0,2433.33333333333,0,0,12079.7620442708,1738.09525553385,1249.54964192708,729.72412109375,0,0,0,0,0,0,0,0,0,0,0,0,0,0,4111.81608072917,1097.54166666667,0,0,0,0,0,73821.1875,6543.6416015625
"NGA",3,1,"LSMS-ISA2015",2015,2,15,1511,1938,0,150021,11,0,545.454528808594,0,387.121226917614,0,110.60605690696,276.515158913352,0,4927.27272727273,92.8571472167969,0,0,0,0,0,0,497.727264404297,0,0,7505.36767578125,0,0,0,1101.22377209135,1992.69056803784,0,524.392264027567,0,2517.08283206541,0,2621.96127574863,0,0,1363.41987111879,2621.96136452704,0,2097.56912269407,0,367.074589797804,367.074589797804,0,4300.01664468216,812.808040254059,7916.90633732251,1320.96902160908,0,0,0,0,0,0,0,235.976509995677,0,0,0,0,0,0,0,0,0,0,0,0,0,44504.046875,12526.400390625
"NGA",3,1,"LSMS-ISA2015",2015,2,15,1511,1938,0,150022,8,0,1500,0,0,0,0,0,0,2587.5,0,0,0,0,0,0,0,6083.33349609375,425,0,5531.87353515625,0,0,0,0,16294.642578125,9776.7861328125,0,651.785705566406,0,1955.35717773438,0,6191.96435546875,0,0,0,2281.25,3910.71423339844,0,3910.71435546875,0,0,9125,782.142883300781,1590.70947265625,0,0,0,0,0,0,0,0,0,0,0,0,6993.70056152344,0,841.013793945313,3803.27709960938,0,0,0,0,0,0,84236.7734375,12526.400390625
"NGA",3,1,"LSMS-ISA2015",2015,2,15,1511,1938,0,150023,11,0,1963.63635253906,0,0,0,0,0,0,4781.81818181818,1863.09521484375,0,0,3871.21200284091,0,7110.38991477273,0,8295.4541015625,218.181823730469,948.051935369318,5932.12939453125,0,0,0,0,0,3792.20774147727,0,0,4787.66248668324,1896.10387073864,0,8058.44140625,5214.28586647727,0,1659.09093128551,3175.97403231534,2654.54545454545,0,1422.07794744318,1706.49354137074,0,22042.2080965909,948.051957563921,1542.50621448864,910.430930397727,2212.12127130682,3239.57421875,0,0,0,0,0,0,0,0,0,1066.55841619318,0,511.148526278409,922.006480823864,0,0,0,0,0,387.121215820313,103132.5859375,12526.400390625
"NGA",3,1,"LSMS-ISA2015",2015,2,15,1511,1938,0,150024,6,0,2000,0,0,0,811.111083984375,0,0,2783.33333333333,0,0,0,0,0,0,0,3244.4443359375,1166.66662597656,0,7353.88916015625,0,0,0,0,7821.42838541667,0,0,0,0,7386.90478515625,0,3910.71419270833,4345.23795572917,0,1738.09521484375,0,4779.76188151042,0,2607.14290364583,0,0,30416.6676432292,521.428588867188,1413.96402994792,834.561686197917,0,0,2950.35026041667,1029.29760742188,0,0,0,0,0,1605.45100911458,0,2172.61897786458,0,1401.68961588542,5071.0361328125,0,0,0,0,0,0,97365.796875,12526.400390625
"NGA",3,1,"LSMS-ISA2015",2015,2,15,1511,1938,0,150025,4,0,6000,0,1825,0,0,0,0,14325,5406.01171875,1825,0,12166.6669921875,0,9776.7861328125,0,15512.5,2887.5,0,5008.263671875,0,0,0,0,0,9125,0,0,11210.7141723633,0,0,29330.3564453125,8473.2138671875,0,1303.57141113281,0,3258.92855834961,0,0,9385.71417236328,0,69741.0727539063,0,2120.94604492188,1251.84252929688,0,6665.30200195313,0,0,0,40.1098937988281,0,14078.5712890625,0,0,0,5807.923828125,1677.13232421875,0,2535.51782226563,1870.15319824219,0,0,1972.00173950195,0,6691.66650390625,261272.484375,12526.400390625
"NGA",3,1,"LSMS-ISA2015",2015,2,15,1511,1938,0,150026,4,2129.16674804688,1500,0,2129.16674804688,0,0,1520.83337402344,0,8000,465.357147216797,0,0,912.5,0,0,0,1520.83337402344,0,0,5132.25146484375,0,0,2737.5,0,16685.71484375,0,0,0,0,0,0,0,0,0,6517.85717773438,0,1955.35711669922,3650,912.5,0,0,0,4823.21423339844,13120.2705078125,0,0,0,0,1605.49279785156,0,0,0,0,0,0,0,3650,0,1303.57153320313,0,0,0,0,0,0,0,80271.5859375,12526.400390625
"NGA",3,1,"LSMS-ISA2015",2015,2,15,1511,1938,0,150027,8,0,150,0,0,0,0,0,0,3825,75,0,0,0,0,0,0,3345.83349609375,875,0,3726.95629882813,0,0,0,1303.57141113281,9125,6517.85693359375,0,1173.21423339844,0,391.071441650391,0,2933.03564453125,0,0,4106.25,0,5214.28558349609,0,1629.46423339844,0,0,6126.78576660156,260.714294433594,1590.70947265625,0,0,0,0,0,0,0,0,0,0,0,0,0,0,630.760375976563,3432.61889648438,0,0,0,0,0,0,56433.12890625,12526.400390625
"NGA",3,1,"LSMS-ISA2015",2015,2,15,1511,1938,0,150028,11,0,2181.81811523438,0,0,0,0,0,0,5372.72727272727,2338.3115234375,0,0,0,0,6636.36363636364,0,3539.39428710938,0,948.051935369318,4091.81323242188,0,0,0,0,0,3318.18181818182,0,0,3981.81818181818,1185.06489701705,0,11850.6491477273,6636.36363636364,0,3365.58447265625,3792.20774147727,2085.71431107955,0,1422.07794744318,1706.49343039773,0,15642.8572443182,0,1542.50621448864,910.430930397727,3041.66690340909,2159.71626420455,0,0,0,0,0,0,0,0,0,1239.59241832386,0,0,1844.01296164773,0,0,0,1154.07679332386,0,1493.18176269531,93480.671875,12526.400390625
"NGA",3,1,"LSMS-ISA2015",2015,2,15,1511,1938,0,150029,8,1825,0,0,1064.58337402344,0,182.5,228.125,0,5200,127.678573608398,0,0,0,0,0,0,0,0,0,3498.44140625,0,3650,4106.25,0,5866.0712890625,0,651.785705566406,0,1042.85717773438,0,0,0,0,0,3063.39288330078,0,2020.53570556641,912.5,0,0,0,3715.17846679688,1140.625,0,0,0,0,0,0,0,0,0,0,0,0,0,0,0,0,0,0,0,0,0,0,0,38295.52734375,12526.400390625
"NGA",3,1,"LSMS-ISA2015",2015,2,15,1511,1938,0,150030,11,0,763.636352539063,0,0,0,829.545454545455,0,0,2736.36363636364,142.207794189453,0,0,0,0,0,0,1106.06066894531,0,0,4023.1806640625,0,0,0,0,3792.20774147727,9480.51917613636,0,0,0,0,0,5925.32475142046,0,0,12324.6747159091,0,2607.14284446023,0,3555.19495738636,0,0,4266.23366477273,379.220791903409,1928.1328125,2276.07723721591,1844.85777698864,0,0,0,0,0,0,0,0,0,0,0,0,0,3688.02592329545,0,0,0,0,0,0,61668.61328125,12526.400390625
"NGA",3,1,"LSMS-ISA2015",2015,2,15,1502,590,0,150031,2,0,0,0,0,0,6083.33349609375,0,0,6900,0,0,0,0,0,0,0,24333.333984375,3000,0,7659.58203125,0,0,0,0,15642.857421875,26071.427734375,0,0,0,0,0,0,0,0,11210.7143554688,0,6517.85705566406,0,7821.4287109375,625.714294433594,0,10428.5712890625,1042.85717773438,2120.94604492188,0,3382.2392578125,0,0,0,0,0,0,0,0,0,0,0,0,2306.31884765625,10142.0712890625,0,0,0,0,0,0,145289.25,6917.56396484375
"NGA",3,1,"LSMS-ISA2015",2015,2,15,1502,590,0,150032,10,0,0,0,0,0,1216.66669921875,0,0,3720,260.714294433594,0,0,2433.3333984375,0,0,0,1460,700,0,3423.203125,0,0,1564.2857421875,0,3128.571484375,0,521.428564453125,0,0,782.14287109375,0,4171.428515625,0,0,14339.2859375,0,2607.14282226563,0,1564.2857421875,1251.42861328125,0,2607.1427734375,312.857153320312,2545.13515625,0,2705.79140625,0,0,0,0,0,0,0,0,0,0,0,0,0,4056.828515625,0,0,0,0,0,0,55371.67578125,6917.56396484375
"NGA",3,1,"LSMS-ISA2015",2015,2,15,1502,590,0,150033,10,0,0,0,0,0,0,0,0,5770,1735.57153320313,0,0,0,0,6257.14296875,0,2920,680,0,811.652587890625,0,0,0,0,0,0,1303.57138671875,0,2502.8572265625,0,0,2085.7142578125,0,0,1525.178515625,0,1407.85715332031,0,521.428564453125,0,0,3910.7142578125,0,1272.567578125,1001.4740234375,4485.737109375,0,0,0,0,0,0,0,0,2712.837890625,0,984.67626953125,0,1971.45756835938,1014.20712890625,0,0,0,919.157836914063,0,1155.83337402344,46949.63671875,6917.56396484375
"NGA",3,1,"LSMS-ISA2015",2015,2,15,1502,590,0,150034,7,0,0,0,0,0,0,0,0,7014.28571428571,2817.14282226563,0,0,0,0,4096.93889508929,0,6083.33349609375,628.571411132813,0,1159.50366210938,0,0,0,0,0,0,0,0,0,0,0,2979.591796875,3724.48967633929,0,0,0,2681.63267299107,0,893.877580915179,0,0,4096.93875558036,297.959193638393,1211.96916852679,1430.67717633929,1520.83342633929,1696.919921875,0,0,0,0,0,0,0,0,0,2008.57774135045,0,658.9482421875,1448.86732700893,0,0,0,500.466622488839,0,1998.8095703125,48950.33203125,6917.56396484375
"NGA",3,1,"LSMS-ISA2015",2015,2,15,1502,590,0,150035,9,0,0,0,0,0,0,0,0,12133.3333333333,2600,0,0,0,0,2896.82530381944,0,4596.29638671875,0,0,901.836181640625,0,0,0,0,0,0,0,0,0,0,0,2317.46028645833,6952.38107638889,0,695.238118489583,0,695.238091362847,0,0,0,0,4634.92068142361,0,1413.96397569444,1669.12326388889,0,1319.82660590278,0,0,0,0,0,0,0,0,0,1562.22713216146,0,579.365125868056,1126.89680989583,0,0,0,1410.53830295139,0,1351.85180664063,48857.3203125,6917.56396484375
"NGA",3,1,"LSMS-ISA2015",2015,2,15,1502,590,0,150036,3,0,0,0,0,0,3852.77766927083,0,0,5466.66666666667,3041.66674804688,0,0,14194.4440104167,0,0,0,8111.111328125,0,0,7038.70849609375,0,5214.28580729167,8690.47591145833,0,26071.4296875,20857.1432291667,0,0,3476.1904296875,0,0,0,20857.1432291667,15642.8567708333,46059.5234375,0,7821.42854817708,6952.380859375,5214.28580729167,0,0,6952.380859375,695.238118489583,0,0,0,0,0,0,0,0,0,0,0,0,0,0,0,0,0,0,0,0,0,0,0,216210.125,6917.56396484375
"NGA",3,1,"LSMS-ISA2015",2015,2,15,1502,590,0,150037,10,0,0,0,0,0,0,0,0,4980,1743.33337402344,0,0,0,0,3650,0,2311.66650390625,440,0,1051.39379882813,0,0,0,0,2607.1427734375,0,0,0,0,1303.57138671875,0,0,0,0,886.428588867188,521.428564453125,1407.85712890625,0,0,730,0,3597.85712890625,0,1696.7568359375,1001.4740234375,1977.083203125,0,0,0,0,0,0,0,0,0,0,1507.56901855469,0,0,1014.20712890625,0,0,0,919.157836914063,0,0,33346.92578125,6917.56396484375
"NGA",3,1,"LSMS-ISA2015",2015,2,15,1502,590,0,150038,11,0,0,0,0,0,940.151544744318,0,0,3418.18181818182,0,0,0,2765.15145596591,0,0,0,2654.54541015625,0,0,2849.9228515625,0,0,0,0,3792.20774147727,6636.36363636364,1422.07794744318,0,0,948.051935369318,0,0,0,0,8295.45472301136,0,2370.1298828125,0,2844.15589488636,0,0,0,474.025967684659,2313.75923295455,0,1844.85777698864,0,0,0,0,0,0,0,0,0,0,0,0,686.730024857955,2766.01970880682,0,0,0,325.863103693182,0,0,47347.65234375,6917.56396484375
"NGA",3,1,"LSMS-ISA2015",2015,2,15,1502,590,0,150039,9,0,0,0,0,0,1216.66666666667,0,0,3177.77777777778,0,0,0,0,0,0,0,1892.59265136719,0,0,1294.41540527344,0,0,0,0,2317.46028645833,0,0,2085.71419270833,434.523817274306,5793.65060763889,0,0,0,0,3650,0,2896.82538519965,0,1738.09526909722,0,0,1738.09526909722,579.365098741319,1885.28537326389,0,0,0,0,0,0,0,0,0,0,0,0,0,0,579.365125868056,4507.58723958333,0,0,0,0,0,0,35787.41796875,6917.56396484375
"NGA",3,1,"LSMS-ISA2015",2015,2,15,1502,590,0,150040,6,0,0,0,0,0,405.555541992188,304.166666666667,0,5400,130.357147216797,0,0,0,0,0,0,0,0,0,3880.44555664063,0,0,895.885272700939,0,7167.08218160752,0,0,0,3046.01002516718,0,0,0,0,2239.71314188158,1343.82795219953,0,537.531189345566,0,627.119699192546,0,0,537.531189345566,1612.59356639802,9016.96448418974,0,1791.77054540188,0,0,551.691047155219,0,0,0,0,0,0,0,0,0,0,0,0,0,0,0,0,0,39488.2421875,6917.56396484375
"NGA",3,1,"LSMS-ISA2015",2015,2,15,1510,616,0,150041,8,0,0,0,0,0,1520.83337402344,0,0,7000,934.226196289063,0,0,273750,0,0,0,9125,10125,0,14793.73046875,0,0,0,2607.14282226563,0,6517.85693359375,3258.92858886719,0,9776.78570556641,6517.85693359375,0,5540.17846679688,0,0,6843.75,0,6648.21429443359,3910.71435546875,0,4171.42858886719,0,26658.0360412598,0,5302.365234375,0,0,9239.23046875,0,0,0,0,0,7039.28564453125,0,0,0,0,0,5918.90454101563,0,823.15625,0,0,3334.82641601563,0,912.5,432269.96875,5234.91357421875
"NGA",3,1,"LSMS-ISA2015",2015,2,15,1510,616,0,150042,7,3128.57153320313,0,0,347.619035993304,0,0,608.333356584821,0,822.857142857143,1699.82995605469,0,0,834.285714285714,0,0,0,2780.95239257813,114.285713195801,0,4552.369140625,0,0,893.877580915179,0,0,0,1489.7958984375,0,372.448974609375,0,0,0,0,372.448974609375,6033.67333984375,0,4841.83666992188,521.428571428571,223.469395228795,1117.34695870536,0,3501.0204031808,1415.30615234375,7497.29743303571,0,4959.30245535714,9245.71763392857,0,0,0,0,0,6704.08147321429,30540.81640625,0,0,0,0,0,0,0,0,0,0,0,0,94618.9765625,5234.91357421875
"NGA",3,1,"LSMS-ISA2015",2015,2,15,1510,616,0,150043,9,0,0,0,0,0,1284.25922309028,0,0,3777.77777777778,289.682525634766,0,0,6083.33333333333,0,0,0,3717.59252929688,1111.11108398438,0,3303.36352539063,0,0,0,0,5214.28559027778,6952.38107638889,1158.73014322917,0,5793.65060763889,1448.41265190972,0,6952.38107638889,0,0,2607.14279513889,0,3765.87293836806,2896.82530381944,1448.41265190972,0,0,5503.96826171875,463.492078993056,3299.24934895833,0,2254.826171875,0,0,0,0,0,0,0,0,0,0,0,0,1025.03059895833,0,0,0,0,0,0,0,70351.78125,5234.91357421875
"NGA",3,1,"LSMS-ISA2015",2015,2,15,1510,616,0,150044,7,0,0,0,0,0,0,608.333356584821,0,3514.28571428571,520.408142089844,0,0,4866.66685267857,0,0,0,0,0,0,4552.369140625,0,0,0,521.428571428571,3575.51032366071,0,1117.34695870536,0,1042.85714285714,0,0,2234.69391741071,0,744.89794921875,3352.04073660714,0,5214.28571428571,1489.7958984375,744.89794921875,0,0,3352.04080636161,1117.34692382813,3748.64871651786,0,15100.4308035714,0,0,0,0,0,0,0,0,0,0,0,0,0,0,0,0,0,256.035295758929,0,0,57674.3203125,5234.91357421875
"NGA",3,1,"LSMS-ISA2015",2015,2,15,1510,616,0,150045,9,0,0,0,0,0,0,0,0,5633.33333333333,2482.0107421875,0,0,0,0,2896.82530381944,0,0,711.111083984375,0,2130.83959960938,0,0,0,869.047634548611,0,0,1158.73014322917,0,0,0,0,0,0,0,0,0,405.555555555556,0,0,0,0,2896.82541232639,0,3299.24934895833,0,0,0,0,0,0,0,0,0,0,0,0,1453.59621853299,0,1025.03059895833,1126.89680989583,0,0,0,2332.25553385417,0,1216.66662597656,29637.974609375,5234.91357421875
"NGA",3,1,"LSMS-ISA2015",2015,2,15,1510,616,0,150046,6,0,0,0,0,0,0,0,0,5600,507.142852783203,0,0,0,0,0,0,2838.88891601563,0,0,1557.77990722656,0,5214.28580729167,0,6952.380859375,3476.1904296875,0,2607.14290364583,0,1303.57145182292,0,0,0,0,0,0,0,4345.23803710938,0,0,0,0,11645.23828125,1738.09521484375,0,0,0,0,0,0,0,0,0,0,0,0,0,0,0,0,0,0,0,0,0,0,0,47785.9609375,5234.91357421875
"NGA",3,1,"LSMS-ISA2015",2015,2,15,1510,616,0,150047,10,0,0,0,0,0,1095,0,0,3920,0,0,0,2190,0,0,0,2433.33349609375,500,0,3397.53198242188,0,0,0,0,4692.85703125,5214.285546875,0,0,3128.571484375,2607.1427734375,0,2085.7142578125,0,0,7821.428515625,0,3910.71420898438,5214.285546875,1303.57138671875,0,0,4380,312.857153320312,2969.3244140625,0,270.579150390625,0,0,0,0,0,0,0,0,0,0,0,0,504.60830078125,0,0,0,0,0,0,0,57951.80078125,5234.91357421875
"NGA",3,1,"LSMS-ISA2015",2015,2,15,1510,616,0,150048,7,0,0,0,0,0,0,0,0,6085.71428571429,3105.44213867188,0,0,0,0,6704.08147321429,0,0,857.142883300781,0,2739.65087890625,0,0,0,0,4022.44907924107,0,0,0,0,0,0,0,0,0,2607.14278738839,0,2234.69384765625,3724.48967633929,0,0,0,20857.142578125,0,2423.93833705357,0,2563.27818080357,5090.75948660714,0,0,0,0,0,0,0,0,0,472.225690569196,0,0,0,2021.78738839286,0,0,2314.01586914063,0,0,67823.953125,5234.91357421875
"NGA",3,1,"LSMS-ISA2015",2015,2,15,1510,616,0,150049,9,0,0,0,0,0,0,0,0,11933.3333333333,1438.2275390625,0,0,0,0,11587.3012152778,0,0,1333.33337402344,0,3367.26391601563,0,0,0,0,6083.33333333333,0,2317.46028645833,0,0,0,0,2896.82530381944,0,579.365071614583,1216.66666666667,0,1158.73014322917,2896.82530381944,405.555555555556,0,0,8111.11100260417,0,4713.21354166667,0,2365.74088541667,0,0,0,0,0,0,0,0,0,0,734.573296440972,0,0,0,0,0,0,3306.64230685764,0,0,66445.5,5234.91357421875
"NGA",3,1,"LSMS-ISA2015",2015,2,15,1510,616,0,150050,7,0,0,0,0,0,0,434.523821149554,0,3200,1539.45581054688,0,0,0,0,5214.28571428571,0,0,1428.57141113281,0,2079.72729492188,0,0,0,0,5586.73493303571,0,0,0,4841.83649553571,0,0,0,0,744.89794921875,4618.36732700893,0,2234.69391741071,2234.69391741071,0,0,0,3352.04080636161,297.959193638393,2142.08510044643,7505.73325892857,0,0,0,1957.56473214286,0,0,0,0,0,0,0,0,0,0,0,0,0,0,0,0,0,49413.171875,5234.91357421875
"NGA",3,1,"LSMS-ISA2015",2015,2,15,1507,458,0,150051,9,0,2266.66674804688,0,811.111111111111,0,1284.25922309028,0,0,3200,0,0,0,4055.55555555556,0,0,0,9462.962890625,888.888916015625,0,8915.4169921875,0,0,0,0,6952.38107638889,5793.65060763889,0,0,4634.92057291667,2896.82541232639,0,6952.38107638889,0,0,17091.2694227431,1158.73014322917,4055.55544704861,3476.19053819444,4345.23828125,1738.09526909722,0,7357.93657769097,347.619059244792,3299.24934895833,0,1803.86100260417,0,0,0,0,0,0,0,0,0,0,0,0,0,0,0,0,0,0,0,0,102788.75,2804.41796875
"NGA",3,1,"LSMS-ISA2015",2015,2,15,1507,458,0,150052,5,0,7200,0,1703.3333984375,0,0,2409,0,7760,1137.09533691406,0,0,14600,0,12514.2859375,0,54750,1680,0,18447.205078125,0,0,0,9385.7140625,35978.570703125,0,0,0,10220,0,7821.42890625,9385.7140625,22942.85703125,1042.85712890625,9020.714453125,4692.8572265625,4380.00009765625,3337.14296875,730,5631.42861328125,0,53185.7142578125,2085.71435546875,0,0,0,0,0,0,0,0,0,0,0,0,0,0,0,0,0,0,0,0,0,0,0,302041.65625,2804.41796875
"NGA",3,1,"LSMS-ISA2015",2015,2,15,1507,458,0,150053,5,0,2880,0,0,0,0,0,0,1780,2068.33349609375,0,0,0,0,8342.85703125,0,0,0,0,3231.53442382813,0,0,0,0,0,0,2607.1427734375,0,0,0,0,10428.571484375,0,0,0,0,1772.85712890625,0,1251.42861328125,1251.42861328125,5422.85703125,17102.85703125,0,3393.513671875,0,4169.6787109375,4751.37578125,0,0,0,0,0,0,0,0,0,3142.566796875,0,922.5275390625,2028.4142578125,0,0,0,4198.0599609375,0,316.333312988281,81062.34375,2804.41796875
"NGA",3,1,"LSMS-ISA2015",2015,2,15,1507,458,0,150054,8,0,0,0,760.416687011719,0,1444.79162597656,0,0,1875,700.892822265625,0,0,6843.75,0,0,0,12166.6669921875,675,0,10210.521484375,0,0,0,0,7821.4287109375,3910.71435546875,0,0,6354.91058349609,1955.35717773438,0,10428.5712890625,0,0,9776.78527832031,0,6517.85705566406,5214.28564453125,3258.92846679688,2607.14282226563,0,12123.2142333984,391.071441650391,2651.1826171875,0,2536.67944335938,0,0,0,0,0,0,0,0,0,0,0,0,1153.15942382813,0,0,0,0,0,0,0,111378.3125,2804.41796875
"NGA",3,1,"LSMS-ISA2015",2015,2,15,1507,458,0,150055,8,0,2250,0,0,0,0,0,0,4637.5,4515.1787109375,0,0,3802.08325195313,0,7821.4287109375,0,9125,1132.29174804688,1303.57141113281,1884.79260253906,0,0,0,0,0,3258.92846679688,977.678588867188,0,2607.14282226563,0,0,2607.14282226563,0,0,977.678588867188,0,3389.28570556641,0,977.678588867188,1564.28576660156,6517.85693359375,16555.3569335938,0,0,0,3663.56079101563,6665.30200195313,0,0,0,0,0,7625.89306640625,0,0,0,3308.41229248047,0,0,1267.75891113281,0,0,0,1586.85559082031,0,760.416687011719,100783.078125,2804.41796875
"NGA",3,1,"LSMS-ISA2015",2015,2,15,1507,458,0,150056,6,0,1000,0,0,0,0,1520.83333333333,0,2916.66666666667,4423.8095703125,0,0,0,0,3910.71419270833,0,9125,833.333312988281,0,10015.740234375,0,0,0,0,14997.2788522263,0,0,0,4587.4027312091,0,0,0,0,0,3528.77135585167,0,1940.82429570056,4940.27996675855,0,0,0,9704.12115009692,352.87715236609,0,0,11922.4317317201,0,0,0,0,0,0,0,0,0,0,0,0,0,0,0,0,0,0,0,0,85720.09375,2804.41796875
"NGA",3,1,"LSMS-ISA2015",2015,2,15,1507,458,0,150057,7,0,0,0,0,0,0,0,0,6871.42857142857,1468.197265625,0,0,0,0,5214.28571428571,0,0,1314.28576660156,1042.85714285714,1564.8203125,0,0,0,0,2234.69384765625,0,1862.24483816964,0,0,0,0,2979.591796875,0,0,1862.24483816964,0,1638.77553013393,0,1117.34695870536,0,7821.42857142857,8938.7754952567,0,0,0,5861.69698660714,0,0,0,0,0,0,0,0,0,0,0,0,744.898018973214,2897.73465401786,0,0,0,2998.6142578125,0,0,58433.9140625,2804.41796875
"NGA",3,1,"LSMS-ISA2015",2015,2,15,1507,458,0,150058,7,0,342.857147216797,0,1216.66671316964,0,0,955.952357700893,0,0,874.489807128906,0,0,0,0,1489.7958984375,0,5301.1904296875,2142.85717773438,1489.7958984375,2932.71508789063,0,0,893.877580915179,0,9385.71428571429,0,0,0,2979.59193638393,0,0,0,0,744.89794921875,5139.7958984375,0,4618.36732700893,5214.28571428571,595.918387276786,2085.71428571429,5959.18359375,32030.6125837054,1415.30615234375,2142.08510044643,0,7190.68191964286,0,0,0,0,0,0,0,0,0,0,0,0,0,0,0,0,1042.85714285714,0,0,0,98185.2109375,2804.41796875
"NGA",3,1,"LSMS-ISA2015",2015,2,15,1507,458,0,150059,1,0,24000,0,0,0,11558.3330078125,0,0,11400,0,0,0,30416.666015625,0,0,0,36500,1800,0,23708.216796875,0,0,0,8342.85717773438,31285.71484375,6257.14306640625,5214.28564453125,0,21378.5705566406,5214.28564453125,0,20857.142578125,0,18771.427734375,23464.28515625,0,5214.28564453125,10428.5712890625,4692.85693359375,12514.2861328125,0,266449.998046875,1042.85717773438,0,0,0,0,0,0,0,0,0,0,0,0,0,0,0,0,0,0,0,0,0,0,0,580511.75,2804.41796875
"NGA",3,1,"LSMS-ISA2015",2015,2,15,1507,458,0,150060,2,0,0,0,0,0,0,0,0,12400,15626.1904296875,0,0,0,0,16946.427734375,0,0,2250,0,3655.85009765625,0,0,0,0,0,0,6517.85693359375,0,0,0,0,10428.5712890625,0,0,0,0,6517.85705566406,0,2607.14282226563,3128.57153320313,15642.857421875,30294.9997253418,0,4241.89208984375,0,5861.69677734375,14782.7685546875,0,0,0,0,0,0,18250,0,0,8682.81201171875,0,2607.14306640625,5071.03564453125,0,0,0,7439.94519042969,0,1825,194778.609375,2804.41796875
"NGA",3,1,"LSMS-ISA2015",2015,2,15,1503,634,0,150061,1,5475,9600,0,0,0,7300,0,0,16600,26475,0,0,0,0,36500,0,49883.3359375,1700,0,6000,0,0,0,0,0,10428.5712890625,0,0,20857.142578125,0,0,23464.28515625,9385.7138671875,13035.7138671875,2607.14282226563,15121.4287109375,9125,0,0,14078.5717773438,0,174157.143554688,0,0,0,0,14782.7685546875,0,0,0,0,0,0,0,0,0,5866.0712890625,0,0,4297.48828125,4938.9375,98.492057800293,0,9191.57836914063,0,10950,501919.4375,6543.6416015625
"NGA",3,1,"LSMS-ISA2015",2015,2,15,1503,634,0,150062,11,0,3272.72729492188,0,3096.96981534091,0,0,0,0,6090.90909090909,1651.40698242188,0,0,0,0,2370.12979403409,0,3318.18188476563,1363.63635253906,0,5913.85107421875,0,0,1327.27272727273,11945.4545454545,19909.0909090909,0,0,0,4218.83116566051,0,18961.0383522727,4029.220703125,0,948.051935369318,5546.10387073864,2607.14284446023,6162.33757990057,0,663.636363636364,0,0,18961.0388849432,2488.63631924716,0,0,0,12214.3126775568,0,0,3750.01953125,0,0,0,0,0,0,0,0,0,3328.60014204545,0,0,0,0,0,0,144138.59375,6543.6416015625
"NGA",3,1,"LSMS-ISA2015",2015,2,15,1503,634,0,150063,5,3893.33325195313,8400,0,1460,0,973.33330078125,0,0,4640,16414.76171875,0,0,10950,0,0,2433.3333984375,8760,1080,0,3733.23681640625,0,4171.428515625,2085.7142578125,1564.2857421875,15642.8578125,12514.2859375,0,0,3285.00009765625,3650,0,4692.85703125,4171.428515625,0,8864.285546875,2085.71430664063,6778.5712890625,4171.428515625,1564.2857421875,0,0,19501.4286132812,625.714306640625,0,0,0,0,0,0,0,0,0,0,0,0,0,0,0,0,0,0,0,0,0,0,1095,159202.28125,6543.6416015625
"NGA",3,1,"LSMS-ISA2015",2015,2,15,1503,634,0,150064,12,304.166656494141,3000,0,4055.5556640625,0,1013.88891601563,0,0,2766.66666666667,1433.92858886719,0,0,0,0,0,0,3041.66674804688,583.333312988281,0,24088.791015625,0,0,0,0,5214.28580729167,10863.0950520833,0,0,3997.619140625,1955.35709635417,0,5214.28580729167,6517.857421875,0,5735.71423339844,0,5431.54777018229,0,3258.9287109375,0,0,2259.52384440104,347.619059244792,4685.8115234375,0,2254.826171875,0,0,0,0,0,0,0,0,0,0,0,0,0,2288.41259765625,0,0,0,0,0,0,100312.8828125,6543.6416015625
"NGA",3,1,"LSMS-ISA2015",2015,2,15,1503,634,0,150065,6,0,4000,0,4055.5556640625,0,0,0,0,2466.66666666667,1023.8095703125,0,0,5677.77799479167,0,2172.61897786458,0,6488.888671875,1000,1216.66666666667,11901.4853515625,0,0,0,9574.50675506138,12185.7355138718,0,1740.81933580151,0,1740.81941743213,0,0,0,0,0,3481.63867160302,0,4787.25313288926,3916.84346523891,913.930163615507,522.245825192077,0,3742.76158460597,348.163883461385,0,0,0,0,0,0,0,0,0,0,0,0,0,0,0,0,0,0,0,0,0,0,0,82958.1875,6543.6416015625
"NGA",3,1,"LSMS-ISA2015",2015,2,15,1503,634,0,150066,5,486.666656494141,0,0,0,0,0,0,0,6840,3756,0,0,0,0,6778.57109375,0,17033.33203125,1000,0,6508.73876953125,0,0,0,0,0,0,0,0,0,0,0,0,5214.285546875,0,0,0,2867.85717773438,0,1668.571484375,0,0,15121.4283203125,0,848.37841796875,1001.4740234375,7078.36396484375,7707.9294921875,0,0,0,0,0,0,0,0,0,3142.566796875,0,0,2028.4142578125,0,0,0,2538.9689453125,0,292,91913.5546875,6543.6416015625
"NGA",3,1,"LSMS-ISA2015",2015,2,15,1503,634,0,150067,3,3893.33325195313,16000,0,1216.66666666667,0,4055.5556640625,0,0,14733.3333333333,12088.73046875,0,0,32444.4453125,0,26071.4296875,0,5677.77783203125,13766.6669921875,0,6222.06103515625,0,0,0,1042.85717773438,0,0,0,0,4171.4287109375,26071.4296875,0,4345.23795572917,8690.47591145833,0,55792.8594563802,4345.23803710938,7821.42846679688,0,1738.09521484375,0,0,71435.7130533854,695.238118489583,7069.8203125,0,0,14782.7682291667,0,0,0,0,0,0,0,0,0,0,0,0,0,0,0,0,0,0,1622.22216796875,345794.8125,6543.6416015625
"NGA",3,1,"LSMS-ISA2015",2015,2,15,1503,634,0,150068,6,2027.77783203125,2000,0,2838.88899739583,0,405.555541992188,0,0,11500,1957.34130859375,0,0,1013.88891601563,0,4345.23795572917,0,14194.4443359375,2013.88903808594,0,10654.0048828125,0,0,0,869.047607421875,0,0,0,0,2085.71435546875,0,8690.47591145833,7821.42838541667,4345.23795572917,8690.47591145833,0,1738.09521484375,8690.47615559896,0,0,3563.09525553385,0,11732.142578125,0,0,0,7815.595703125,7391.38411458333,0,535.164265950521,0,0,0,0,0,0,0,2770.08927408854,0,0,1690.34521484375,1097.54166666667,0,0,1531.9297281901,0,912.5,134921.765625,6543.6416015625
"NGA",3,1,"LSMS-ISA2015",2015,2,15,1503,634,0,150069,6,1419.44445800781,4000,0,2433.33333333333,0,0,0,0,9500,27562.103515625,0,0,0,0,3476.1904296875,0,22711.109375,1500,0,14883.4697265625,0,0,0,0,12166.6666666667,14773.8098958333,0,3128.5712890625,9820.23828125,0,10428.5716145833,4345.23795572917,3476.1904296875,1738.09521484375,4084.52376302083,0,6952.380859375,4519.04752604167,1216.66666666667,5214.28588867188,20857.1432291667,58660.7133789063,2085.71435546875,4373.42350260417,0,0,0,0,0,0,0,0,0,0,0,0,0,0,0,0,0,3283.06868489583,0,0,0,0,258609.984375,6543.6416015625
"NGA",3,1,"LSMS-ISA2015",2015,2,15,1503,634,0,150070,4,3650,9000,0,608.333312988281,0,3041.66674804688,0,0,4950,2816.369140625,0,0,0,0,0,0,9125,1750,0,4666.5458984375,0,5214.28564453125,2607.14282226563,1564.28576660156,7821.4287109375,3258.92846679688,0,0,4692.85693359375,2607.14282226563,0,10428.5712890625,7821.4287109375,0,6648.21411132813,0,6517.85705566406,7821.4287109375,6517.85693359375,0,7821.4287109375,51751.7857666016,782.142883300781,0,0,0,0,0,0,0,0,0,0,0,0,0,0,0,2523.04125976563,0,0,0,0,0,0,0,176007.75,6543.6416015625
"NGA",3,1,"LSMS-ISA2015",2015,1,25,2504,0,1,150071,5,0,12000,0,0,0,1460,3406.666796875,0,4400,1155.28576660156,0,0,7300,0,4171.428515625,0,6813.33349609375,13366.666015625,0,4595.54345703125,0,0,0,0,4171.428515625,4692.85703125,0,0,4171.42861328125,0,0,0,3128.571484375,730,5005.714453125,0,5214.2857421875,0,1564.2857421875,938.571435546875,0,4588.571484375,521.428564453125,0,0,7213.0953125,0,0,0,0,0,0,0,0,0,0,4765.1619140625,0,1564.28579101562,1764.95546875,0,0,0,0,0,1216.66674804688,109920.234375,9763.529296875
"NGA",3,1,"LSMS-ISA2015",2015,2,15,1506,148,1,150072,11,663.636352539063,1636.36364746094,0,663.636363636364,0,1769.69691051136,0,0,10154.5454545455,5612.87890625,0,0,2212.12127130682,0,5688.31178977273,0,8627.2724609375,509.090911865234,0,6352.73095703125,0,0,0,3318.18181818182,0,0,0,0,3318.18181818182,0,0,6162.33753551136,2370.12979403409,0,474.025967684659,1896.10387073864,1753.89612926136,0,0,3318.18181818182,0,15642.8570667614,0,0,0,3197.28941761364,8615.12642045455,3412.98686079545,0,0,0,65.0623890269886,0,0,0,1354.92427201705,3773.18377130682,0,1203.62619850852,1844.01296164773,1496.64772727273,2248.98979048295,0,5503.27769886364,0,774.242431640625,115633.546875,9763.529296875
"NGA",3,1,"LSMS-ISA2015",2015,2,34,3407,0,1,150073,5,2433.33349609375,0,0,0,0,8516.66640625,0,0,800,2772.85693359375,0,0,0,0,20857.1421875,0,10706.666015625,0,0,10208.6474609375,0,0,0,5631.4287109375,20857.1421875,4692.85703125,2085.7142578125,0,4171.42861328125,0,20857.1421875,0,15642.8578125,8864.2859375,2607.1427734375,7821.4287109375,6778.57138671875,3650,1042.85712890625,730,0,35457.1426757813,312.857153320312,0,0,0,0,0,0,0,0,0,0,0,0,0,0,0,0,0,0,0,0,0,0,1703.33337402344,199201.515625,9763.529296875
"NGA",3,1,"LSMS-ISA2015",2015,2,15,1506,148,1,150075,4,4562.5,9000,0,3650,0,608.333312988281,0,0,3300,4737.5,0,0,608.333312988281,0,0,0,15208.3330078125,850,0,5220.5849609375,0,3910.71435546875,2346.42846679688,0,7821.4287109375,3258.92846679688,1303.57141113281,0,7300,2607.14282226563,0,5866.0712890625,0,2346.42846679688,5866.0712890625,0,5214.28564453125,5214.28564453125,1955.35717773438,0,0,17858.9285888672,521.428588867188,0,0,0,0,0,0,0,0,0,0,0,0,0,0,0,0,0,0,0,0,0,0,0,121136.6640625,9763.529296875
"NGA",3,1,"LSMS-ISA2015",2015,2,15,1506,148,1,150076,4,912.5,2400,0,1825,0,2433.33325195313,0,0,9200,5062.0830078125,0,0,3650,0,9125,0,7300,2150,3258.92846679688,3300,0,0,0,1564.28576660156,0,2216.07153320313,1303.57141113281,0,5214.28564453125,0,0,10428.5712890625,0,3258.92846679688,1303.57141113281,3258.92858886719,5474.99993896484,0,0,0,0,39758.9284667969,0,2120.94604492188,1251.84252929688,2930.84838867188,9634.91186523438,0,0,0,0,1848.85632324219,0,0,0,0,5394.72631835938,0,0,2535.51782226563,2057.890625,6662.69799804688,0,3825.49694824219,0,6387.5,169050.234375,9763.529296875
"NGA",3,1,"LSMS-ISA2015",2015,2,15,1506,148,1,150077,8,6387.5,3000,0,4258.33349609375,0,608.333312988281,1140.625,0,14500,13910.5654296875,0,0,2129.16674804688,0,9776.7861328125,0,47145.8359375,750,0,8946.4482421875,0,0,0,7495.53552246094,0,3258.92846679688,0,0,6126.78570556641,0,0,0,0,6354.91064453125,4236.60705566406,651.785705566406,6126.78564453125,0,2607.14282226563,2150.89288330078,0,86687.4989013672,619.196426391602,0,0,0,12749.6779785156,0,0,0,0,0,0,11732.142578125,0,0,3650,1677.13232421875,0,3432.61889648438,823.15625,0,0,0,0,532.291687011719,273466.65625,9763.529296875
"NGA",3,1,"LSMS-ISA2015",2015,2,15,1506,148,1,150078,6,5677.77783203125,4000,0,4055.5556640625,0,0,892.222249348958,0,12333.3333333333,6832.73828125,0,0,0,0,2172.61897786458,0,8212.5,1000,0,8478.4697265625,0,0,0,0,0,0,0,0,0,0,0,7821.42838541667,0,0,6257.14274088542,0,6778.57145182292,3910.71419270833,0,0,0,10428.5714518229,1042.85711669922,0,0,5872.38997395833,12584.4505208333,0,0,0,0,0,0,0,0,0,0,0,0,0,0,0,0,0,0,0,108351.3359375,9763.529296875
"NGA",3,1,"LSMS-ISA2015",2015,2,15,1506,148,1,150079,12,1419.44445800781,700,0,2838.88899739583,0,0,0,0,9000,3614.98022460938,0,0,506.944458007813,0,4345.23795572917,0,6083.33349609375,1166.66662597656,0,2167.97241210938,0,0,0,16489.826701178,16902.0731423819,0,0,0,12202.4721047364,0,0,9481.65066230736,9893.89642308544,4617.15170351492,9893.89626032502,0,6348.58330764575,247.347417047953,1030.61416882362,5524.09209126537,0,7667.76949121139,412.245684907396,0,0,0,0,0,0,0,0,0,0,0,0,0,0,0,0,0,0,0,0,0,0,0,132555.078125,9763.529296875
"NGA",3,1,"LSMS-ISA2015",2015,2,15,1506,148,1,150080,10,851.666687011719,3600,0,851.66669921875,0,1825,1460,0,35500,16054.046875,0,0,24333.3328125,0,5214.285546875,12166.66640625,14600,18000,0,50812.7109375,0,0,0,0,0,13035.7140625,0,3650,4275.7142578125,0,25028.571875,14078.571875,0,13244.285546875,6257.14296875,34674.99921875,10950,2346.428515625,1303.57138671875,2815.71430664063,0,159035.713476562,1042.85715332031,0,0,7046.86796875,27815.25625,0,0,0,0,0,0,0,0,0,3736.90483398437,0,0,0,0,0,0,0,0,0,515607.6875,9763.529296875
"NGA",3,1,"LSMS-ISA2015",2015,4,16,1626,1546,0,160001,3,0,7000,0,8111.111328125,0,6083.33333333333,0,0,14833.3333333333,5479.84130859375,0,0,3528.33333333333,0,5214.28580729167,0,20277.779296875,0,0,34712.7421875,0,0,0,2607.14290364583,0,8690.47591145833,3476.1904296875,0,1216.66666666667,10428.5712890625,17380.9518229167,10428.5716145833,8690.47591145833,6257.142578125,6952.38102213542,3476.1904296875,7300,0,869.047607421875,8169.0478515625,3476.1904296875,11645.2379557292,4519.04752604167,0,0,0,8969.52799479167,0,3272.04524739583,0,2711.42854817708,0,0,0,0,0,0,2493.47021484375,1378.88889567057,4734.0224609375,0,0,0,1729.40462239583,0,1419.44445800781,247532.28125,6075.45458984375
"NGA",3,1,"LSMS-ISA2015",2015,4,16,1626,1546,0,160002,4,0,0,0,6083.33349609375,0,3041.66674804688,0,0,1000,8933.630859375,4562.5,0,9125,0,5214.28564453125,0,5170.83349609375,3500,0,11706.3701171875,0,0,0,0,11580.9532505184,26057.1443923318,8685.71518202941,0,8685.71481581847,0,0,7238.09562997135,31847.6211357203,0,12304.7628434419,0,13897.1443132965,10133.3341867416,0,0,0,0,4487.61944876131,0,0,8242.29939591486,0,0,0,0,0,8921.73980390529,0,0,0,0,0,1463.88451077092,0,0,0,5790.47686939981,0,0,0,2281.25,219955.359375,6075.45458984375
"NGA",3,1,"LSMS-ISA2015",2015,4,16,1626,1546,0,160003,6,0,0,0,2027.77783203125,0,1622.22216796875,0,0,8500,8724.6025390625,1013.88891601563,0,5069.4443359375,0,4345.23795572917,0,22305.5546875,9958.3330078125,0,5069.64892578125,0,0,0,2607.14290364583,13035.71484375,1738.09521484375,2607.14290364583,0,6952.38102213542,7821.42846679688,17380.9518229167,4345.23795572917,14773.8090820313,5040.47607421875,3910.71419270833,15642.8572591146,10341.6665039063,2607.14290364583,0,8342.85701497396,5214.28580729167,15642.8572591146,608.333333333333,0,0,0,0,0,0,0,0,0,0,0,0,0,3367.5595703125,0,0,0,322.126932779948,177.285705566406,0,217.261881510417,0,1013.88891601563,212347.921875,6075.45458984375
"NGA",3,1,"LSMS-ISA2015",2015,4,16,1626,1546,0,160004,5,1216.66674804688,0,0,4866.666796875,0,486.666650390625,0,0,1480,3937.619140625,0,0,0,0,1042.85712890625,0,12166.666015625,0,0,42276.4765625,0,0,0,1564.2857421875,2607.1427734375,0,1042.85712890625,0,1042.85712890625,0,0,5214.285546875,4171.428515625,417.14287109375,1042.85712890625,0,2294.28569335937,2085.7142578125,104.285717773438,834.2857421875,0,11158.5712890625,0,0,0,0,0,0,0,0,0,0,0,0,0,0,0,0,0,0,0,0,0,2.60714282989502,0,2920.00024414063,103976.2265625,6075.45458984375
"NGA",3,1,"LSMS-ISA2015",2015,4,16,1626,1546,0,160005,6,0,0,0,0,0,3244.4443359375,0,0,17716.6666666667,8529.76171875,0,0,12166.6666666667,0,8690.47591145833,162222.21875,14194.4443359375,7402.77734375,0,22005.513671875,0,0,0,0,5214.28580729167,7821.42838541667,6517.857421875,2607.14290364583,3476.1904296875,6952.380859375,15642.8567708333,17380.9519856771,32154.7620442708,6691.66666666667,6083.33333333333,3476.1904296875,11905.9523925781,3476.1904296875,1390.47623697917,8864.28572591146,8690.47591145833,38672.6186523438,6778.57149251302,0,0,0,0,0,0,0,0,0,0,0,0,0,0,0,0,0,0,0,0,0,0,3852.77758789063,453823.375,6075.45458984375
"NGA",3,1,"LSMS-ISA2015",2015,4,16,1626,1546,0,160006,3,0,0,0,0,0,2433.33333333333,0,2027.77783203125,4000,2703.17456054688,0,0,12166.6666666667,0,0,0,22711.111328125,4000,0,28478.59375,0,0,0,3476.1904296875,8690.47591145833,8690.47591145833,6430.95247395833,0,6952.380859375,3476.1904296875,0,38238.0963541667,15642.857421875,6778.57161458333,7647.619140625,1738.09521484375,9559.52384440104,5214.28580729167,0,3650,0,0,16685.7142740885,0,0,0,0,0,0,0,0,0,0,0,0,0,6061.607421875,0,0,0,0,0,0,0,0,0,227453.6875,6075.45458984375
"NGA",3,1,"LSMS-ISA2015",2015,4,16,1626,1546,0,160007,4,760.416687011719,0,0,4562.5,0,1977.08337402344,0,0,12750,20764.583984375,0,0,3041.66674804688,0,45625,0,30416.666015625,6000,0,49672.78125,0,0,0,0,11732.142578125,0,7821.4287109375,0,9124.99978637695,0,0,0,18901.7856445313,0,651.785705566406,10428.5714111328,4562.49993896484,7821.4287109375,0,1303.57141113281,5214.28564453125,19553.5715332031,4823.21435546875,0,0,0,12108.8623046875,0,5644.2783203125,0,0,5355.978515625,0,0,0,3337.142578125,5051.33935546875,0,1112.38098144531,4260.6201171875,723.916687011719,5866.07144165039,0,391.071411132813,0,0,321361.625,6075.45458984375
"NGA",3,1,"LSMS-ISA2015",2015,4,16,1626,1546,0,160008,4,912.5,0,9125,0,0,4562.5,0,0,2300,13702.9755859375,0,0,3041.66674804688,0,7821.4287109375,0,12166.6669921875,300,0,37464.9921875,0,0,0,0,0,0,0,0,5214.28576660156,7821.42846679688,15642.857421875,6517.85693359375,32589.2846679688,16294.6430664063,22682.1437988281,26071.4282226563,26723.2142333984,0,0,8864.28588867188,1955.35717773438,27374.9998779297,3910.71435546875,0,0,0,6727.14599609375,0,1227.01696777344,12565.125,0,0,0,0,0,4692.857421875,1629.46423339844,5357.1552734375,4231.17559814453,3550.51684570313,86.9047546386719,0,0,0,0,2129.16674804688,335256.75,6075.45458984375
"NGA",3,1,"LSMS-ISA2015",2015,4,16,1626,1546,0,160009,4,0,0,0,0,0,6083.33349609375,0,0,4750,8385.119140625,0,0,0,0,15642.857421875,0,13687.5,5000,0,33008.26953125,0,0,0,2616.17765815874,26161.7760905082,13080.8880452541,0,0,7194.48849785216,0,0,28777.953747268,13080.8880452541,10464.710632635,8502.57732902999,3924.26661000792,12819.2705736661,17005.1541641828,654.044414539686,9810.6659104713,0,7848.53297307725,3139.41333655466,0,0,0,0,0,9032.65768947888,0,0,6853.24790702499,0,0,20166.3700900505,0,16351.1103021073,0,0,0,0,0,0,0,0,0,304041.28125,6075.45458984375
"NGA",3,1,"LSMS-ISA2015",2015,4,16,1626,1546,0,160010,5,973.333312988281,0,0,0,0,973.33330078125,0,1216.66674804688,3000,1653.23803710938,0,0,6813.33359375,0,0,0,12166.666015625,3120,0,39738.2265625,0,0,0,0,6257.14296875,4171.428515625,7300,0,4380.00004882812,2920,22942.8578125,23985.7140625,3650,3337.14296875,6152.8572265625,2085.7142578125,4067.1427734375,2607.1427734375,0,3650,0,4171.428515625,7821.42824707031,0,0,4799.648046875,0,0,0,0,0,0,0,0,0,0,0,1428.574609375,0,0,0,0,0,0,0,0,185383.03125,6075.45458984375
"NGA",3,1,"LSMS-ISA2015",2015,4,16,1610,1006,0,160011,5,2676.66650390625,1200,0,0,0,4380,0,0,1280,5680.09521484375,0,0,6813.33359375,0,0,0,8273.3330078125,480,0,4906.9853515625,0,0,0,0,8248.82483744987,0,9313.18937609656,0,5987.05024584604,0,0,9313.18937609656,0,2660.91124896047,7450.55157521431,0,4922.68590251185,4656.59468804828,0,2328.29734402414,0,3060.04792890637,665.227812240117,0,0,0,0,15048.7914760981,0,0,0,1778.76123946659,0,0,0,0,0,0,1492.70633025574,0,0,0,0,0,0,0,112617.2421875,5154.93115234375
"NGA",3,1,"LSMS-ISA2015",2015,4,16,1610,1006,0,160012,3,0,0,0,0,0,2433.33333333333,0,0,7733.33333333333,3244.4443359375,0,0,16222.22265625,0,0,0,38527.77734375,6666.66650390625,0,4138.49462890625,0,0,0,0,0,13405.2415465053,0,0,6791.98878129411,3574.73088602792,0,714.946210041711,8936.82702390505,5004.62330327091,2323.57505452933,0,5362.09648612143,3574.73088602792,0,2502.31165163545,0,0,7864.40813775688,0,0,5883.41096389532,8301.41018957944,0,5330.1792327222,0,0,2389.62979527124,0,0,0,0,2234.20675597626,0,893.68272150698,0,0,0,0,357473.065149414,0,0,521527.34375,5154.93115234375
"NGA",3,1,"LSMS-ISA2015",2015,4,16,1610,1006,0,160013,3,2838.88891601563,2000,0,0,0,2433.33333333333,0,0,5266.66666666667,5596.66650390625,0,0,6083.33333333333,0,0,0,14194.4453125,5666.66650390625,0,17335.205078125,0,0,0,0,4577.1025955664,9535.629764307,11442.7563085248,0,7628.50377889352,0,0,0,9535.629764307,7056.36619756747,3242.11420910973,0,2669.97642976173,0,0,4004.96465345798,0,5149.2403749144,6865.65335217604,0,0,9772.73233320575,7873.4558665479,0,0,0,0,0,0,0,5176.48467493992,0,3866.39995396246,0,2632.37662132124,5194.40892502976,0,0,0,572.137779348004,0,0,168211.140625,5154.93115234375
"NGA",3,1,"LSMS-ISA2015",2015,4,16,1624,0,1,160014,5,608.333374023438,0,0,0,0,4866.666796875,0,0,2140,330.238098144531,0,0,7300,0,0,0,19466.666015625,2800,6257.14296875,59718.86328125,0,0,0,0,5214.285546875,0,4692.85703125,0,3858.571484375,0,0,4171.428515625,0,3337.14287109375,3441.428515625,0,3232.85712890625,0,0,0,0,8342.85703125,4692.85708007813,0,0,5933.49765625,0,4425.52578125,0,0,0,2403.10546875,0,7821.42890625,0,0,3932.6142578125,4652.819140625,521.428564453125,0,0,0,0,0,0,0,174162.609375,8182.4306640625
"NGA",3,1,"LSMS-ISA2015",2015,5,32,3221,0,1,160016,8,0,1500,0,0,0,3041.66674804688,0,0,1250,3434.22607421875,0,0,4562.5,0,13035.7138671875,0,15208.3330078125,0,0,1500,0,0,0,0,2281.25,3258.92846679688,0,0,3910.71435546875,0,10428.5712890625,6517.85693359375,3258.92846679688,0,0,3258.92852783203,4562.49993896484,4888.39306640625,0,0,0,6517.85693359375,2281.25,0,0,0,0,2607.14306640625,1826.60046386719,0,0,6321.09228515625,0,0,0,2172.619140625,1460,0,2145.46136474609,0,0,2036.83032226563,0,310.994911193848,0,0,113578.359375,7977.86962890625
"NGA",3,1,"LSMS-ISA2015",2015,4,16,1624,136,1,160017,1,0,6000,0,0,0,4258.33349609375,0,0,0,2841.4287109375,0,0,0,0,0,0,0,6000,0,29381.578125,0,0,0,0,12974.6477378773,0,11677.1825117292,0,9730.98604754858,0,0,0,30490.4227476862,10379.7185277963,16218.3092953797,0,5189.85926389815,0,0,15569.5771705869,0,0,17515.7751318793,0,0,14928.6371029853,0,0,0,0,0,8673.26955272442,0,0,0,0,11352.8168262998,8886.76492114652,8109.15464768984,0,0,0,0,0,0,0,230178.453125,4970.82666015625
"NGA",3,1,"LSMS-ISA2015",2015,4,16,1624,136,1,160018,8,304.166656494141,750,0,0,0,942.916687011719,0,0,1650,820.357177734375,0,0,1216.66662597656,0,0,0,7908.3330078125,2200,293.303558349609,21230.22265625,0,0,0,0,3910.71435546875,0,4562.5,0,3910.71435546875,0,0,7821.4287109375,0,2607.14288330078,4041.07141113281,0,1564.28570556641,1629.46423339844,0,7691.07141113281,0,0,2933.03567504883,0,0,4499.669921875,0,11002.392578125,0,0,0,2975.54321289063,0,0,0,0,0,4557.8701171875,1042.85717773438,0,0,0,0,0,0,0,102065.734375,4970.82666015625
"NGA",3,1,"LSMS-ISA2015",2015,4,16,1624,136,1,160019,4,0,6000,0,0,0,1520.83337402344,0,0,125,1025.71435546875,0,0,0,0,0,0,5931.25,2500,0,42460.4453125,0,0,0,0,4972.63836421689,0,5398.86435645889,0,710.376897589245,0,0,9945.27672843379,0,5114.71349208977,4546.41220979055,0,1704.90462946208,3551.88442691107,0,0,0,0,5540.93963691965,0,0,0,0,15988.580904942,0,0,0,1899.48598639932,0,0,0,0,0,3417.00292752142,2486.31903998111,0,0,0,0,0,0,0,124840.6484375,4970.82666015625
"NGA",3,1,"LSMS-ISA2015",2015,4,16,1622,18,0,160020,1,0,12000,0,0,0,7300,0,0,0,2372.85717773438,0,0,18250,0,0,0,19466.666015625,8400,0,9054.716796875,0,0,0,0,13478.5562503981,0,0,0,12400.2716839034,0,0,24261.401474476,0,13478.5567860908,22104.8333654604,0,10243.7027950544,13478.5562503981,0,18330.8369454006,0,0,26417.9718009212,0,0,0,0,15245.6033988392,9307.25686011913,0,0,0,0,0,0,0,0,7385.52697550137,7547.99174502846,0,0,0,0,0,0,0,270525.3125,4786.7216796875
"NGA",3,1,"LSMS-ISA2015",2015,4,16,1612,414,0,160021,7,608.333374023438,1714.28576660156,0,0,0,1042.85714285714,0,0,1285.71428571429,1306.12243652344,0,0,1216.66671316964,0,0,0,6952.38134765625,1142.85717773438,0,11301.0673828125,0,0,0,0,4469.38783482143,0,0,0,4022.44886997768,0,0,8938.77566964286,5214.28571428571,2979.591796875,3352.04073660714,0,2383.67347935268,2979.591796875,0,5586.73465401786,0,8938.77566964286,3947.95929827009,0,0,5142.47991071429,0,6319.15848214286,5658.06305803571,0,0,5910.60323660714,0,0,0,0,0,0,0,0,0,0,0,0,0,0,102413.8671875,3866.19848632813
"NGA",3,1,"LSMS-ISA2015",2015,4,16,1622,18,0,160022,7,0,1714.28576660156,0,0,0,869.047642299107,0,0,1828.57142857143,500.408172607422,0,0,0,0,0,0,4171.4287109375,1142.85717773438,0,5551.80322265625,0,0,0,0,4563.74449576205,0,0,0,3270.68344263207,0,13691.2329174424,0,4944.05620073068,4867.99405741106,3346.74594062803,0,3042.49630332053,3422.8082293606,0,4944.05649155658,0,0,380.312029195758,0,0,7001.39582509355,0,6452.56705688565,6565.35774374294,0,0,3050.76370692233,0,0,0,0,0,5588.82517876882,1521.24811678303,0,0,0,0,0,0,0,92432.6953125,4786.7216796875
"NGA",3,1,"LSMS-ISA2015",2015,4,16,1622,18,0,160023,2,0,6000,0,0,0,2433.33325195313,0,0,0,2813.5712890625,0,0,0,0,0,0,9733.3330078125,3000,0,19431.310546875,0,0,0,0,11013.4610544024,0,0,0,4956.05732799671,0,0,16520.1920698849,8260.09603494243,6608.07692561019,12390.143808273,4130.04801747121,7984.75919119956,6883.41303693119,0,5782.06712680345,0,0,7434.08654131147,0,0,0,0,15571.6655316533,14259.4692053491,0,0,7362.25901201274,0,0,0,0,0,7807.01068201646,4130.04801747121,0,0,0,0,0,0,0,184504.40625,4786.7216796875
"NGA",3,1,"LSMS-ISA2015",2015,4,16,1624,136,1,160024,3,0,2000,0,0,0,1946.66666666667,0,0,1666.66666666667,0,0,0,0,0,3476.1904296875,0,8111.111328125,1000,0,50941.82421875,0,0,0,0,9041.59745546041,0,4520.79872773021,0,542.495882202978,0,0,361.663921468652,3616.63904033167,0,904.159760082918,0,1808.31952016584,0,0,0,0,1808.31956665316,6329.11832347903,0,0,0,0,20350.0867581515,5504.85471762102,0,0,0,18083.1949109208,2260.3993638651,0,0,0,2873.65428822148,934.298427953192,0,0,0,1205.54634870963,0,0,811.111083984375,150098.703125,4970.82666015625
"NGA",3,1,"LSMS-ISA2015",2015,4,16,1624,136,1,160025,7,869.047668457031,26071.427734375,0,0,0,521.428571428571,0,0,785.714285714286,0,0,0,0,0,0,0,1738.09533691406,2595.23828125,0,4197.3681640625,0,0,0,0,2523.28326566171,0,1682.18878661045,0,252.328330453684,0,0,0,1261.64163283086,841.094393305225,420.547196652612,0,0,1261.64163283086,0,672.875550541753,0,1093.42272175996,0,0,0,0,0,4756.81189065909,2560.44485451531,0,0,0,0,0,0,0,0,847.402488287572,588.766082289104,0,0,0,0,4.2054720024121,0,521.428588867188,56066.3984375,4970.82666015625
"NGA",3,1,"LSMS-ISA2015",2015,4,16,1602,1576,0,160026,2,3041.66674804688,6000,0,0,0,0,0,0,0,3041.66674804688,0,0,0,0,0,0,6083.33349609375,4000,0,28027.716796875,0,0,0,0,6517.85693359375,0,0,0,0,0,0,0,6517.85693359375,6517.85693359375,0,0,1303.57141113281,5214.28564453125,0,0,5214.28564453125,20857.142578125,11732.142578125,0,0,0,0,0,0,0,0,0,0,0,0,0,1629.46423339844,2626.69604492188,0,0,0,0,0,6.51785707473755,0,0,118332.0625,2863.8505859375
"NGA",3,1,"LSMS-ISA2015",2015,4,16,1608,1104,0,160027,3,811.111083984375,8000,0,0,0,6488.888671875,0,0,24733.3333333333,6769.44384765625,0,0,12166.6666666667,0,69523.8072916667,0,16222.22265625,10000,0,70460.796875,0,0,0,0,9053.26538642726,9053.26538642726,21727.8380125411,0,5794.09005348126,0,0,21727.8380125411,25349.1439501443,4345.56767123313,3621.30622691657,0,3983.43685864277,0,1810.65311345828,1810.65311345828,0,84195.3704450421,9234.33095548286,0,0,0,0,10240.1541565849,0,0,18.8307944382845,13658.6220997384,0,0,0,0,3394.97477310272,4960.70456736035,8562.88060302077,0,0,0,0,0,0,0,467719.1875,4418.5126953125
"NGA",3,1,"LSMS-ISA2015",2015,4,16,1624,0,1,160028,9,270.370361328125,666.666687011719,0,2027.77777777778,0,2162.962890625,0,0,9333.33333333333,2269.05297851563,0,0,12166.6666666667,0,9269.84114583333,0,10814.814453125,2222.22216796875,0,31395.048828125,0,0,0,0,6952.38107638889,2896.82530381944,1738.09526909722,0,5503.96812608507,0,0,4634.92057291667,8111.11111111111,4634.92057291667,2317.46028645833,0,4171.42852105035,1158.73014322917,1390.47623697917,3534.12692599826,0,15932.5399034288,3707.9365234375,0,0,4948.09114583333,0,0,0,0,0,774.585883246528,0,0,0,0,0,3501.46934678819,512.515299479167,0,0,0,0,0,0,540.74072265625,159561.078125,8182.4306640625
"NGA",3,1,"LSMS-ISA2015",2015,4,16,1624,286,1,160029,7,173.809524536133,857.142883300781,0,0,0,521.428571428571,608.333356584821,0,5371.42857142857,803.29931640625,0,0,0,0,0,0,1390.47619628906,571.428588867188,0,2778.07421875,0,0,0,0,4047.4399433178,0,8094.8798866356,0,4209.33765663992,0,0,0,7690.13590232432,809.488001124346,1214.23200541179,0,2833.20804998825,4047.4399433178,0,404.744000562173,0,809.488001124346,161.897608690423,0,0,0,0,3237.95200449738,0,0,3199.09638507735,1082.25022374092,0,0,0,971.385652142539,0,2217.78032408048,0,0,1052.33431951636,0,0,4047.4399433178,0,0,63205.96484375,8182.4306640625
"NGA",3,1,"LSMS-ISA2015",2015,4,16,1624,286,1,160030,7,3476.19067382813,857.142883300781,0,0,0,1390.47614397321,0,0,3228.57142857143,1481.36047363281,0,0,7821.42857142857,0,0,0,19466.666015625,9500,1042.85714285714,254959.140625,0,0,0,0,5586.73493303571,0,3724.48967633929,0,7299.99993024554,1117.34695870536,0,6331.6328125,2234.69391741071,3873.46944754464,5139.7958984375,0,1787.75509207589,2607.14285714286,0,6480.61216517857,0,20112.2446986607,4841.8368094308,0,0,8394.08258928571,0,8425.54520089286,0,0,0,3433.0078125,0,0,0,0,0,6872.16936383929,1883.07624162946,0,0,0,0,0,0,0,403369.5,8182.4306640625
"NGA",3,1,"LSMS-ISA2015",2015,4,16,1622,18,0,160031,5,0,2400,0,0,0,0,0,0,9320,2935.71435546875,0,0,9733.33359375,0,46928.571875,0,3650,0,0,10401.123046875,0,0,0,0,0,2085.7142578125,0,0,6674.28579101563,0,0,5214.285546875,20857.142578125,0,0,521.428564453125,6048.57143554688,0,0,1251.42861328125,0,8551.42861328125,2607.1427734375,70.8355834960937,0,0,6458.06015625,0,1570.58173828125,2513.025,0,2380.4345703125,0,0,0,0,1998.80947265625,4652.819140625,0,3408.49609375,0,0,0,0,0,7300,169533.234375,4786.7216796875
"NGA",3,1,"LSMS-ISA2015",2015,4,16,1624,136,1,160032,5,0,1200,0,0,0,973.33330078125,0,0,220,1026.28576660156,0,0,0,0,0,0,730,2000,0,8571.4599609375,0,0,0,0,2085.7142578125,0,3858.571484375,0,3128.571484375,0,0,0,7300,2920,4588.571484375,0,1772.85712890625,0,0,2555,0,8342.85703125,5110.00012207031,0,0,0,0,8801.9140625,0,0,0,0,0,0,0,0,0,0,834.2857421875,0,0,0,0,0,0,0,66019.421875,4970.82666015625
"NGA",3,1,"LSMS-ISA2015",2015,4,16,1624,136,1,160033,4,0,45625,0,0,0,1095,0,0,1350,1260.11901855469,0,0,0,0,1955.35717773438,0,9125,8500,0,19956.818359375,0,0,0,651.785705566406,0,0,0,0,3258.92846679688,0,0,6517.85693359375,0,782.142883300781,5214.28564453125,1303.57141113281,6908.92858886719,1955.35717773438,0,0,0,5735.71429443359,11471.4287109375,0,0,0,4036.28759765625,0,0,0,0,0,0,0,0,0,0,2644.44586181641,0,0,0,0,0,0,0,0,139348.03125,4970.82666015625
"NGA",3,1,"LSMS-ISA2015",2015,4,16,1622,18,0,160034,6,0,2000,0,0,0,243.333333333333,0,0,0,86.9047622680664,0,0,0,0,0,0,8111.111328125,9333.3330078125,0,9342.572265625,0,0,0,0,0,0,0,0,3863.25627725123,0,0,9658.14016504089,11589.7682084282,2414.53504126022,0,0,6760.69832935828,3621.80271079266,0,2414.53504126022,2414.53504126022,2414.53504126022,2414.53504126022,0,0,0,7476.19795661992,0,1818.18992143899,0,0,0,0,0,0,0,3118.77443045678,0,4255.61810436866,0,160.968990955213,0,0,301.816851372211,0,0,93815.1640625,4786.7216796875
"NGA",3,1,"LSMS-ISA2015",2015,4,16,1624,136,1,160035,7,0,26071.427734375,0,347.619035993304,0,278.095232282366,0,0,2142.85714285714,372.448974609375,0,0,1390.47614397321,0,0,0,3476.19067382813,4595.23828125,0,6226.58935546875,0,0,0,0,1489.7958984375,0,2979.591796875,0,744.89794921875,0,0,0,1862.24483816964,0,3724.48974609375,0,372.448974609375,1489.7958984375,0,0,0,744.89794921875,2532.65311104911,0,0,0,0,0,2267.60532924107,0,0,995.896135602679,0,12769.6796875,0,0,0,0,0,0,0,0,0,0,0,869.047607421875,77743.9765625,4970.82666015625
"NGA",3,1,"LSMS-ISA2015",2015,4,16,1624,136,1,160036,2,6083.33349609375,3000,0,0,0,0,0,0,0,260.714294433594,0,0,0,0,0,0,28591.666015625,17000,0,31559.474609375,0,0,0,0,0,0,11176.5198089101,0,10729.4599924264,0,0,17882.4325967143,13411.8242707493,7152.9730925691,8941.21629835715,0,4470.60814917857,0,0,7152.9730925691,8941.21629835715,8941.21629835715,5364.72999621322,0,0,0,0,0,0,0,0,2988.50419158187,0,0,0,0,0,0,6100.51739601615,0,596.08103562512,0,0,0,0,0,200345.46875,4970.82666015625
"NGA",3,1,"LSMS-ISA2015",2015,4,16,1622,18,0,160037,4,0,3000,0,0,0,1520.83337402344,0,0,1000,608.333312988281,0,0,0,0,5214.28564453125,0,18250,2250,0,6036.638671875,0,0,0,0,11000.9283116133,10313.3708591044,0,0,6600.55703579608,0,0,5500.46415580663,6875.58030506153,0,0,687.558019475828,9213.27762687094,2750.23207790331,0,2062.67411357911,0,8938.25415096589,8800.74279577498,0,0,0,0,0,11478.6723367734,0,0,6277.70317988527,13751.1601218418,0,0,4125.34822715822,2635.63904315917,10410.6513937506,0,0,0,0,0,0,0,0,159302.90625,4786.7216796875
"NGA",3,1,"LSMS-ISA2015",2015,4,16,1606,590,0,160038,3,811.111083984375,4000,0,0,0,4866.66666666667,0,0,200,1683.33337402344,0,0,8111.111328125,0,0,0,8111.111328125,1000,3476.1904296875,129078.8125,0,0,0,0,0,0,17391.5378081025,0,0,0,0,12422.5264231605,32298.5695982131,0,11180.2740938961,0,9938.021410421,0,2981.40655620361,993.80220015998,0,19876.042820842,10186.4721749806,0,0,0,0,27959.6048952995,0,0,0,0,0,0,0,0,6211.26321158027,6806.87932121657,0,0,0,0,0,0,0,0,319584.75,7977.86962890625
"NGA",3,1,"LSMS-ISA2015",2015,4,16,1606,590,0,160039,6,608.333312988281,2000,0,0,0,2027.77783203125,0,0,166.666666666667,1922.22216796875,0,0,4055.5556640625,0,0,0,4055.5556640625,10000,0,22414.015625,0,0,0,0,0,0,0,0,3517.92541413047,0,0,0,15390.9235647505,1758.96270706524,2638.44406059785,0,2814.34038060568,1407.17023099294,879.481353532618,439.740676766309,0,2638.44414197806,0,0,0,0,2269.30393320974,0,6073.02335121824,0,0,0,0,0,0,0,1758.96270706524,0,0,0,0,0,0,11946.2889411102,0,0,100783.1328125,7977.86962890625
"NGA",3,1,"LSMS-ISA2015",2015,4,16,1606,590,0,160040,2,608.333312988281,6000,0,0,0,5475,0,0,9100,1975,0,0,0,0,13035.7138671875,0,18250,1000,0,6564.2275390625,0,0,0,0,0,0,18250,0,13035.7141113281,0,0,0,83428.5703125,5735.71435546875,0,0,5214.28588867188,0,2607.14282226563,3650,0,31025,10689.2855224609,0,0,0,10763.43359375,0,0,0,0,0,0,0,0,0,6517.85693359375,0,0,9941.447265625,0,0,0,0,0,0,262866.71875,7977.86962890625
"NGA",3,1,"LSMS-ISA2015",2015,4,16,1624,136,1,160041,3,405.555541992188,2000,0,811.111083984375,0,3244.4443359375,0,0,2800,1112.38098144531,0,0,2027.77783203125,0,5214.28580729167,0,8111.111328125,0,0,9793.859375,0,0,0,0,4345.23795572917,0,0,0,4866.66682942708,0,0,15642.8567708333,10428.5716145833,3476.1904296875,3476.1904296875,0,6430.95247395833,3476.1904296875,0,0,0,5561.90478515625,10080.9525553385,0,0,0,0,0,5291.0791015625,0,0,1161.87882486979,0,0,0,0,0,4829.0078125,0,0,579.365071614583,0,0,0,0,811.111083984375,115978.6875,4970.82666015625
"NGA",3,1,"LSMS-ISA2015",2015,4,16,1622,18,0,160042,6,0,2000,0,0,0,608.333333333333,0,0,2000,525.793640136719,0,0,0,0,0,0,3244.4443359375,666.666687011719,3041.66666666667,7128.15771484375,0,0,0,0,12954.3025062424,0,0,0,3331.10630549119,0,0,0,8327.76570598637,2128.20680665199,0,0,3793.76008999365,1387.96101093504,0,462.653656037831,0,4534.00583649475,1573.02248234077,0,0,0,0,0,12023.0709731635,0,0,6648.1315197778,9253.07294947046,0,0,0,3547.01131445133,5317.95582961703,0,0,0,0,0,0,0,0,94497.09375,4786.7216796875
"NGA",3,1,"LSMS-ISA2015",2015,4,16,1622,18,0,160043,4,0,3000,0,0,0,851.666687011719,0,0,6750,7691.0712890625,0,0,1095,0,0,3041.66674804688,15208.3330078125,6000,0,11097.2978515625,0,0,0,0,11732.142578125,0,0,0,16946.4288330078,0,0,0,13035.7143554688,0,0,0,6778.57135009766,9125,0,7169.64306640625,8473.2138671875,16946.4283447266,5214.28564453125,0,0,0,0,0,21438.8129882813,0,0,3003.8818359375,0,0,0,0,8364.58349609375,1303.57141113281,6348.57385253906,0,0,2607.14282226563,0,6.51785707473755,0,608.333312988281,193837.890625,4786.7216796875
"NGA",3,1,"LSMS-ISA2015",2015,4,16,1622,18,0,160044,4,0,3000,0,0,0,0,0,0,4000,699.583312988281,0,0,6083.33349609375,9125,0,0,30416.666015625,0,0,22792.20703125,0,0,0,0,0,0,0,0,3192.81419472722,0,0,6081.55072588958,22805.8149838365,3040.77536294479,0,1520.38768147239,3800.9692250079,0,0,3040.77536294479,0,6841.7445595168,0,0,0,0,4707.62241234619,8554.90991299794,15029.8930006243,0,0,8461.28744609044,0,0,0,0,2914.07636015601,0,1824.46524134826,2484.63348458362,304.077515140343,3040.77536294479,0,9406.49450275728,0,0,183169.859375,4786.7216796875
"NGA",3,1,"LSMS-ISA2015",2015,4,16,1612,414,0,160045,7,0,1714.28576660156,0,1738.09528459821,0,347.619035993304,0,0,928.571428571429,347.619049072266,0,0,3476.19056919643,0,3724.48967633929,0,5214.28564453125,800,0,30197.484375,0,0,0,1489.7958984375,8938.77566964286,0,2234.69391741071,0,5214.28571428571,3724.48974609375,0,3724.48967633929,5586.73465401786,0,0,1489.7958984375,5959.18359375,4841.83649553571,0,0,0,8193.87765066964,744.89794921875,0,0,0,0,0,0,0,0,0,0,0,0,0,931.122419084821,854.904087611607,0,0,0,372.448974609375,1489.79603794643,3.72448975699289,0,5214.28564453125,109497.78125,3866.19848632813
"NGA",3,1,"LSMS-ISA2015",2015,4,16,1612,414,0,160046,8,0,1500,0,0,0,121.666664123535,0,0,1900,161.875,0,0,0,0,0,0,3041.66674804688,0,0,2062.23095703125,0,0,0,0,13035.7138671875,0,0,0,1499.10711669922,0,0,0,3258.92846679688,0,391.071441650391,0,3780.3571472168,2281.25,0,0,0,651.785705566406,1564.28576660156,0,0,0,0,1843.08801269531,8735.25183105469,0,0,651.785705566406,0,0,488.839233398438,0,945.795365095139,2920.4072265625,0,0,0,0,0,1.62946426868439,0,0,50836.73828125,3866.19848632813
"NGA",3,1,"LSMS-ISA2015",2015,4,16,1612,414,0,160047,4,0,3000,0,0,0,0,0,0,0,9907.142578125,0,0,60833.33203125,22812.5,7821.4287109375,13687.5,9125,75000,0,136718.6875,0,0,0,0,0,0,0,0,9776.78540039063,26071.427734375,52142.85546875,7821.4287109375,26071.427734375,0,0,0,13035.7141113281,11732.142578125,0,0,0,6517.85693359375,0,0,0,0,3363.57299804688,0,1964.08642578125,2243.77221679688,0,0,0,0,0,6590.27758789063,4997.02368164063,0,7676.58728027344,0,0,0,0,6.51785707473755,0,3041.66674804688,521958.75,3866.19848632813
"NGA",3,1,"LSMS-ISA2015",2015,4,16,1602,1576,0,160048,3,405.555541992188,4000,0,0,0,567.777791341146,0,0,633.333333333333,405.555541992188,0,0,567.777791341146,0,3823.8095703125,2838.88899739583,4866.66650390625,0,0,23159.912109375,0,0,0,0,0,0,0,0,2607.14294433594,0,0,6952.380859375,0,1738.09521484375,0,0,1738.09521484375,0,0,1738.09521484375,0,3302.38098144531,3823.8095703125,0,0,0,0,4914.9013671875,814.568766276042,0,4519.04752604167,0,0,0,0,0,2172.61897786458,498.694051106771,449.007934570313,0,0,0,0,0,0,0,76538.1171875,2863.8505859375
"NGA",3,1,"LSMS-ISA2015",2015,4,16,1602,1576,0,160049,3,811.111083984375,4000,0,0,0,2027.77783203125,0,0,0,4461.111328125,0,0,0,0,5214.28580729167,2027.77783203125,1622.22216796875,3333.33325195313,0,12739.9013671875,0,0,0,0,2607.14290364583,0,0,0,4345.23803710938,0,0,0,3476.1904296875,1738.09521484375,0,0,1390.47623697917,0,0,2085.71435546875,0,9907.14298502604,869.047607421875,0,0,0,0,0,1629.13753255208,0,0,2323.75764973958,0,0,0,0,2172.61897786458,1232.06754557292,1502.72819010417,0,0,521.428588867188,0,0,0,811.111083984375,72849.40625,2863.8505859375
"NGA",3,1,"LSMS-ISA2015",2015,4,16,1602,1576,0,160050,7,869.047668457031,1714.28576660156,0,0,0,469.285714285714,0,0,4657.14285714286,3165.81640625,0,0,1738.09528459821,0,3352.04073660714,434.523821149554,3476.19067382813,3428.57153320313,0,5459.95751953125,0,0,0,744.89794921875,1862.24483816964,7448.97935267857,9683.67327008929,0,2979.59186662946,11173.4691685268,0,7448.97935267857,4469.3876953125,5586.73493303571,6331.63253348214,1489.7958984375,9758.16305106027,8938.77566964286,0,8566.32679966518,0,14525.510672433,3947.95912388393,0,0,0,0,0,2792.80719866071,0,1510653,0,0,0,0,0,3636.59172712054,2916.97474888393,644.0263671875,112.014726911272,347.619035993304,0,0,0,0,347.619049072266,1655171.75,2863.8505859375
"NGA",3,1,"LSMS-ISA2015",2015,4,16,1613,440,0,160051,3,405.555541992188,3200,0,0,0,1216.66666666667,0,0,600,2061.26977539063,6083.33349609375,0,0,0,0,1622.22216796875,4055.5556640625,800,0,6355.21484375,0,0,0,0,5214.28580729167,0,0,0,3476.19051106771,0,0,5214.28580729167,6083.33333333333,0,2780.95239257813,0,4345.23803710938,0,0,3128.57153320313,0,8864.28580729167,2259.52380371094,0,0,989.6181640625,0,0,0,0,0,26449.2734375,0,0,0,0,0,1246.73510742188,0,0,0,0,0,0,0,0,96452.1015625,6075.45458984375
"NGA",3,1,"LSMS-ISA2015",2015,4,16,1613,440,0,160052,2,0,0,0,6083.33349609375,0,3041.66674804688,0,0,700,2858.09521484375,0,0,4258.33349609375,0,0,1216.66662597656,6083.33349609375,28833.333984375,0,8744.9814453125,0,0,0,0,0,0,5214.28564453125,0,5214.28576660156,1303.57141113281,0,13035.7138671875,5214.28564453125,1042.85717773438,11732.142578125,0,3128.57153320313,0,0,5475.00012207031,0,13557.1428222656,4432.14294433594,0,0,0,23141.3828125,0,0,0,0,0,0,0,0,0,0,4346.88830566406,1303.57141113281,0,0,0,0,0,0,0,159961.59375,6075.45458984375
"NGA",3,1,"LSMS-ISA2015",2015,4,16,1613,440,0,160053,1,0,9600,0,3650,0,12166.6669921875,0,0,400,3915.47607421875,0,0,0,0,0,4866.66650390625,0,2400,0,12234.2177734375,0,0,0,0,26071.427734375,0,26071.427734375,0,10428.5715332031,10428.5712890625,0,15642.857421875,5214.28564453125,0,3128.57153320313,0,4432.14282226563,10428.5712890625,0,12514.2861328125,0,6257.14306640625,5214.28564453125,0,0,0,0,0,0,0,0,79347.8203125,0,0,0,0,9776.7861328125,8693.77661132813,2607.14282226563,0,0,0,0,0,0,1216.66662597656,286707.34375,6075.45458984375
"NGA",3,1,"LSMS-ISA2015",2015,4,16,1613,440,0,160054,6,506.944458007813,1000,0,0,0,1216.66666666667,0,0,1500,2835.27758789063,0,0,0,0,4345.23795572917,0,4866.66650390625,833.333312988281,0,2175.58520507813,0,0,0,0,0,0,0,0,3041.66658528646,1738.09521484375,0,0,1738.09521484375,695.238118489583,1651.1904703776,869.047607421875,869.047607421875,0,0,695.238118489583,0,12166.6665039063,869.047607421875,0,0,3303.87955729167,2932.640625,2457.45068359375,5744.34309895833,0,0,869.047607421875,0,0,1086.30948893229,0,0,0,1523.73018391927,0,0,0,0,2172.61897786458,0,304.166656494141,64007.234375,6075.45458984375
"NGA",3,1,"LSMS-ISA2015",2015,4,16,1613,440,0,160055,4,304.166656494141,1500,0,0,0,973.333312988281,0,0,2500,1289.52380371094,0,0,0,0,0,0,2433.33325195313,13000,0,9554.92578125,0,0,0,0,4562.5,0,0,0,1564.28570556641,1042.85717773438,0,0,3258.92858886719,0,651.785705566406,0,3910.71432495117,0,0,0,0,5214.28576660156,0,0,0,494.458160400391,0,7821.4287109375,8616.5146484375,0,0,0,0,0,0,0,0,2616.91943359375,651.785705566406,0,0,0,0,3258.92846679688,0,0,75220.671875,6075.45458984375
"NGA",3,1,"LSMS-ISA2015",2015,4,16,1613,440,0,160056,3,1297.77770996094,2000,0,0,0,2838.88899739583,0,0,5333.33333333333,3868.73022460938,0,0,0,0,0,2027.77783203125,4055.5556640625,1666.66662597656,0,8629.7734375,0,0,0,3476.1904296875,0,0,0,0,2607.14290364583,0,0,0,13035.7138671875,0,0,0,4866.66666666667,0,0,1738.09521484375,0,6083.33341471354,1738.09521484375,0,0,0,3587.81119791667,0,5744.34309895833,0,0,0,0,4469.38834635417,0,370.793619791667,4490.07926432292,0,3128.45597330729,0,0,2346.42854817708,0,78.2142842610677,0,405.555541992188,89884.8125,6075.45458984375
"NGA",3,1,"LSMS-ISA2015",2015,4,16,1613,440,0,160057,6,0,2000,0,0,0,1013.88891601563,0,0,4416.66666666667,873.571472167969,0,0,2027.77783203125,0,0,0,8111.111328125,0,0,12951.9267578125,0,0,0,0,0,0,0,0,5735.71439615885,0,10428.5716145833,0,6952.380859375,869.047607421875,869.047607421875,0,4866.66666666667,0,260.714294433594,2867.85721842448,0,7821.42862955729,0,0,0,2120.17659505208,5830.193359375,9829.802734375,3690.18286132813,0,0,8425.98315429688,0,0,0,0,3367.5595703125,2928.57405598958,858.449462890625,2367.01123046875,0,0,0,864.702311197917,0,0,112349.0078125,6075.45458984375
"NGA",3,1,"LSMS-ISA2015",2015,4,16,1613,440,0,160058,4,0,3000,0,0,0,1642.5,0,0,2850,731.25,0,0,2433.33325195313,0,0,0,4562.5,0,0,19427.890625,0,0,0,0,0,0,2607.14282226563,0,2346.42864990234,0,0,0,2607.14282226563,0,4562.49993896484,0,651.785705566406,1955.35717773438,651.785705566406,521.428588867188,0,9125.00012207031,0,0,0,4955.8193359375,5381.716796875,0,2154.12866210938,0,0,3003.8818359375,0,0,0,0,0,0,3728.21421813965,5680.8271484375,0,0,0,4425.625,0,0,89006.2578125,6075.45458984375
"NGA",3,1,"LSMS-ISA2015",2015,4,16,1613,440,0,160059,1,0,12000,0,0,0,4623.33349609375,0,0,5400,240,0,0,0,0,0,0,0,0,0,17222.3203125,0,0,0,0,0,0,5214.28564453125,0,0,0,0,0,15642.857421875,0,13035.7141113281,0,5214.28564453125,7821.4287109375,0,0,0,0,0,0,0,4453.28125,8072.5751953125,0,5214.28564453125,0,0,5214.28564453125,0,0,0,0,4888.39306640625,0,7786.66656494141,0,0,0,0,17889.1474609375,0,0,139932.875,6075.45458984375
"NGA",3,1,"LSMS-ISA2015",2015,4,16,1613,440,0,160060,7,347.619049072266,1714.28576660156,0,347.619035993304,0,938.571428571429,0,0,2971.42857142857,1039.96594238281,0,0,0,0,0,0,3476.19067382813,0,0,3698.47436523438,0,0,0,0,2979.591796875,0,0,0,1191.83677455357,0,0,2234.69391741071,2979.59186662946,446.938790457589,1266.32655552455,744.89794921875,1266.32655552455,0,148.979596819196,595.918387276786,0,6182.65302385603,0,0,0,0,0,0,897.868094308036,0,0,0,0,0,0,0,698.341866629464,0,144.013593401228,0,0,0,0,2081.98967633929,0,208.571426391602,38602.69140625,6075.45458984375
"NGA",3,1,"LSMS-ISA2015",2015,4,16,1616,296,0,160061,2,0,6000,18250,0,0,9125,0,0,3000,10175.595703125,0,0,12166.6669921875,0,65178.5703125,0,30416.66796875,4000,0,132032.125,0,0,0,0,0,0,7821.4287109375,0,18250.0002441406,0,0,52142.85546875,46928.5703125,0,0,0,2607.14282226563,0,0,0,0,41714.2873535156,16164.2856445313,0,0,7821.42919921875,18836.009765625,0,5892.259765625,0,0,13035.7138671875,0,0,0,2780.95239257813,16729.1669921875,3696.20263671875,9646.4287109375,12781.861328125,1159.30944824219,4119.28570556641,0,6517.85693359375,0,3650,582639.625,3886.65454101563
"NGA",3,1,"LSMS-ISA2015",2015,4,16,1616,296,0,160062,3,283.888885498047,2000,0,1013.88891601563,0,2027.77783203125,0,0,1866.66666666667,1509.28564453125,0,0,4055.5556640625,0,26071.4296875,0,9733.3330078125,1533.33337402344,0,12739.9013671875,0,0,0,0,10428.5716145833,0,0,0,2954.76196289063,5214.28580729167,0,6952.380859375,18249.9996744792,1042.85717773438,0,0,8169.04752604167,4345.23795572917,347.619059244792,13904.7618815104,8690.47623697917,47797.6184895833,5388.09537760417,0,0,2607.14306640625,0,0,0,0,0,23464.2864583333,0,0,0,0,4345.23795572917,1994.77620442708,869.047607421875,0,0,1825,0,0,0,0,231426.28125,3886.65454101563
"NGA",3,1,"LSMS-ISA2015",2015,4,16,1616,296,0,160063,2,0,0,0,0,0,3650,0,0,12000,10637.5,0,0,0,0,46928.5703125,0,3041.66674804688,25000,0,72931.546875,0,0,0,0,0,0,9125,0,7821.42834472656,0,0,6517.85693359375,19553.5708007813,7560.71411132813,7039.28588867188,0,32328.5705566406,10428.5712890625,521.428588867188,10428.5712890625,3910.71435546875,29982.1433105469,4953.57141113281,0,0,0,9418.0048828125,0,2944.84057617188,5385.0537109375,0,4590.83837890625,0,0,0,0,3258.92846679688,3605.72583007813,0,0,0,0,0,0,0,3345.83349609375,356909.96875,3886.65454101563
"NGA",3,1,"LSMS-ISA2015",2015,4,16,1616,296,0,160064,3,811.111083984375,4000,0,0,0,4055.5556640625,0,0,3000,666.666687011719,0,0,8111.111328125,0,0,0,24333.333984375,25333.333984375,0,239783.5,0,0,0,0,24376.7005876579,0,24376.7005876579,0,12188.3504565893,0,0,36565.0540851563,24376.7005876579,19501.360730543,0,2437.67009131787,17063.690889334,24376.7005876579,0,21939.0324266797,0,13650.9526602518,4875.3403890704,0,0,0,0,0,4875.33973206045,0,0,0,0,0,0,0,0,3339.28160477817,0,0,0,0,0,0,0,0,544037.5,3886.65454101563
"NGA",3,1,"LSMS-ISA2015",2015,4,16,1616,296,0,160066,2,0,6000,0,0,0,1095,0,0,0,2688.21435546875,0,0,3041.66674804688,0,13035.7138671875,912.5,9125,2000,0,52069.11328125,0,0,0,0,183250.895876258,51310.2507093968,14660.0716616034,0,18325.0892797561,0,0,29320.1433232068,9162.54451780772,29320.1433232068,21990.1077365457,0,27487.6345830932,20157.5985081509,0,9895.54866669077,0,9895.54866669077,14660.0717836737,0,0,0,0,0,7330.03504527226,0,0,97043.2963040918,0,0,0,2199.0108224827,6871.90897750287,0,0,0,0,0,0,0,0,2433.33325195313,645280.4375,3886.65454101563
"NGA",3,1,"LSMS-ISA2015",2015,4,16,1616,296,0,160067,3,0,20000,0,0,0,27780.5546875,18250,0,119333.333333333,24023.96875,0,0,101388.885416667,40555.5546875,3476.1904296875,0,87194.4453125,0,0,182291.578125,0,0,0,0,0,0,0,0,12166.6666666667,0,26071.4296875,38238.0940755208,10428.5716145833,2607.14290364583,3476.1904296875,6952.380859375,7821.42854817708,0,0,45885.7151692708,0,18250,0,0,0,0,18836.0091145833,3476.1904296875,1178.16544596354,2033.5712890625,0,6536.74951171875,0,0,0,1853.96826171875,8980.15852864583,5867.89567057292,5971.59838867188,4095.490234375,347.619018554688,1216.66650390625,0,1764.16650390625,0,82433.3359375,940783.6875,3886.65454101563
"NGA",3,1,"LSMS-ISA2015",2015,4,16,1616,296,0,160068,2,0,12000,0,0,0,2129.16674804688,0,0,4600,1625.83337402344,0,0,0,0,0,0,10950,0,0,19431.310546875,0,0,0,0,9385.7138671875,0,0,0,0,5214.28564453125,0,13035.7138671875,5214.28564453125,521.428588867188,5475,0,5214.28564453125,0,0,0,0,0,0,0,0,18493.400390625,0,14744.7041015625,2944.84057617188,0,0,0,0,0,0,0,6517.85693359375,3740.20532226563,2242.14279174805,4103.3603515625,0,0,0,5722.67846679688,0,0,153306.21875,3886.65454101563
"NGA",3,1,"LSMS-ISA2015",2015,4,16,1616,296,0,160069,6,0,4000,0,0,0,1500.55550130208,0,0,3483.33333333333,1523.17468261719,0,0,0,0,3476.1904296875,0,4055.5556640625,0,0,4384.767578125,0,0,0,0,2607.14290364583,0,1738.09521484375,0,5648.8096110026,3476.1904296875,0,3476.1904296875,3476.1904296875,1738.09521484375,0,2607.14282226563,1738.09521484375,0,434.523803710938,1390.47623697917,0,18249.9994303385,1738.09521484375,0,0,2120.17659505208,0,2457.45068359375,0,0,0,0,0,0,0,0,4490.07926432292,0,2751.98404947917,1893.60904947917,0,0,0,864.702311197917,0,0,85320.6171875,3886.65454101563
"NGA",3,1,"LSMS-ISA2015",2015,4,16,1616,296,0,160070,4,0,6000,0,0,0,1520.83337402344,0,0,5400,765,0,0,0,0,0,0,12166.6669921875,0,0,9715.6552734375,0,0,0,0,4692.85693359375,0,5866.07141113281,0,5996.42852783203,5214.28564453125,0,6517.85693359375,1955.35717773438,260.714294433594,1303.57141113281,0,3650,0,130.357147216797,0,0,15121.4287719727,0,0,0,0,0,0,0,0,0,0,0,0,0,0,3258.92846679688,3740.20532226563,1086.30950927734,2840.41357421875,0,0,0,1323.12487792969,0,0,98526.0703125,3886.65454101563
"NGA",3,1,"LSMS-ISA2015",2015,4,16,1620,106,0,160071,3,608.333312988281,2000,0,0,0,2838.88899739583,0,0,2800,16643.4921875,0,0,811.111083984375,0,55619.046875,0,10138.888671875,96666.6640625,0,15345.7109375,0,0,0,0,0,0,0,13904.76171875,6083.33333333333,0,0,6952.380859375,32154.7613932292,0,6604.76204427083,0,10428.5712890625,0,0,0,0,6952.380859375,6952.380859375,0,0,0,8072.57486979167,0,5744.34309895833,4786.71419270833,0,10201.8626302083,0,0,0,1483.17447916667,0,1232.06754557292,0,6627.63151041667,8581.845703125,625.714274088542,0,86.9047648111979,0,12166.6669921875,353114.96875,5891.35009765625
"NGA",3,1,"LSMS-ISA2015",2015,4,16,1620,106,0,160072,2,0,3000,0,3041.66674804688,0,8516.6669921875,3650,0,8300,9303.2138671875,0,0,18250,0,0,0,20683.333984375,6800,0,32853.26953125,0,0,0,0,0,10428.5712890625,0,0,8603.57159423828,2607.14282226563,0,0,0,0,10950,2607.14282226563,13035.7143554688,0,0,2346.42858886719,0,16425.0003051758,3910.71435546875,0,0,0,8072.5751953125,0,8616.5146484375,8975.0888671875,0,27375,16946.427734375,0,6517.85693359375,0,0,0,2254.09228515625,8206.720703125,0,0,0,6517.85693359375,0,0,278794.59375,5891.35009765625
"NGA",3,1,"LSMS-ISA2015",2015,4,16,1620,106,0,160073,8,0,750,0,1064.58337402344,0,3954.16674804688,0,0,1125,2612.08325195313,0,0,0,0,0,0,2889.58349609375,3000,0,1659.11584472656,0,0,0,0,0,0,0,0,977.678588867188,651.785705566406,0,2607.14282226563,3258.92846679688,651.785705566406,847.321411132813,0,2933.03567504883,0,260.714294433594,847.321441650391,0,107218.752319336,1955.35711669922,0,0,3180.26489257813,5045.35986328125,7372.35205078125,4308.25732421875,0,1694.64282226563,4477.48419189453,4888.39306640625,0,1629.46423339844,0,2079.84814453125,2227.6220703125,0,3195.46533203125,0,2242.14294433594,0,0,0,0,181605.640625,5891.35009765625
"NGA",3,1,"LSMS-ISA2015",2015,4,16,1620,106,0,160074,3,0,0,0,0,0,1622.22216796875,0,0,6233.33333333333,1393.73010253906,0,0,0,0,1738.09521484375,0,5272.22216796875,0,1738.09521484375,5740.7734375,0,0,0,0,3476.1904296875,0,0,0,2433.33341471354,0,0,5214.28580729167,6952.380859375,1042.85717773438,869.047607421875,0,1738.09521484375,2780.95247395833,347.619059244792,1738.09529622396,0,19119.0478515625,3476.1904296875,0,0,0,0,4914.9013671875,2429.22257486979,0,0,0,0,0,0,0,0,2380.95768229167,2943.17454020182,0,0,0,0,1729.40462239583,0,1216.66662597656,88540.890625,5891.35009765625
"NGA",3,1,"LSMS-ISA2015",2015,4,16,1620,106,0,160075,2,0,0,0,0,0,2190,0,0,2000,725.714294433594,0,0,0,0,2607.14282226563,0,4866.6669921875,0,0,14963.0908203125,0,0,0,0,0,6839.2223540087,0,0,8207.06715390124,10258.8339557639,0,0,17098.0556408811,1367.84453317563,0,1709.80558850217,2735.68906635127,4103.53357695062,0,683.922266587817,0,3419.61117700435,0,0,0,8342.67257425751,7058.83036322868,0,5650.84693003693,0,0,3419.61117700435,0,0,0,0,9831.3825440034,3248.63059959406,3510.80065332857,0,1139.87039986021,0,0,3402.51291224283,0,1095,130476.3359375,5891.35009765625
"NGA",3,1,"LSMS-ISA2015",2015,4,16,1620,106,0,160076,3,811.111083984375,0,0,2433.33333333333,0,2352.22216796875,0,0,166.666666666667,2842.14282226563,0,0,0,0,2780.95247395833,0,12166.6669921875,0,0,14256.3154296875,0,0,0,0,0,0,0,0,4171.4287109375,0,0,10428.5716145833,6952.380859375,1390.47623697917,2085.71435546875,0,10080.9524739583,3476.1904296875,0,695.238118489583,0,4345.23811848958,4171.4287109375,0,0,0,5381.716796875,0,2354.44124348958,0,0,9106.107421875,0,0,0,0,741.587239583333,4761.91536458333,1784.44431559245,0,521.428588867188,0,0,1729.40462239583,0,0,111988.0625,5891.35009765625
"NGA",3,1,"LSMS-ISA2015",2015,4,16,1620,106,0,160077,3,0,0,0,0,0,2636.11116536458,0,0,0,1803.73010253906,0,0,0,0,3476.1904296875,0,4461.111328125,666.666687011719,1738.09521484375,34712.7421875,0,0,0,0,86904.7604166667,0,3476.1904296875,0,10428.5716145833,3476.1904296875,0,9559.52376302083,6952.380859375,1738.09521484375,5214.28564453125,0,6604.76188151042,0,0,5561.90478515625,5214.28580729167,24680.9521484375,2085.71435546875,0,0,0,0,0,0,0,0,10711.9563802083,0,0,0,0,0,1651.1904296875,1738.09521484375,0,0,0,0,0,0,1095,236588.5,5891.35009765625
"NGA",3,1,"LSMS-ISA2015",2015,4,16,1620,106,0,160078,2,1825,0,0,6083.33349609375,0,1825,0,0,2500,3016.0712890625,27375,0,0,0,5214.28564453125,0,13383.333984375,4700,0,131787.578125,0,0,0,0,13035.7138671875,0,9125,0,3910.71435546875,0,0,0,3910.71435546875,0,5214.28564453125,2607.14282226563,12253.5714111328,6517.85693359375,0,4432.14294433594,0,9646.4287109375,6517.85717773438,0,0,3711.06787109375,0,0,0,0,0,13772.515625,0,0,0,0,0,2476.78564453125,0,0,0,0,0,0,0,2737.5,297578.9375,5891.35009765625
"NGA",3,1,"LSMS-ISA2015",2015,4,16,1620,106,0,160079,5,0,0,0,0,0,365,0,0,1480,853.571472167969,0,0,486.666650390625,0,3128.571484375,0,2920,720,0,5576.78955078125,0,0,0,0,10428.57109375,0,4171.428515625,0,521.428564453125,0,0,10428.57109375,4171.428515625,1251.42861328125,2085.7142578125,1042.85712890625,6465.7142578125,2085.7142578125,0,1251.42861328125,0,3128.571484375,2085.7142578125,0,0,1187.541796875,0,0,0,0,0,5509.00625,0,0,0,0,0,990.7142578125,0,0,0,0,0,0,0,973.333312988281,73309.765625,5891.35009765625
"NGA",3,1,"LSMS-ISA2015",2015,4,16,1620,106,0,160080,8,0,0,0,912.5,0,1977.08337402344,0,0,1187.5,1404.49401855469,0,0,912.5,0,3258.92846679688,0,2585.41674804688,2010.41674804688,0,13017.2783203125,0,0,0,651.785705566406,29330.357421875,6517.85693359375,7821.4287109375,0,6191.96420288086,0,0,6517.85693359375,5866.0712890625,456.25,3845.53576660156,1303.57141113281,4953.5712890625,3258.92846679688,0,2737.50006103516,0,2737.5,3258.92858886719,0,0,0,0,0,0,0,0,5929.8330078125,0,0,0,0,0,1086.72207641602,0,0,0,0,0,0,0,760.416687011719,120492.1953125,5891.35009765625
"NGA",3,1,"LSMS-ISA2015",2015,4,16,1618,1060,0,160081,4,0,0,0,0,0,1672.91662597656,0,0,2600,1663.21435546875,0,0,0,0,0,10645.8330078125,3650,7500,0,9554.92578125,0,0,0,0,3910.71435546875,3910.71435546875,0,0,3128.57141113281,1303.57141113281,0,2607.14282226563,9776.78540039063,0,3128.57153320313,0,2737.5,2607.14282226563,260.714294433594,2085.71429443359,0,9125,2085.71435546875,0,0,0,0,0,4500.73193359375,5385.0537109375,0,9125,0,0,0,0,0,924.050659179688,3366.47326660156,0,0,0,0,0,0,0,107256.0625,6341.3837890625
"NGA",3,1,"LSMS-ISA2015",2015,4,16,1618,1060,0,160082,5,0,0,0,0,0,973.33330078125,0,0,0,3284.90478515625,0,0,0,0,0,0,0,8000,0,9207.4267578125,0,0,0,0,0,3650,0,0,4692.85712890625,0,0,2085.7142578125,5214.285546875,2085.71435546875,5005.71435546875,0,5318.57143554688,2085.7142578125,208.571435546875,834.2857421875,0,1042.85712890625,2815.71435546875,0,0,0,8072.57578125,0,10493.797265625,0,0,10428.57109375,0,0,0,0,0,1478.4810546875,1803.273828125,3408.49609375,0,0,0,0,0,0,92190.8671875,6341.3837890625
"NGA",3,1,"LSMS-ISA2015",2015,4,16,1618,1060,0,160083,6,0,0,0,0,0,202.777770996094,0,0,0,931.349182128906,0,0,0,0,0,0,1622.22216796875,500,0,1066.47863769531,0,0,0,0,6517.857421875,4345.23795572917,0,0,2172.61905924479,0,0,1738.09521484375,9125.00032552083,695.238118489583,1911.90478515625,0,3910.71435546875,1738.09521484375,173.809529622396,1564.28572591146,0,9559.52384440104,1651.19051106771,0,0,2607.14306640625,0,0,6000.97591145833,0,0,3570.65234375,0,0,0,0,0,0,1308.97412109375,0,0,0,0,0,0,0,62914.1484375,6341.3837890625
"NGA",3,1,"LSMS-ISA2015",2015,4,16,1618,1060,0,160084,3,0,0,0,0,0,3244.4443359375,0,0,8000,9080.1591796875,0,0,0,0,20857.1432291667,1622.22216796875,13788.8896484375,3000,0,12739.9013671875,0,0,0,0,0,6083.33333333333,0,0,7126.19051106771,0,0,3476.1904296875,14773.8092447917,1738.09521484375,2085.71435546875,0,6604.76188151042,0,695.238118489583,5214.28564453125,0,29026.1907552083,3650.00008138021,0,0,0,9866.48046875,0,6000.97591145833,0,0,8161.49088541667,0,0,0,0,1738.09521484375,1232.06754557292,1502.72819010417,2840.41341145833,0,0,0,434.523763020833,0,0,184583.34375,6341.3837890625
"NGA",3,1,"LSMS-ISA2015",2015,4,16,1618,1060,0,160085,5,0,0,0,0,0,486.666650390625,0,0,6720,850.238098144531,0,0,0,0,3650,8516.66640625,7300,1880,4171.428515625,2410.75439453125,0,0,0,0,2607.1427734375,0,0,0,6778.57153320313,1042.85712890625,0,7300,3650,1251.42861328125,6257.14282226563,1042.85712890625,5839.99995117188,2085.7142578125,521.428564453125,2502.8572265625,2085.7142578125,3649.99995117188,2398.57141113281,0,0,1781.3125,0,10428.571875,9178.358203125,0,0,5509.00625,0,0,0,0,0,990.7142578125,0,0,0,0,0,0,0,608.333374023438,113496.3359375,6341.3837890625
"NGA",3,1,"LSMS-ISA2015",2015,4,16,1618,1060,0,160086,5,0,0,0,0,0,486.666650390625,0,0,0,450.238098144531,0,0,0,0,4171.428515625,0,1703.33337402344,1000,521.428564453125,1905.66564941406,0,0,0,0,0,0,0,0,4739.96655830847,1156.08943183708,0,0,6936.53662411539,924.871591150746,5202.40256574279,0,4624.35780926936,2312.17886367416,462.435795575373,3237.05045482491,0,4046.31301970301,4971.18468409594,0,0,1645.60465669261,0,0,3991.53326204673,0,0,0,0,0,0,0,0,1098.28495138805,0,0,0,0,0,0,0,0,55587.57421875,6341.3837890625
"NGA",3,1,"LSMS-ISA2015",2015,4,16,1618,1060,0,160088,6,0,0,0,0,0,1318.05558268229,0,0,3350,617.182556152344,0,0,4055.5556640625,506.944458007813,1738.09521484375,608.333333333333,8111.111328125,0,0,5925.30224609375,0,0,0,0,5214.28580729167,0,0,0,4519.04752604167,0,0,8690.47591145833,5214.28580729167,1390.47623697917,0,0,6083.33325195313,3476.1904296875,521.428588867188,2433.33341471354,3476.1904296875,9298.80965169271,0,0,0,5721.22981770833,0,4914.9013671875,2620.40209960938,0,0,11297.6193033854,0,0,0,0,4490.07926432292,4119.05289713542,892.222157796224,0,0,0,0,2967.79760742188,0,405.555541992188,113977.28125,6341.3837890625
"NGA",3,1,"LSMS-ISA2015",2015,4,16,1618,1060,0,160089,6,0,0,0,0,0,1216.66666666667,0,0,4633.33333333333,974.126953125,0,0,2433.33333333333,0,869.047607421875,0,8719.4443359375,666.666687011719,0,12951.9267578125,0,0,0,0,4692.85709635417,0,0,0,1911.90478515625,0,0,0,5214.28580729167,4692.85729980469,2259.52380371094,1738.09521484375,3215.47627766927,2607.14290364583,260.714294433594,2780.95239257813,0,5909.52368164063,2085.71435546875,0,0,0,0,0,6580.244140625,0,1807.61897786458,0,0,0,0,0,1598.13655598958,623.367553710938,1037.06346638997,0,0,869.047688802083,0,882.083251953125,0,0,83231.1484375,6341.3837890625
"NGA",3,1,"LSMS-ISA2015",2015,4,16,1618,1060,0,160090,6,0,0,0,0,0,851.666666666667,0,0,2200,340.476196289063,0,0,2433.33333333333,0,869.047607421875,0,4055.5556640625,0,7300,6369.95068359375,0,0,0,0,3650,0,0,0,1042.85717773438,0,0,0,3910.71419270833,347.619059244792,0,0,2867.85717773438,869.047607421875,260.714294433594,1390.47623697917,3476.1904296875,5040.47607421875,0,0,0,0,0,2457.45068359375,2944.84049479167,0,0,0,0,0,0,0,1683.77978515625,1246.73510742188,168.015858968099,0,0,0,0,864.702311197917,0,0,56641.50390625,6341.3837890625
"NGA",3,1,"LSMS-ISA2015",2015,4,16,1601,954,0,160091,9,270.370361328125,1333.33337402344,0,1216.66666666667,0,135.185180664063,0,0,1733.33333333333,766.798950195313,0,0,1081.4814453125,0,14484.1267361111,0,4055.5556640625,177.777770996094,0,7719.970703125,0,0,0,1158.73014322917,0,0,0,0,2896.82541232639,0,0,0,6952.380859375,0,637.301595052083,289.682535807292,1738.09521484375,1738.09526909722,0,579.365071614583,2607.14279513889,32444.444281684,1911.90474446615,0,0,0,0,0,10001.6267361111,0,0,0,0,0,0,0,1448.41265190972,0,0,0,0,0,0,0,0,0,97378.609375,4970.82666015625
"NGA",3,1,"LSMS-ISA2015",2015,4,16,1601,954,0,160092,3,608.333312988281,4000,0,0,0,2027.77783203125,0,0,19000,18946.984375,1216.66662597656,0,6083.33333333333,81111.109375,0,4866.66666666667,20277.77734375,1866.66662597656,0,23159.912109375,0,0,0,0,0,0,0,0,12514.2859700521,1738.09521484375,0,6952.380859375,8690.47591145833,2780.95247395833,5561.90478515625,0,16511.9044596354,7821.42838541667,869.047607421875,5040.47607421875,0,37369.0475260417,0,0,0,2607.14306640625,6278.669921875,0,3272.04524739583,0,0,15812.8880208333,17380.9518229167,0,0,0,7718.88118489583,3613.02522786458,869.047607421875,0,0,0,0,521.428548177083,0,202.777770996094,347292.0625,4970.82666015625
"NGA",3,1,"LSMS-ISA2015",2015,4,16,1601,954,0,160093,8,228.125,1500,0,0,0,532.291687011719,0,0,200,1087.67858886719,0,0,0,0,0,380.208343505859,1520.83337402344,300,0,2062.23095703125,0,0,0,0,2933.03564453125,0,0,0,1303.57144165039,651.785705566406,0,1955.35717773438,3584.82141113281,260.714294433594,651.785705566406,1303.57141113281,3780.35717773438,1629.46423339844,130.357147216797,1336.16070556641,651.785705566406,9776.78558349609,1955.35711669922,0,0,2477.90966796875,3027.21557617188,0,8714.3251953125,0,0,0,0,0,0,0,814.732116699219,0,0,0,0,0,0,0,0,0,54750.45703125,4970.82666015625
"NGA",3,1,"LSMS-ISA2015",2015,4,16,1601,954,0,160094,10,182.5,1200,0,0,0,973.33330078125,0,0,880,496.809509277344,0,0,0,0,1042.85712890625,0,3528.33325195313,0,0,3886.26220703125,0,0,0,0,2815.7142578125,0,0,0,886.428588867188,0,0,4171.428515625,1042.85712890625,625.714306640625,1251.42861328125,260.714282226562,1564.28569335938,2346.428515625,521.428564453125,1512.14282226563,782.14287109375,8342.85705566406,0,0,0,0,0,0,2454.0337890625,0,0,0,0,0,0,0,1303.57138671875,585.8748046875,312.857153320312,0,0,0,0,2005.44946289063,0,0,44975.44921875,4970.82666015625
"NGA",3,1,"LSMS-ISA2015",2015,4,16,1601,954,0,160095,8,851.666687011719,1500,0,7604.16650390625,0,1520.83337402344,0,0,2345,2072.26196289063,0,0,0,0,6517.85693359375,0,5322.9169921875,0,0,4857.82763671875,0,0,0,0,0,3910.71435546875,0,0,6517.85717773438,1955.35711669922,13035.7138671875,11732.142578125,4236.60705566406,782.142883300781,1759.82144165039,2607.1428527832,3910.71429443359,3258.92846679688,325.892852783203,1955.35717773438,0,17598.2141113281,977.678558349609,0,0,1499.89001464844,5381.716796875,0,8589.119140625,0,0,10102.6787109375,0,0,0,0,1629.46423339844,2908.01196289063,0,0,0,0,0,0,0,0,137267.703125,4970.82666015625
"NGA",3,1,"LSMS-ISA2015",2015,4,16,1601,954,0,160096,8,304.166656494141,1500,0,456.25,0,882.083312988281,0,0,812.5,1747.23217773438,0,0,0,0,1303.57141113281,0,3954.16674804688,0,0,4500,0,0,0,0,3128.57153320313,0,0,0,1825.00006103516,0,0,1303.57141113281,977.678588867188,651.785705566406,782.142883300781,0,1368.75,1303.57141113281,195.535720825195,325.892852783203,651.785705566406,12058.0358581543,0,0,0,1855.53393554688,0,0,1963.22717285156,0,0,765.139770507813,0,0,0,0,1629.46423339844,892.859130859375,586.607147216797,0,0,0,0,3227.11529541016,0,0,50952.23828125,4970.82666015625
"NGA",3,1,"LSMS-ISA2015",2015,4,16,1601,954,0,160097,9,135.185180664063,1333.33337402344,0,0,0,675.925944010417,0,0,322.222222222222,1338.38623046875,270.370361328125,0,405.555555555556,0,579.365071614583,202.777777777778,1351.85180664063,111.111114501953,579.365071614583,12171.6904296875,0,0,0,0,1257.87531059457,0,0,0,628.937655297286,0,0,6289.37644446591,2515.75069060396,503.150150487621,0,0,1572.34413824321,0,125.787537621905,125.787537621905,0,2201.28182824791,754.725221941096,0,0,1790.48903842535,0,0,4687.23081109739,0,66.0384619512999,0,0,0,0,0,1179.25817419341,861.560366865387,0,0,0,0,1257.87543426286,0,0,0,45294.609375,4970.82666015625
"NGA",3,1,"LSMS-ISA2015",2015,4,16,1601,954,0,160098,6,405.555541992188,2000,0,1216.66666666667,0,0,0,0,1333.33333333333,1076.1904296875,0,0,2027.77783203125,0,0,0,4461.111328125,333.333343505859,0,4384.767578125,0,0,0,0,2085.71435546875,4345.23795572917,0,0,2172.61901855469,869.047607421875,0,3041.66666666667,2607.14290364583,0,0,434.523803710938,3476.1904296875,1738.09521484375,0,2346.42862955729,0,3910.71419270833,2607.14282226563,0,0,0,0,0,7774.87239583333,0,0,0,0,0,0,0,8690.47591145833,4174.85107421875,557.610026041667,0,0,0,0,0,0,2027.77783203125,70098.8515625,4970.82666015625
"NGA",3,1,"LSMS-ISA2015",2015,4,16,1601,954,0,160099,1,0,12000,0,0,0,3650,0,0,4000,12085.71484375,0,0,0,0,0,0,18250,22000,0,54176.5,0,0,0,0,31285.71484375,0,15642.857421875,0,10428.5712890625,0,0,36500,18250,5214.28564453125,0,5214.28564453125,28678.5708007813,0,0,12514.2861328125,0,91249.9990234375,13557.1428222656,0,0,0,0,0,0,0,2737.5,0,0,0,0,3128.57153320313,13035.7138671875,4953.5712890625,0,0,0,15642.85546875,0,3240.30615234375,0,0,437436.4375,4970.82666015625
"NGA",3,1,"LSMS-ISA2015",2015,4,16,1601,954,0,160100,1,4866.66650390625,12000,0,3650,0,3650,0,0,4200,8475.9521484375,0,0,0,0,0,0,0,600,2607.14282226563,12234.2177734375,0,0,0,0,5335.36871318872,0,37347.5815445366,0,5335.36871318872,58689.0553354832,0,0,10670.7374263774,4268.29516799462,3201.22137865989,10670.7374263774,21341.4748527549,5335.36871318872,0,1067.07379199865,0,13338.4220377681,14939.0323608871,0,0,0,0,0,0,0,2801.06861477467,0,0,45731.7338169907,0,0,6669.21076408773,0,5335.36871318872,0,0,0,0,0,0,0,304361.0625,4970.82666015625
"NGA",3,1,"LSMS-ISA2015",2015,4,16,1606,590,0,160101,3,2027.77783203125,0,0,0,0,1825,0,0,7333.33333333333,1477.619140625,0,0,4866.66666666667,0,0,0,23116.666015625,4000,0,8800.408203125,0,0,0,0,8342.857421875,0,6083.33333333333,0,7299.99975585938,0,0,13904.76171875,4866.66666666667,7300,6604.76204427083,0,6778.57145182292,4345.23795572917,0,5301.19051106771,0,55966.6666666667,13730.9520263672,0,0,6360.529296875,0,14661.5403645833,0,0,0,2323.75764973958,0,0,0,0,0,8057.57845052083,0,0,0,0,0,0,0,0,225375.875,7977.86962890625
"NGA",3,1,"LSMS-ISA2015",2015,4,16,1606,590,0,160103,5,0,0,0,0,0,1460,0,0,2600,5758.6669921875,0,0,0,0,0,0,4136.6669921875,2280,730,15542.3125,0,0,0,0,6257.14296875,0,6257.14296875,0,5422.85703125,0,0,8864.2859375,4171.428515625,3337.14296875,4588.571484375,0,1877.14287109375,3128.571484375,0,3962.85712890625,0,13557.142578125,5527.14301757813,0,0,3432.737890625,0,8796.92421875,0,0,9354.428125,1394.25458984375,0,0,0,0,0,4652.819140625,2085.71416015625,0,0,0,0,0,0,0,129175.9453125,7977.86962890625
"NGA",3,1,"LSMS-ISA2015",2015,4,16,1610,1006,0,160104,2,0,0,0,0,0,1825,0,0,0,1329.76196289063,0,0,4258.33349609375,0,0,0,6083.33349609375,1500,0,74620,0,0,0,0,7821.4287109375,10428.5712890625,7821.4287109375,0,4692.85693359375,0,0,16946.427734375,5214.28564453125,4171.4287109375,7821.42846679688,0,17989.2858886719,0,0,8864.28564453125,0,0,6517.85723876953,0,0,5999.56005859375,0,0,0,0,0,15416.1484375,0,0,0,0,0,14660.0439453125,0,0,0,0,0,0,0,0,223981.46875,5154.93115234375
"NGA",3,1,"LSMS-ISA2015",2015,4,16,1610,1006,0,160105,7,0,857.142883300781,0,0,0,295.476178850446,0,0,3742.85714285714,1326.08850097656,0,0,0,0,0,0,869.047668457031,1428.57141113281,0,2827.96240234375,0,0,0,0,4841.83649553571,7448.97935267857,3277.55106026786,0,5959.18359375,0,0,0,4841.83663504464,2756.12241908482,1489.7958984375,0,2234.69388253348,1489.7958984375,521.428571428571,0,0,5214.28557477679,4618.36732700893,0,0,0,0,0,0,0,0,0,0,0,0,0,0,4081.64174107143,0,0,0,0,0,0,0,0,60122.66015625,5154.93115234375
"NGA",3,1,"LSMS-ISA2015",2015,4,16,1624,286,1,160106,3,811.111083984375,0,0,0,0,12166.6666666667,0,0,0,3490.873046875,0,0,0,0,0,0,12166.6669921875,2000,0,6381.89013671875,0,0,0,0,7678.12558023227,0,13436.7198999282,0,9021.79754763412,0,0,16891.8762964332,16316.0166777779,1151.7188872749,3839.06279011614,0,12860.8602812728,9597.65678429121,0,4798.82847352581,0,24953.9082137992,28601.0181043919,0,0,0,0,0,1799.19983737421,0,0,5028.33760583251,0,0,0,819.000004066237,3599.12157354822,0,0,0,0,0,0,0,0,0,197410.484375,8182.4306640625
"NGA",3,1,"LSMS-ISA2015",2015,4,16,1606,590,0,160107,5,243.33332824707,0,0,730,0,3650,0,0,2260,2640.52368164063,0,0,0,0,3128.571484375,0,2433.33349609375,200,0,12706.9755859375,0,0,0,0,2502.8572265625,0,2607.1427734375,0,3128.57133789062,0,20857.1421875,5735.71411132813,2607.1427734375,730,1564.2857421875,3858.57138671875,5110,0,208.571435546875,25654.2861816406,5214.285546875,31494.2859863281,3545.71435546875,0,0,0,0,4171.428515625,0,0,0,1201.552734375,0,0,0,625.714306640625,651.785693359375,1976.91276855469,0,0,0,1042.85712890625,0,0,0,1216.66662597656,153698.234375,7977.86962890625
"NGA",3,1,"LSMS-ISA2015",2015,4,16,1606,590,0,160108,1,0,0,0,0,0,2433.33325195313,0,0,0,7821.4287109375,0,0,0,0,0,0,4866.66650390625,2400,0,8385.6005859375,0,0,0,0,0,0,0,0,0,0,0,0,13035.7138671875,0,10428.5712890625,0,7821.42846679688,0,0,3128.57153320313,0,3128.57153320313,2607.14282226563,0,0,0,0,14744.7041015625,10428.5703125,0,0,0,0,0,0,0,0,2244.123046875,4420.8076171875,0,0,0,0,0,0,0,97895.234375,7977.86962890625
"NGA",3,1,"LSMS-ISA2015",2015,4,16,1606,590,0,160109,9,811.111083984375,0,0,337.962972005208,0,216.296291775174,0,0,0,1100.79357910156,0,0,0,0,0,0,1351.85192871094,333.333343505859,0,4246.6337890625,0,0,0,0,1462.49176316011,0,584.996716277583,0,1169.99343255517,0,0,0,1462.49176316011,350.998046286856,1520.99150556165,0,2105.98819552671,0,0,0,0,935.994762971546,1462.49181904202,0,0,0,0,0,0,0,0,0,0,0,0,0,0,0,292.498358138791,0,0,0,0,2.92498358999224,0,270.370361328125,20020.21484375,7977.86962890625
"NGA",3,1,"LSMS-ISA2015",2015,4,16,1624,286,1,160110,1,4866.66650390625,6000,0,0,0,2433.33325195313,0,0,600,1772.85717773438,0,0,0,0,0,0,14600,0,0,63118.94921875,0,0,0,0,10428.5712890625,31285.71484375,10428.5712890625,0,5214.28564453125,0,0,0,20857.142578125,0,10428.5712890625,0,8342.85705566406,10428.5712890625,0,12514.2856445313,0,12514.2856445313,11992.8570556641,0,0,1977.83264160156,0,0,0,0,0,0,0,0,0,0,0,7142.873046875,74.4897994995117,0,0,0,0,0,0,0,247022.734375,8182.4306640625
"NGA",3,1,"LSMS-ISA2015",2015,4,16,1603,158,0,160111,6,0,4000,0,0,0,1176.11108398438,0,0,3583.33333333333,978.571472167969,0,0,7097.22200520833,0,2607.14290364583,0,5880.55615234375,0,0,9342.572265625,0,0,0,0,0,0,0,0,7386.90486653646,0,0,0,4084.52392578125,2085.71435546875,695.238118489583,2172.61905924479,3041.66666666667,0,608.333333333333,2433.33341471354,0,7473.80940755208,1738.09521484375,0,0,0,8072.57486979167,4914.9013671875,2872.17154947917,0,0,4345.23795572917,0,3724.48990885417,0,1483.17447916667,4490.07926432292,0,2172.61905924479,3647.43131510417,0,0,0,864.702311197917,0,405.555541992188,103378.671875,4050.30322265625
"NGA",3,1,"LSMS-ISA2015",2015,4,16,1610,1006,0,160112,5,0,1200,0,0,0,1557.33330078125,121.666662597656,0,4880,2671.76196289063,0,0,4866.666796875,0,8342.85703125,0,7300,1946.66662597656,0,7772.5244140625,0,0,0,1042.85712890625,5631.4287109375,0,2085.7142578125,0,8760.00029296875,2085.7142578125,0,9385.71416015625,18249.999609375,6987.14306640625,5735.71430664063,0,7091.42861328125,3128.571484375,104.285717773438,7299.99985351562,0,20857.1423828125,7717.14260253906,0,0,0,0,0,0,0,3118.1427734375,306.055908203125,0,0,0,0,0,15870.518359375,0,0,0,0,0,0,0,48.6666641235352,166165.734375,5154.93115234375
"NGA",3,1,"LSMS-ISA2015",2015,4,16,1624,286,1,160113,2,0,6000,0,0,0,973.333312988281,0,0,1500,1303.57141113281,0,0,0,0,0,0,18250,0,0,21793.0625,0,0,0,0,0,0,5214.28564453125,0,28678.572265625,0,0,26071.427734375,13035.7138671875,15642.857421875,9907.14270019531,0,18771.4288330078,0,104.285705566406,5422.85693359375,0,24246.4282226563,7560.71411132813,0,0,0,10763.43359375,0,0,0,0,0,0,0,0,0,0,7022.55136108398,0,8521.240234375,0,234.642852783203,0,6.51785707473755,0,6083.33349609375,237107.390625,8182.4306640625
"NGA",3,1,"LSMS-ISA2015",2015,4,16,1610,1006,0,160114,2,3041.66674804688,3000,0,0,0,1825,1825,0,800,1130,0,0,0,0,7821.4287109375,0,9733.3330078125,0,0,27548.041015625,0,0,0,0,0,0,3112.87321492635,0,5291.88467019087,6225.7464298527,0,12451.4928597054,17120.8029367373,0,6848.32112906932,3112.87321492635,8716.04522671919,0,0,2179.0113066798,0,3735.44791414297,6848.32125113963,0,0,71633.4855619769,6425.65571924142,0,9476.15431898963,0,0,4161.77604034003,0,0,0,2801.58610145233,0,0,0,5087.09007668003,0,0,0,7.78218314338977,0,912.5,232873.328125,5154.93115234375
"NGA",3,1,"LSMS-ISA2015",2015,4,16,1610,1006,0,160115,2,3041.66674804688,3000,0,0,0,1216.66662597656,0,0,3800,8576.1904296875,0,0,0,0,0,0,7300,5000,0,8744.9814453125,0,0,0,9125,19553.572265625,14339.2861328125,0,10428.5712890625,0,10428.5712890625,0,5214.28564453125,16946.4282226563,3128.57153320313,6517.85717773438,2607.14282226563,14339.2857666016,13035.7138671875,0,9385.71459960938,0,2607.14282226563,8342.85717773438,0,0,0,0,0,0,0,0,2607.14282226563,0,0,0,0,0,2476.78564453125,0,0,0,0,0,0,0,608.333312988281,192371.75,5154.93115234375
"NGA",3,1,"LSMS-ISA2015",2015,4,16,1610,1006,0,160116,2,608.333312988281,3000,0,0,0,912.5,0,0,1600,1816.54760742188,0,0,0,0,0,0,2433.33325195313,2000,0,12944.66015625,0,0,0,1333.32350562377,7999.94127788326,0,5333.29402249509,0,11999.9116726843,0,0,13333.23479306,13333.2353003783,2399.98223307318,6666.61765018917,0,11999.9115506139,0,0,2666.64701124754,0,2666.64701124754,2666.64701124754,0,0,0,13761.366357218,0,0,0,0,0,0,0,0,4740.70562655207,1666.6543491325,2115.7792541284,1377.76763293986,0,0,7777.72087354525,0,666.661689397094,0,912.5,140733.9375,5154.93115234375
"NGA",3,1,"LSMS-ISA2015",2015,4,16,1610,1006,0,160117,2,0,3000,0,0,0,1034.16662597656,0,0,200,2341.90478515625,0,0,20987.5,0,0,1825,5475,0,0,8982.9716796875,0,0,0,2607.14282226563,6517.85693359375,20857.142578125,10428.5712890625,0,7821.4287109375,0,0,0,39107.1416015625,8342.857421875,5996.42858886719,0,8733.92846679688,2607.14282226563,521.428588867188,1303.57141113281,0,70392.8576660156,13296.4287109375,0,0,0,0,0,0,0,0,0,0,0,0,556.1904296875,0,12867.7241210938,0,0,0,0,0,0,0,0,255804.375,5154.93115234375
"NGA",3,1,"LSMS-ISA2015",2015,4,16,1612,414,0,160118,8,760.416687011719,1500,0,0,0,821.25,0,0,3950,1242.5595703125,0,0,1216.66662597656,0,0,0,5475,1750,0,13693.1513671875,0,0,0,0,3910.71435546875,4888.39306640625,5703.125,0,4627.67849731445,0,0,7821.4287109375,4562.5,3063.39294433594,2933.03564453125,0,2150.89288330078,1955.35717773438,0,5214.28564453125,0,4562.5,6452.67854309082,0,0,2145.46118164063,0,0,0,0,0,1742.81823730469,0,0,0,0,0,0,1564.28576660156,0,0,0,0,0,0,0,93707.59375,3866.19848632813
"NGA",3,1,"LSMS-ISA2015",2015,4,16,1602,1576,0,160119,4,912.5,3000,0,0,0,1095,0,0,6000,1260.11901855469,0,0,0,0,0,0,12775,1750,0,27386.302734375,0,0,0,3283.17621862673,5745.55842384946,9849.52897915069,8618.33775446902,0,5745.5585640145,0,0,19699.0579583014,7879.62324932485,6402.19390901504,8043.78199685819,0,3611.49392164458,4103.97023203073,0,3447.33507013565,0,0,6730.51102652703,0,0,0,0,0,0,0,0,3292.09769146482,0,0,0,0,0,4654.62976635317,2051.98511601536,0,0,0,0,0,0,0,157337.765625,2863.8505859375
"NGA",3,1,"LSMS-ISA2015",2015,4,16,1602,1576,0,160120,2,1825,6000,0,0,0,2433.33325195313,0,0,0,4958.5712890625,0,0,0,0,0,0,7300,4800,0,28027.716796875,0,0,0,0,8371.71444799517,0,9767.00003606999,0,8371.71444799517,0,0,16743.4288959904,12557.5711552034,4464.91442786556,8929.8286115905,0,10883.2283632606,5581.1427835643,0,3906.79999162152,0,0,7534.54314156703,0,0,10584.926706092,0,0,0,0,0,0,0,0,0,0,0,5934.37966562088,2790.57139178215,0,0,0,0,0,0,0,171766.390625,2863.8505859375
"NGA",3,1,"LSMS-ISA2015",2015,4,16,1602,1576,0,160121,7,0,3428.57153320313,0,0,0,1216.66671316964,0,0,1257.14285714286,658.775512695313,0,0,4866.66685267857,0,0,0,10428.5712890625,1571.42858886719,0,15649.3154296875,0,0,0,0,3724.48967633929,0,5214.28571428571,0,4841.83670479911,0,0,13408.1629464286,3352.04073660714,2085.71428571429,5065.30622209821,1489.7958984375,2607.14285714286,2234.69391741071,0,4059.69391741071,0,2234.69391741071,3947.95929827009,0,0,5142.47991071429,0,6319.15848214286,0,0,0,0,0,0,0,0,1668.21107700893,1020.41043526786,1117.34695870536,0,0,0,0,0,0,0,108610.5546875,2863.8505859375
"NGA",3,1,"LSMS-ISA2015",2015,4,16,1608,1104,0,160122,7,0,1714.28576660156,0,0,0,869.047642299107,0,0,628.571428571429,470,0,0,3823.80943080357,0,0,0,0,2000,0,11301.0673828125,0,0,0,0,2979.591796875,3724.48967633929,5214.28571428571,0,2607.14289202009,0,0,6331.6328125,0,2085.71428571429,1787.75516183036,0,1415.30608258929,1862.24483816964,0,2942.34692382813,0,18622.4489397321,3947.95929827009,0,0,3428.32003348214,0,0,0,0,0,0,0,0,0,0,1303.57142857143,1020.41043526786,1809.03784179688,0,0,0,0,0,0,0,81889.0390625,4418.5126953125
"NGA",3,1,"LSMS-ISA2015",2015,4,16,1612,414,0,160123,1,0,12000,0,0,0,9733.3330078125,0,0,0,0,0,0,0,0,0,0,0,8000,0,38226.08203125,0,0,0,0,15642.857421875,0,18250,0,0,0,0,0,41714.2861328125,10428.5712890625,0,0,8342.85717773438,4171.4287109375,1042.85717773438,2607.14282226563,0,39107.14453125,7821.4287109375,0,0,0,0,58679.43359375,18002.927734375,0,54.2285766601563,0,0,0,56612.2421875,0,9776.7861328125,0,0,11361.654296875,0,0,0,0,0,0,371575.3125,3866.19848632813
"NGA",3,1,"LSMS-ISA2015",2015,4,16,1602,1576,0,160124,3,2027.77783203125,4000,0,0,0,2433.33333333333,0,0,0,3965.873046875,0,0,0,0,13904.76171875,0,9733.3330078125,12000,0,49953.32421875,0,0,0,0,9249.68752775573,8324.71885334343,12949.5629206436,0,0,0,0,22199.2512320321,25899.1258412872,6289.78785845323,7399.75017893114,0,7954.73147983199,5919.80040356158,1849.93754473279,924.968772366393,0,32373.9074342002,13134.5570213142,0,0,0,0,10462.3273448338,0,0,1923.93499873933,4262.89939033698,0,0,0,0,1849.93754473279,5272.32190991004,17997.1786707186,0,0,0,0,0,0,0,294256.8125,2863.8505859375
"NGA",3,1,"LSMS-ISA2015",2015,4,16,1602,1576,0,160125,4,456.25,3000,0,0,0,2585.41674804688,0,0,2550,1574.10717773438,0,0,9125,0,0,0,6083.33349609375,1750,3910.71435546875,10165.51171875,0,0,0,0,4562.5,7821.4287109375,9125,0,0,0,0,0,31285.7138671875,2737.5,7169.64270019531,0,1955.35711669922,2607.14282226563,1303.57141113281,1825,0,32589.28515625,5083.92868041992,0,0,0,0,0,0,0,3389.28564453125,3003.8818359375,0,0,0,0,6417.91625976563,4108.72521972656,3381.13842773438,0,0,0,0,0,0,0,169567.375,2863.8505859375
"NGA",3,1,"LSMS-ISA2015",2015,4,16,1612,414,0,160127,4,0,3000,0,0,0,2433.33325195313,0,0,0,608.333312988281,0,0,0,0,0,0,10950,5000,7821.4287109375,16190.2177734375,0,0,0,0,5172.39538629317,8866.96377089665,10344.7907725863,0,0,0,0,0,23645.2359762953,2364.52370597937,5911.30899407384,0,5172.39538629317,3546.78555005773,1477.82724851846,2364.52370597937,0,7389.13606705407,4876.83004801593,0,0,0,0,0,0,0,15.369405022446,0,0,0,0,0,0,0,0,0,0,0,0,0,0,0,127151.3984375,3866.19848632813
"NGA",3,1,"LSMS-ISA2015",2015,4,16,1612,414,0,160128,5,0,2400,0,0,0,2190,0,0,34120,1695,0,0,8516.66640625,0,0,0,8760,3400,4171.428515625,7645.21630859375,0,0,0,0,8864.2859375,0,6257.14296875,0,9594.28564453125,0,0,0,20857.14296875,3128.571484375,3128.57138671875,0,5944.2857421875,0,834.2857421875,2085.7142578125,0,25028.57109375,5318.57150878906,0,0,0,0,0,0,0,0,2403.10546875,0,0,0,0,0,3071.2140625,0,0,0,0,0,0,0,0,169414.0625,3866.19848632813
"NGA",3,1,"LSMS-ISA2015",2015,4,16,1622,18,0,160129,2,0,6000,0,0,0,1825,0,0,0,3270.23803710938,0,0,0,0,0,0,8516.6669921875,2700,0,28027.716796875,0,0,0,0,9482.4253682266,0,0,0,7585.94009485294,0,0,27092.6430246714,10837.0574301154,7585.940298737,9211.4990981775,0,7585.94042080731,8127.79330633784,0,6637.6977536029,0,0,1354.63217876442,0,0,0,0,15244.4753287503,12160.2647116311,0,0,0,0,0,0,0,3386.58037808392,11522.9470772321,10159.7413783924,0,0,0,0,0,0,0,198315.203125,4786.7216796875
"NGA",3,1,"LSMS-ISA2015",2015,4,16,1612,414,0,160130,7,486.666687011719,1714.28576660156,0,0,0,278.095232282366,0,0,971.428571428571,733.877502441406,0,0,521.428571428571,0,0,0,5214.28564453125,1714.28576660156,0,8007.9189453125,0,0,0,0,5882.71793612361,5042.32977208554,5882.71793612361,0,2941.35900293904,0,0,11765.4358722472,3361.55305008084,3949.82493642981,3697.70846177642,0,2016.9318526177,2100.97062142329,0,2100.97065630052,0,0,7815.61106917679,0,0,0,0,0,0,0,0,2808.90650981207,0,0,0,0,0,7323.7921017058,1176.54359009749,0,0,0,0,0,0,0,87509.6484375,3866.19848632813
"NGA",3,1,"LSMS-ISA2015",2015,4,16,1612,414,0,160131,4,912.5,3000,0,0,0,1216.66662597656,0,0,600,1665.35717773438,0,0,0,0,0,0,3650,5000,0,48773.66015625,0,0,0,0,7519.45501946878,4511.67323118045,0,0,5714.78608491793,0,0,0,16542.8020507332,4962.84052585332,3609.33864183471,0,4210.89492647757,3759.72750973439,0,3158.17122509153,0,751.945518185023,5865.17490157601,0,0,6921.51156097782,0,0,5192.35873986489,0,0,3825.1140553529,0,0,0,0,2631.80935424294,2060.12931357288,0,0,0,0,0,0,0,0,146055.921875,3866.19848632813
"NGA",3,1,"LSMS-ISA2015",2015,4,16,1624,286,1,160132,1,18250,0,0,0,0,14600,0,0,6200,2807.14282226563,0,0,0,0,26071.427734375,0,7300,0,0,127680.34375,0,0,0,10428.5712890625,18250,20857.142578125,20857.142578125,0,6257.14306640625,31285.71484375,0,26071.427734375,41714.28515625,0,3650,2607.14282226563,6257.14306640625,23464.28515625,0,8864.28564453125,0,5214.28564453125,23464.28515625,0,0,0,0,0,15873.2373046875,0,0,0,0,0,0,0,6517.85693359375,3434.91040039063,6039.70776367188,0,0,0,0,6493.64801883698,0,4258.3330078125,494769.5,8182.4306640625
"NGA",3,1,"LSMS-ISA2015",2015,4,16,1624,286,1,160133,2,1216.66662597656,0,0,608.333312988281,0,0,0,0,500,1303.57141113281,0,0,0,0,0,0,0,0,0,4997.96484375,0,0,0,0,5215.86726216976,0,2607.93363108488,0,0,0,0,0,6519.83395564188,0,1303.96681554244,0,1303.96687660935,0,0,2607.93363108488,0,0,2607.93363108488,0,0,0,0,0,0,0,5153.27650525379,765.371855705458,0,0,0,0,0,0,0,0,0,0,0,26.0793363872221,0,6083.33349609375,42822.03515625,8182.4306640625
"NGA",3,1,"LSMS-ISA2015",2015,4,16,1625,1210,0,160134,6,8.11111164093018,18000,0,0,0,6083.33333333333,0,0,8533.33333333333,22566.349609375,0,0,64888.890625,0,1738.09521484375,0,35080.5546875,0,0,15298.15625,0,0,0,0,2085.71435546875,0,0,0,3476.1904296875,8690.47591145833,17380.9518229167,0,0,4692.85709635417,1042.85717773438,40845.23828125,1738.09521484375,1738.09521484375,0,3128.57153320313,0,41105.9527994792,0,0,0,0,0,0,654.409057617188,0,2902.61905924479,0,0,0,0,1483.17447916667,544.603149414063,0,3041.49865849813,0,289.682535807292,2129.16666666667,0,864.702311197917,0,2838.88891601563,312870.53125,4602.6171875
"NGA",3,1,"LSMS-ISA2015",2015,4,16,1625,1210,0,160135,3,2271.11108398438,4000,0,0,0,4055.5556640625,0,0,15133.3333333333,5353.8095703125,0,0,4055.5556640625,0,3476.1904296875,0,10138.8896484375,400,0,28000,0,0,0,1738.09521484375,0,15642.8567708333,2607.14290364583,0,11297.6192220052,6952.380859375,0,12166.6663411458,6952.380859375,6952.380859375,869.047607421875,15642.8570963542,11297.6189778646,0,521.428588867188,15642.8569335938,6952.380859375,57357.1417643229,2085.71435546875,0,0,0,8072.57486979167,0,6000.97591145833,0,0,0,0,0,0,1564.28580729167,8473.21451822917,0,4855.07932535807,4734.0224609375,0,0,0,1729.40462239583,0,37919.4453125,324912,4602.6171875
"NGA",3,1,"LSMS-ISA2015",2015,4,16,1622,0,1,160136,3,3406.66674804688,5400,0,0,608.333333333333,12166.6666666667,0,0,13800,16499.681640625,0,0,0,0,41714.2864583333,0,16222.22265625,0,0,30000,0,0,0,0,10428.5716145833,6952.380859375,1738.09521484375,13035.71484375,11471.4283854167,3476.1904296875,0,0,8690.47591145833,5214.28580729167,1042.85717773438,6083.33325195313,13035.7143554688,0,521.428588867188,12514.2858072917,0,15295.2384440104,4171.4287109375,0,0,0,0,0,627.087158203125,0,0,0,0,0,0,0,5061.33325195313,0,2421.74607340495,7294.86263020833,0,0,0,207.528584798177,0,31836.111328125,300937.96875,4602.6171875
"NGA",3,1,"LSMS-ISA2015",2015,4,16,1625,1210,0,160137,2,0,3000,0,0,0,4258.33349609375,0,3041.66674804688,18500,7605.71435546875,0,0,0,0,13035.7138671875,0,42583.33203125,70000,0,30000,0,0,0,2607.14282226563,6517.85693359375,5214.28564453125,7821.4287109375,2607.14282226563,5735.71423339844,5214.28564453125,0,13035.7138671875,31285.7133789063,14600,9646.42858886719,0,14339.2855224609,5214.28564453125,1042.85717773438,2085.71429443359,0,59964.2858886719,9385.71447753906,0,0,0,0,0,0,0,0,0,0,0,0,0,0,0,0,0,0,0,0,0,0,31329.166015625,419671.78125,4602.6171875
"NGA",3,1,"LSMS-ISA2015",2015,4,16,1626,0,0,160138,5,778.666625976563,0,0,0,0,4866.666796875,0,0,11400,36477.3828125,0,0,12166.66640625,0,10950,0,10950,2000,0,24000,0,0,0,0,0,0,3650,0,3545.71435546875,4171.428515625,0,15642.8578125,17728.571484375,10115.7145507812,3128.57138671875,5214.28579101563,7508.571484375,3128.571484375,0,5109.99985351562,0,14078.57109375,2085.7142578125,0,0,0,3138.534765625,0,2257.513671875,0,0,0,0,0,3910.714453125,7300,1877.1427734375,0,755.202392578125,0,0,5787.16162109375,0,372.746932983398,0,26280,260376.953125,4602.6171875
"NGA",3,1,"LSMS-ISA2015",2015,4,16,1625,0,1,160139,7,782.142883300781,5142.85693359375,0,0,0,1303.57142857143,0,0,10371.4285714286,7448.29931640625,0,0,2607.14285714286,0,33520.4084821429,0,17380.951171875,1142.85717773438,0,17142.857421875,0,0,0,2234.69391741071,6704.08147321429,0,2234.69391741071,0,2979.591796875,744.89794921875,0,14897.9587053571,11173.4693080357,893.877580915179,2607.14285714286,7076.53055245536,6778.57132393973,1489.7958984375,0,2979.59186662946,0,51397.9598214286,744.89794921875,0,0,0,7472.70256696429,0,1683.50279017857,0,0,0,0,0,5959.18359375,0,1787.75516183036,0,1097.48301478795,0,92.3839983258929,0,0,399.265300205776,0,17554.759765625,247827.328125,4602.6171875
"NGA",3,1,"LSMS-ISA2015",2015,4,16,1625,1210,0,160140,6,648.888854980469,4000,12166.6666666667,0,0,0,0,1419.44445800781,136000,131714.609375,18250,0,2433.33333333333,0,2607.14290364583,0,43597.22265625,39763.88671875,0,133458.921875,0,0,0,0,0,0,0,0,10863.0952148438,8690.47607421875,13035.71484375,6952.380859375,5214.28580729167,5909.52392578125,1738.09521484375,8864.28572591146,11732.1427408854,0,0,5735.71427408854,5214.28580729167,102547.619791667,0,0,0,0,5830.193359375,0,6000.97591145833,0,0,0,0,0,434.523803710938,0,8262.74169921875,0,1190.59525553385,2735.57356770833,643.674519856771,3389.28558349609,0,312.857131958008,0,2838.88891601563,744197.0625,4602.6171875
"NGA",3,1,"LSMS-ISA2015",2015,4,16,1626,0,0,160141,6,0,2400,0,0,0,2433.33333333333,0,0,17333.3333333333,10266.8642578125,811.111083984375,0,0,0,8690.47591145833,0,6083.33349609375,1166.66662597656,0,16000,0,0,0,1809.81494543409,7691.71380978767,9049.07454794109,2714.72249678652,0,6334.3523766754,6334.3523766754,13573.6128533706,3619.62989086818,9049.07489542051,16469.3166169991,25789.8626021076,3891.10211987907,10768.3990282043,5881.89834862409,904.907472717045,9501.52822851297,0,7239.25978173636,7329.75041515735,0,0,0,0,0,0,0,791.794047084425,0,0,0,0,0,0,0,0,0,0,0,0,0,0,17540.27734375,231469.546875,4602.6171875
"NGA",3,1,"LSMS-ISA2015",2015,4,16,1625,1210,0,160142,2,1216.66662597656,3000,0,0,0,12166.6669921875,0,182.5,500,7029.04736328125,0,0,0,0,0,0,6691.6669921875,500,0,27088.25,0,0,0,3073.63795087847,6147.27590175695,0,11065.0962933838,0,20286.0111845613,3073.63795087847,0,1536.81897543924,10757.7331341949,24896.4690893304,3073.63795087847,3073.63795087847,12909.2797726742,0,614.727621491629,27662.7419260061,0,7684.09509129146,14446.0988091486,0,0,0,0,0,0,0,0,0,0,0,0,0,5763.0715245803,0,0,6697.29554621152,0,0,0,0,0,912.5,222048.59375,4602.6171875
"NGA",3,1,"LSMS-ISA2015",2015,4,16,1625,1210,0,160143,5,1095,4800,8760,0,0,4380,0,0,22000,1538.33325195313,0,0,2920,0,0,0,6083.33349609375,4000,0,18669.53125,0,0,0,0,0,0,2085.7142578125,0,44634.2857421875,11471.4282226563,0,0,2085.7142578125,16060.0002929688,15642.8564453125,5214.28564453125,1042.85712890625,2085.7142578125,521.428564453125,11471.4286621094,0,8134.285546875,0,0,0,0,0,0,0,0,0,2085.714453125,0,0,0,0,0,0,0,0,0,0,0,0,0,1703.33337402344,198485.234375,4602.6171875
"NGA",3,1,"LSMS-ISA2015",2015,4,16,1605,180,0,160144,5,778.666625976563,0,0,0,0,1216.66669921875,0,0,3400,3006.95239257813,12166.666015625,0,1216.66669921875,0,0,0,7300,1400,0,15542.3125,0,0,0,0,0,0,0,0,0,3128.571484375,0,0,13035.7138671875,417.14287109375,0,0,834.2857421875,2085.7142578125,0,834.2857421875,0,28157.1431640625,0,0,0,0,1614.5150390625,2085.7142578125,1479.230078125,0,2711.428515625,6427.173828125,0,0,0,0,1303.57138671875,2479.25302734375,417.14287109375,0,0,3879.42880859375,0,2607.1427734375,0,486.666656494141,120012.0390625,4234.40771484375
"NGA",3,1,"LSMS-ISA2015",2015,4,16,1605,180,0,160145,4,0,0,0,0,0,1520.83337402344,0,0,3150,5660.95263671875,0,0,6083.33349609375,0,0,0,10950,1750,0,11509.283203125,0,0,0,0,0,0,3910.71435546875,0,5866.0712890625,0,0,0,10428.5712890625,1564.28576660156,4171.42858886719,0,1303.57141113281,0,0,1303.57147216797,0,6517.85693359375,1955.35717773438,0,0,0,4709.00244140625,3686.17602539063,3881.19750976563,0,0,0,0,0,2444.19653320313,0,0,0,3476.19049072266,0,0,2607.14282226563,0,3258.92846679688,0,1520.83337402344,103229.5078125,4234.40771484375
"NGA",3,1,"LSMS-ISA2015",2015,4,16,1605,180,0,160146,3,0,8000,0,0,0,1946.66666666667,0,0,2200,728.888854980469,0,0,8111.111328125,0,0,0,4055.5556640625,0,0,4017.923828125,0,0,0,0,4171.4287109375,0,1738.09521484375,0,3128.57153320313,0,0,0,5214.28580729167,2780.95247395833,2607.14290364583,0,5214.28564453125,3476.1904296875,0,3128.57153320313,0,20335.7137858073,3476.1904296875,0,0,0,0,9779.90559895833,0,4786.71419270833,0,26978.2604166667,0,0,0,0,8980.15852864583,0,2085.71427408854,0,0,0,9269.84114583333,1764.16650390625,0,0,147976.328125,4234.40771484375
"NGA",3,1,"LSMS-ISA2015",2015,4,16,1605,180,0,160147,6,0,4000,0,0,0,1176.11108398438,0,0,5433.33333333333,618.333312988281,0,0,2636.11116536458,202.777770996094,3476.1904296875,0,8111.111328125,0,0,12951.9267578125,0,0,0,0,3650,0,5214.28580729167,0,2520.23815917969,0,0,8690.47591145833,3476.1904296875,1216.66666666667,434.523803710938,1738.09521484375,4345.23811848958,2172.61897786458,0,2085.71435546875,10341.6666666667,15034.5239257813,2607.14290364583,0,0,0,0,9829.802734375,0,0,0,9994.04760742188,0,0,0,0,4490.07926432292,1246.73510742188,579.365071614583,0,289.682535807292,347.619059244792,0,882.083251953125,0,0,129792.6953125,4234.40771484375
"NGA",3,1,"LSMS-ISA2015",2015,4,16,1605,180,0,160148,1,0,0,0,6083.33349609375,0,5110,0,0,200,280,0,0,0,0,0,0,0,0,0,17222.3203125,0,0,0,0,6957.44174483599,0,8696.80199843094,0,0,5797.8678160123,0,0,8696.80199843094,0,0,0,5797.8678160123,0,0,0,0,2898.93390800615,0,0,0,0,0,16394.9295570451,0,0,0,0,0,0,0,0,16668.8706641431,0,3053.54364522874,0,0,0,0,5768.87807301907,0,0,109627.59375,4234.40771484375
"NGA",3,1,"LSMS-ISA2015",2015,4,16,1605,180,0,160149,2,0,0,0,0,0,1216.66662597656,0,0,3800,1751.1904296875,0,0,0,0,10428.5712890625,0,5475,1000,0,23412.740234375,0,0,0,0,7821.4287109375,0,10428.5712890625,0,3128.57141113281,0,0,23464.28515625,5214.28564453125,0,0,2607.14282226563,13557.1428222656,6517.85693359375,0,4432.14300537109,0,8082.14294433594,7300.00006103516,0,0,3711.06787109375,0,0,5214.28515625,0,547.500061035156,5951.08642578125,0,0,0,0,4888.39306640625,0,0,0,0,0,0,0,0,1216.66662597656,161166.734375,4234.40771484375
"NGA",3,1,"LSMS-ISA2015",2015,4,16,1605,180,0,160150,3,0,0,0,0,0,2433.33333333333,0,0,0,2281.34936523438,0,0,2027.77783203125,0,26071.4296875,0,4055.55541992188,6666.66650390625,0,34712.7421875,0,0,0,0,5214.28580729167,0,3476.1904296875,0,347.619059244792,0,0,5214.28580729167,3476.1904296875,0,869.047607421875,0,2954.76196289063,2607.14290364583,0,0,0,2607.14282226563,521.428588867188,0,0,2474.04524739583,0,0,0,0,0,15113.87109375,0,0,0,0,0,11509.0091145833,0,0,0,3476.19075520833,0,0,0,811.111083984375,138921.171875,4234.40771484375
"NGA",3,1,"LSMS-ISA2015",2015,4,16,1605,180,0,160151,3,0,0,0,2027.77783203125,0,730,0,0,0,1784.6826171875,0,0,0,0,5214.28580729167,0,5677.77783203125,400,869.047607421875,5584.38134765625,0,0,0,0,3476.1904296875,0,0,0,53011.9069824219,0,0,0,13904.76171875,2085.71435546875,11297.6188964844,0,2780.95239257813,4345.23795572917,0,2433.33341471354,7821.42838541667,7995.23819986979,5561.90478515625,0,0,7422.13606770833,0,6952.380859375,15478.1419270833,0,0,7093.76513671875,0,13035.71484375,0,0,0,1246.73510742188,0,0,0,0,0,0,0,405.555541992188,188636.671875,4234.40771484375
"NGA",3,1,"LSMS-ISA2015",2015,4,16,1605,180,0,160152,3,811.111083984375,0,0,811.111083984375,0,1946.66666666667,0,0,1333.33333333333,1286.50793457031,0,0,2027.77783203125,0,8690.47591145833,0,3650,666.666687011719,1738.09521484375,12954.20703125,0,0,0,0,6952.380859375,0,0,0,6778.57116699219,0,0,5214.28580729167,13904.76171875,2085.71435546875,1390.47619628906,2607.14290364583,4171.42846679688,0,0,24680.9527994792,9559.52360026042,11297.6188151042,13035.7145182292,0,0,3463.66341145833,0,10428.5716145833,3476.19010416667,0,0,20913.8203125,0,0,0,0,6517.857421875,4119.05289713542,869.047607421875,0,0,0,0,4345.23795572917,0,2433.33349609375,194161.28125,4234.40771484375
"NGA",3,1,"LSMS-ISA2015",2015,4,16,1605,180,0,160153,1,3893.33325195313,0,0,0,0,0,0,0,0,10038.0947265625,0,0,0,0,0,0,9733.3330078125,6000,0,17489.962890625,0,0,0,0,0,0,0,0,0,0,0,13035.7138671875,33892.857421875,0,2607.14282226563,0,10428.5712890625,0,0,0,10428.5712890625,52142.8569335938,7821.4287109375,0,0,12721.0595703125,10763.43359375,10428.5712890625,3926.45434570313,0,0,5214.28564453125,0,0,0,0,6517.85693359375,7142.873046875,4692.85717773438,0,0,5735.71435546875,0,13035.7138671875,0,2433.33325195313,260124.046875,4234.40771484375
"NGA",3,1,"LSMS-ISA2015",2015,4,16,1603,158,0,160154,8,760.416687011719,3000,0,0,0,912.5,0,0,2500,1242.91674804688,0,0,1520.83337402344,0,0,0,7604.16650390625,0,0,4857.82763671875,0,0,0,0,4888.39306640625,0,0,0,4236.60720825195,0,0,6517.85693359375,0,391.071441650391,0,1303.57141113281,2867.85711669922,2607.14282226563,195.535720825195,0,0,2346.42852783203,2346.42846679688,0,0,0,0,7977.35888671875,1717.82373046875,0,0,0,6517.85693359375,0,0,0,3367.55944824219,0,0,0,0,0,0,994.170654296875,0,0,70674.3203125,4050.30322265625
"NGA",3,1,"LSMS-ISA2015",2015,4,16,1603,158,0,160155,2,0,4200,0,0,0,1216.66662597656,0,0,0,100,0,0,0,0,0,0,608.333312988281,1000,0,13154.302734375,0,0,0,0,0,0,5214.28564453125,0,5214.28564453125,0,0,0,2607.14282226563,1303.57141113281,5214.28564453125,0,9124.99987792969,0,521.428588867188,2085.71435546875,0,2867.85717773438,2607.14282226563,0,0,7911.33056640625,23141.3828125,0,2443.70629882813,0,0,27375,0,0,0,0,4888.39306640625,2476.78564453125,0,0,0,0,0,0,0,0,125276.6171875,4050.30322265625
"NGA",3,1,"LSMS-ISA2015",2015,4,16,1609,738,0,160156,3,811.111083984375,4000,0,0,0,2838.88899739583,0,0,2000,3030.15844726563,0,0,4866.66666666667,0,0,0,8111.111328125,0,0,18685.14453125,0,0,0,0,4567.31385411861,9134.62770823722,6394.23960074197,0,0,0,0,18269.2554164744,23750.032997971,8769.24316095574,3653.85115162019,0,7673.08753377491,0,913.462787905048,5115.39168381471,21923.1075929742,27403.883156923,11326.938506529,0,0,0,0,0,0,0,1900.00255198113,0,0,0,0,0,3425.485638756,11519.5548434386,4130.44858810634,7961.5495650211,0,0,0,0,0,0,222174.546875,4602.6171875
"NGA",3,1,"LSMS-ISA2015",2015,4,16,1609,738,0,160157,3,0,0,0,0,0,2433.33333333333,0,0,3333.33333333333,3822.9365234375,0,0,5272.22233072917,0,0,0,5880.55517578125,3800,0,17040.58984375,0,0,0,0,0,8611.51323140556,0,0,9376.98111398305,0,0,0,3827.33925012701,5549.64186385604,4592.80729546491,0,7846.04567434891,0,0,7176.26113467825,0,0,10142.4494034616,0,0,13846.8085668833,7900.47087674161,0,5706.83634894202,0,0,3837.73940286691,28705.0460206835,0,0,0,5830.71224701492,6481.10896754185,2147.04404009867,0,0,0,0,0,0,0,173161.765625,4602.6171875
"NGA",3,1,"LSMS-ISA2015",2015,4,16,1609,738,0,160158,2,1825,52142.85546875,0,0,0,1216.66662597656,0,0,1500,260.714294433594,0,0,0,0,0,0,12166.6669921875,9125,0,12944.66015625,0,0,0,6358.2400168044,6358.2400168044,12716.4800336088,0,0,1589.5600042011,0,0,0,14306.0398209415,0,0,0,4768.67998100392,6358.2400168044,0,1589.5600042011,0,1589.5600042011,6994.06415232946,0,0,0,0,0,9677.821557938,0,0,0,0,0,0,0,1986.94995103426,17242.3795912822,2748.61422141195,0,0,0,0,7.94780000551717,0,0,185473.953125,4602.6171875
"NGA",3,1,"LSMS-ISA2015",2015,4,16,1609,738,0,160159,1,2433.33325195313,24000,0,6083.33349609375,0,4866.66650390625,0,0,10200,12287.8564453125,0,0,0,0,31285.71484375,0,0,10000,0,12234.2177734375,0,0,0,13923.4870729853,27846.9741459705,62655.6907132161,0,34808.7165672455,13923.4870729853,20885.2302960097,0,83540.9243910366,87021.7931602679,27150.7999460372,50820.7272165932,34808.7181707444,48732.2043726527,20885.2310977592,0,27846.9746342518,13923.4870729853,57086.2961703568,0,0,0,0,0,0,0,0,0,0,0,38075.3835869734,0,0,6526.63487930357,0,0,0,0,0,0,0,0,7300,791153.8125,4602.6171875
"NGA",3,1,"LSMS-ISA2015",2015,4,16,1609,738,0,160160,2,0,0,0,0,0,2433.33325195313,0,0,5650,5347.380859375,0,0,0,0,0,1216.66662597656,6083.33349609375,4600,0,17775.90625,0,0,0,0,15642.857421875,0,9125,0,9125.00012207031,0,0,15642.857421875,13035.7138671875,8342.857421875,15642.8569335938,0,3910.71423339844,5214.28564453125,0,6778.57141113281,0,21900,22421.4278564453,0,0,14833.744140625,0,18430.87890625,0,0,0,3485.63647460938,0,0,0,0,0,0,2607.14282226563,0,0,0,0,0,0,0,229246.15625,4602.6171875
"NGA",3,1,"LSMS-ISA2015",2015,4,16,1608,1104,0,160161,5,730,4800,0,0,0,0,0,0,1000,730,0,0,730,0,0,0,7786.66650390625,6000,0,15821.494140625,0,0,0,1042.85712890625,6882.85703125,0,2085.7142578125,0,4380.00004882812,3649.99990234375,0,6778.57153320313,6257.14296875,8447.14296875,2085.7142578125,0,7821.428515625,3128.571484375,0,0,0,13557.1430664063,7300,0,0,0,0,0,0,0,0,697.127294921875,0,0,0,0,2694.04755859375,5014.84476928711,0,0,0,0,1390.476171875,0,0,486.666656494141,121298.4609375,4418.5126953125
"NGA",3,1,"LSMS-ISA2015",2015,4,16,1609,738,0,160162,6,608.333312988281,2000,0,0,0,6083.33333333333,0,0,12766.6666666667,21550.9921875,0,0,4055.5556640625,0,0,0,8111.111328125,11666.6669921875,0,64539.40625,0,0,0,0,6517.857421875,3476.1904296875,0,0,9559.52351888021,0,0,27809.5249023438,20857.142578125,6604.76188151042,1738.09521484375,0,7386.90470377604,3476.1904296875,869.047607421875,4084.52384440104,0,37369.0472005208,5909.52392578125,0,0,0,0,12287.2526041667,7774.87239583333,0,912.5,2002.587890625,0,0,0,0,1738.09521484375,0,0,0,0,0,0,0,0,0,291755.71875,4602.6171875
"NGA",3,1,"LSMS-ISA2015",2015,4,16,1608,1104,0,160163,3,0,4000,0,0,0,1622.22216796875,0,0,0,1027.14294433594,0,0,0,0,0,0,12166.6669921875,133.33332824707,0,5829.98779296875,0,0,0,0,8113.21550087414,0,8113.21550087414,0,6954.18485222528,0,0,0,13908.3697044506,0,2318.06153738075,0,4636.12331484453,6954.18485222528,0,4404.31707361702,0,0,8345.02133925821,0,0,1649.79141510567,0,13043.2573024487,0,0,0,0,0,0,0,0,2781.67377975274,0,1738.5459729733,0,0,0,0,0,0,0,107739.3046875,4418.5126953125
"NGA",3,1,"LSMS-ISA2015",2015,4,16,1608,1104,0,160164,8,304.166656494141,3000,0,0,0,76.0416641235352,0,0,187.5,217.261901855469,0,0,0,0,0,1825,1520.83337402344,0,0,7006.92919921875,0,0,0,0,2607.14282226563,0,2607.14282226563,0,2085.71429443359,1303.57141113281,0,1955.35717773438,4562.49987792969,977.678588867188,1303.57141113281,0,2900.44638061523,1303.57141113281,0,0,2607.14282226563,5540.17846679688,2933.03567504883,0,0,3672.4111328125,0,0,1984.15466308594,0,0,1501.94091796875,0,0,0,391.071441650391,2024.10009765625,3153.1103515625,0,0,0,0,1738.09521484375,0,0,60.8333320617676,61350.5,4418.5126953125
"NGA",3,1,"LSMS-ISA2015",2015,4,16,1608,1104,0,160165,5,365,4800,0,0,0,486.666650390625,0,0,2320,896.90478515625,0,0,4866.666796875,0,41714.284375,0,5840,2400,0,18108.578125,0,0,0,0,3430.35314650646,0,10291.0590075979,0,8461.53768853822,0,0,0,29729.7260904009,6288.98082681659,6860.70605640391,0,8232.84735931564,0,2286.9020188013,5145.52950379893,0,40020.7865176528,5259.87478294891,0,0,0,0,0,0,0,0,0,0,0,0,0,0,0,0,0,0,0,0,0,0,0,207806.421875,4418.5126953125
"NGA",3,1,"LSMS-ISA2015",2015,4,16,1608,1104,0,160166,3,0,4000,0,0,0,1825,0,0,3066.66666666667,984.920593261719,0,0,0,0,13904.76171875,0,9733.3330078125,9733.3330078125,0,36515.0703125,0,0,0,0,7821.42838541667,0,6083.33333333333,0,3476.1904296875,0,0,31285.7135416667,6083.33333333333,14773.8098958333,5909.52392578125,0,6257.14290364583,3476.1904296875,0,16859.5236002604,0,2607.14290364583,869.047607421875,0,0,5999.55989583333,0,14669.8567708333,0,0,0,2323.75764973958,0,0,0,0,1955.35725911458,0,1738.09521484375,0,0,0,0,0,0,0,211952.09375,4418.5126953125
"NGA",3,1,"LSMS-ISA2015",2015,4,16,1608,1104,0,160167,7,0,3428.57153320313,0,0,0,347.619035993304,0,0,714.285714285714,0,0,0,0,0,0,0,2085.71435546875,0,744.89794921875,2460.33154296875,0,0,0,0,3724.48967633929,2979.591796875,1489.7958984375,0,297.959193638393,0,0,0,2979.591796875,0,372.448974609375,0,2085.71428571429,1862.24483816964,0,0,0,3277.55099051339,4096.93872070313,0,0,1714.16001674107,0,0,3165.47342354911,0,0,0,0,0,0,0,496.5986328125,1135.10508510045,0,0,0,0,3972.7890625,0,0,0,43431.87109375,4418.5126953125
"NGA",3,1,"LSMS-ISA2015",2015,4,16,1609,738,0,160168,2,0,6000,0,0,0,4866.66650390625,0,0,0,2440.71435546875,0,0,0,0,0,0,7300,6800,0,92183.828125,0,0,0,0,0,0,0,0,7821.4287109375,0,0,15642.857421875,7039.28564453125,6257.14306640625,6257.14306640625,7821.4287109375,5735.71435546875,3910.71435546875,0,20857.142578125,0,0,10167.8567504883,0,0,22637.515625,13454.2919921875,22117.0546875,5214.28515625,0,0,0,0,0,0,0,6995.83325195313,7142.873046875,2607.14282226563,0,0,0,0,0,0,0,291270.9375,4602.6171875
"NGA",3,1,"LSMS-ISA2015",2015,4,16,1609,738,0,160169,8,0,1500,0,0,0,684.375,0,0,3125,782.142822265625,0,0,4562.5,0,6517.85693359375,0,9125,0,0,14634.7568359375,0,0,0,1395.62091771204,0,3489.05222973004,2093.43144111813,0,1535.18304680732,0,0,3837.9576921131,7327.00989372386,4605.5489573165,0,4186.86288223626,5512.70278589109,0,0,418.686293975651,0,2372.55553266116,4814.89225305688,0,0,0,6193.86818119818,0,1395.62078861191,0,0,1607.99795189215,0,0,0,0,1802.67700491714,2638.28439531614,0,1900.615320611,93.0413878540931,0,0,0,0,0,98153.2421875,4602.6171875
"NGA",3,1,"LSMS-ISA2015",2015,4,16,1609,738,0,160170,6,0,2000,0,0,0,1013.88891601563,0,0,3800,1437.02380371094,0,0,3041.66666666667,0,3476.1904296875,0,4866.66650390625,1000,0,5753.02001953125,0,0,0,0,4345.23795572917,6083.33333333333,3041.66666666667,0,16477.142578125,0,0,14773.8095703125,6517.857421875,2607.14290364583,1738.09521484375,0,5474.9999593099,0,1086.30948893229,4345.23811848958,0,42583.3334960938,7039.28548177083,0,0,0,0,0,0,0,0,255.046590169271,0,0,0,0,2172.61897786458,2380.95768229167,0,0,0,0,0,0,0,0,147310.53125,4602.6171875
"NGA",3,1,"LSMS-ISA2015",2015,4,16,1608,1104,0,160171,2,0,0,0,0,0,912.5,0,0,1500,2698.8095703125,0,0,0,0,0,0,0,24800,5214.28564453125,5670.47802734375,0,0,0,0,9123.72804949692,12164.9703362705,9123.72804949692,0,12164.9703362705,0,0,0,57783.6089693519,3041.24258406763,6082.48516813527,0,12164.9703362705,9731.97665964143,3041.24258406763,3041.24258406763,0,9123.72804949692,24634.0652217539,0,0,0,0,0,10500.2437606321,0,0,0,0,0,0,0,5702.33015300589,12498.2863443523,0,0,0,0,0,0,0,0,240718.890625,4418.5126953125
"NGA",3,1,"LSMS-ISA2015",2015,4,16,1609,738,0,160172,8,0,0,0,0,0,456.25,0,0,1250,90.1785736083984,0,0,0,0,0,0,2007.5,25,0,3018.3193359375,0,0,0,0,2198.10482241954,2198.10482241954,3443.69744206441,0,586.161277176255,0,0,0,1465.40317425626,0,1099.05237228458,0,1025.78222914185,1465.40317425626,146.540323108761,0,0,366.350793564065,2198.10474456917,0,0,0,0,0,2230.47735808157,0,0,979.590122886564,0,0,0,0,506.296779541158,525.566596480007,0,0,0,0,0,1.83175396076549,0,152.08332824707,27435.798828125,4602.6171875
"NGA",3,1,"LSMS-ISA2015",2015,4,16,1608,1104,0,160173,1,0,12000,0,0,0,12166.6669921875,0,0,8600,3302.85717773438,0,0,24333.333984375,0,0,0,17033.333984375,10400,0,539702.5,0,0,0,5957.97601674449,14894.9398407876,0,0,0,19661.3208839493,0,0,35747.8572492975,0,9532.7620863234,14299.1431294851,0,6553.77379074352,8936.96431232437,0,8341.16653832534,0,11915.952033489,20852.916676088,0,0,0,0,0,8883.76808813603,0,0,0,0,0,0,0,5213.22910798684,11463.4489677282,2978.98800837225,0,0,0,0,0,0,0,812772.875,4418.5126953125
"NGA",3,1,"LSMS-ISA2015",2015,4,16,1612,108,0,160174,10,0,600,0,0,0,486.666650390625,0,0,5760,4444.14306640625,0,0,2920,0,7300,0,4258.33349609375,1900,521.428564453125,6947.9736328125,0,0,0,0,5242.70767978338,5242.70767978338,0,0,524.270777882036,524.270777882036,0,5242.70767978338,10485.4153595668,629.124962962427,524.270777882036,0,3617.46835211628,6291.24952989693,524.270777882036,1572.81233364611,0,12582.4992551064,1415.53116640658,0,0,1492.51849382408,0,0,4690.35109661831,0,1363.10401231345,0,0,0,0,0,1966.01552709351,4435.72892344004,0,0,0,0,0,0,0,3285,106790.578125,7159.626953125
"NGA",3,1,"LSMS-ISA2015",2015,4,16,1612,108,0,160175,9,0,666.666687011719,0,0,0,405.555555555556,0,0,888.888888888889,2160.18505859375,0,0,0,0,11587.3012152778,0,4055.5556640625,666.666687011719,0,11950.7451171875,0,0,0,0,0,0,0,0,3476.19053819444,579.365071614583,0,0,5214.28580729167,1506.34922960069,0,0,2433.33333333333,0,289.682535807292,2549.20643446181,0,3881.74603949653,1738.09529622396,0,0,824.681749131944,10285.0590277778,0,13745.64453125,0,2129.16666666667,4924.60329861111,0,0,0,0,3910.71435546875,550.396809895833,1506.34920247396,11312.8654513889,0,0,0,0,0,0,103239.296875,7159.626953125
"NGA",3,1,"LSMS-ISA2015",2015,4,16,1603,158,0,160176,6,283.888885498047,1400,0,0,0,405.555541992188,0,0,33.3333333333333,832.142883300781,0,0,811.111083984375,0,2607.14290364583,0,2433.33325195313,333.333343505859,0,2039.03625488281,0,0,0,0,0,0,0,0,674.782587626988,0,0,0,4048.69571046116,1079.65220375097,10796.5214020318,0,5398.2607010159,6747.82579488967,0,1889.39134364932,0,2159.30436681184,3103.9999979464,0,0,3842.00515254793,13928.9982386337,0,0,0,0,20918.2613058807,0,0,0,0,0,2631.65215186154,674.782587626988,0,0,0,0,0,0,0,89073.015625,4050.30322265625
"NGA",3,1,"LSMS-ISA2015",2015,4,16,1603,158,0,160177,1,0,8400,0,0,0,2433.33325195313,0,0,3400,3315.47607421875,0,0,0,0,0,0,0,2400,5214.28564453125,104138.2265625,0,0,0,0,11495.5247297182,11495.5247297182,5747.76236485908,0,5747.76236485908,5747.76236485908,0,57477.6224367197,25864.9308271793,6897.31511903422,5747.76236485908,5747.76236485908,47131.651378912,11495.5247297182,0,6897.31511903422,0,14369.4060974612,20117.1684623203,0,0,0,0,0,11495.5236355014,0,0,57290.195292392,0,0,0,0,17512.7137322026,11996.5326721408,0,0,0,0,0,0,0,6083.33349609375,475660.4375,4050.30322265625
"NGA",3,1,"LSMS-ISA2015",2015,4,16,1603,158,0,160178,2,912.5,4200,0,3041.66674804688,0,1520.83337402344,0,0,0,1173.21435546875,0,0,0,0,0,0,0,10500,1303.57141113281,15100.8837890625,0,0,0,0,3910.71435546875,0,0,0,0,0,0,0,10428.5712890625,0,0,0,4692.85717773438,2607.14282226563,0,0,0,7821.4287109375,3910.71441650391,0,0,0,0,0,8616.5146484375,0,0,0,0,0,0,0,3258.92846679688,0,0,0,0,0,0,0,0,0,82999.5390625,4050.30322265625
"NGA",3,1,"LSMS-ISA2015",2015,4,16,1603,158,0,160179,4,760.416687011719,2100,0,0,0,5475,0,0,0,4274.0478515625,456.25,0,0,0,0,0,3041.66674804688,1250,0,4305.580078125,0,0,0,1303.57141113281,4692.85717773438,3910.71435546875,3910.71435546875,0,2476.78576660156,0,0,0,13687.4997558594,1042.85717773438,651.785705566406,0,4823.21429443359,1955.35717773438,260.714294433594,1042.85717773438,0,11732.1430664063,2085.71435546875,0,0,0,0,0,3681.05102539063,0,0,0,0,0,0,0,1629.46423339844,0,0,0,0,0,0,0,0,0,80550.2578125,4050.30322265625
"NGA",3,1,"LSMS-ISA2015",2015,4,16,1603,158,0,160180,3,0,8000,0,0,0,1622.22216796875,0,0,2166.66666666667,310,0,0,0,0,0,0,32850,2333.33325195313,0,18685.14453125,0,0,0,0,0,5278.3702036948,0,0,5278.3702036948,0,0,8797.28323702027,3518.91336151124,879.728340377809,1759.45668075562,3518.91336151124,3518.91336151124,0,0,0,0,1759.45668075562,0,0,0,1042.66166429255,4539.88245854624,0,1987.35542143595,0,0,2065.44922441039,0,0,0,0,4545.26304848593,0,1513.13272192952,2769.19419929259,0,0,0,6149.30089734966,0,608.333312988281,125497.3359375,4050.30322265625
"NGA",3,1,"LSMS-ISA2015",2015,4,16,1612,108,0,160181,3,0,2000,0,0,0,2027.77783203125,0,0,2333.33333333333,9244.0478515625,0,0,0,0,17380.9518229167,0,8111.111328125,1000,869.047607421875,25903.853515625,0,0,0,0,34761.9036458333,5214.28580729167,6952.380859375,0,9559.52368164063,3476.1904296875,0,19119.0470377604,10428.5716145833,15990.4760742188,33023.8106282552,1738.09521484375,16511.9046223958,5214.28564453125,695.238118489583,17207.1435546875,0,13904.7615559896,7473.80944824219,0,0,3463.66341145833,0,0,6000.97591145833,0,0,869.047607421875,0,0,0,0,0,0,0,0,0,0,0,0,0,811.111083984375,281286.3125,7159.626953125
"NGA",3,1,"LSMS-ISA2015",2015,4,16,1612,108,0,160182,3,1216.66662597656,60833.33203125,0,0,0,1825,0,0,1533.33333333333,563.333312988281,0,0,8111.111328125,0,3476.1904296875,0,6488.888671875,0,0,5740.7734375,0,0,0,0,6257.142578125,0,0,0,4345.23811848958,0,0,0,9559.52376302083,1738.09521484375,0,4345.23803710938,6083.33333333333,3476.1904296875,347.619059244792,1390.47623697917,0,10080.9523111979,4171.4287109375,0,0,257.500691731771,0,9829.802734375,4718.19352213542,0,0,0,0,0,0,0,1807.61897786458,0,1042.85717773438,0,0,0,0,1729.40462239583,0,0,160969.21875,7159.626953125
"NGA",3,1,"LSMS-ISA2015",2015,4,16,1612,108,0,160183,5,0,1200,0,0,0,1411.33330078125,0,0,4400,1228.33337402344,0,0,14600,0,1042.85712890625,0,8516.6669921875,0,0,9207.4267578125,0,0,0,0,0,0,0,0,2711.42856445313,2085.7142578125,0,3128.571484375,0,1251.42861328125,0,0,7612.85712890625,0,312.857153320312,3128.57138671875,0,8342.85693359375,0,0,0,2399.8240234375,3229.030078125,0,4399.55390625,0,0,14600,0,0,13631.6328125,0,2400.3095703125,2641.05234375,1070.66658935547,0,0,0,0,1058.49990234375,0,0,115611.484375,7159.626953125
"NGA",3,1,"LSMS-ISA2015",2015,4,16,1603,158,0,160184,7,347.619049072266,1200,0,0,0,695.238071986607,0,0,285.714285714286,845.476135253906,0,0,0,0,4469.38783482143,0,2085.71435546875,857.142883300781,0,3698.47436523438,0,0,0,0,2607.14285714286,0,5214.28571428571,0,1266.32655552455,0,0,0,3724.48974609375,297.959193638393,6406.12238420759,0,4022.44900948661,3724.48967633929,0,1042.85714285714,0,4841.83670479911,893.877546037946,0,0,0,0,0,2461.861328125,0,0,4590.83844866071,0,0,0,0,0,0,0,0,0,0,0,0,0,0,55579.3046875,4050.30322265625
"NGA",3,1,"LSMS-ISA2015",2015,4,16,1603,158,0,160185,4,9125,2100,14295.8330078125,0,0,912.5,0,0,12000,24260.41796875,0,0,6083.33349609375,0,7821.4287109375,0,7300,2750,0,34050.25,0,0,0,0,0,0,9125,0,4432.14294433594,0,0,6517.85693359375,16294.642578125,3519.64282226563,1303.57141113281,0,7821.42858886719,0,0,1564.28576660156,0,30633.9287109375,0,761.482482910156,1779.47863769531,0,6727.14599609375,3574.60864257813,1472.42028808594,0,0,0,0,0,12492.5595703125,1112.380859375,5105.65466308594,1848.10131835938,6848.09521484375,6390.9306640625,241.595199584961,1825,0,65.1785736083984,0,1520.83325195313,253676.71875,4050.30322265625
"NGA",3,1,"LSMS-ISA2015",2015,4,16,1612,108,0,160186,5,0,1200,0,0,0,2190,0,0,2600,260,0,0,3650,0,3128.571484375,0,14600,0,0,5177.8642578125,0,0,0,2085.7142578125,0,0,0,0,5735.71416015625,0,0,0,6257.14296875,1668.571484375,0,0,4171.428515625,2085.7142578125,625.714306640625,3545.7142578125,2085.7142578125,3024.28579101562,9177.14296875,0,0,0,0,0,7201.17109375,0,0,20857.1415039062,0,0,0,0,3395.22895507813,2857.14921875,1244.47615966797,0,0,0,0,1037.6427734375,0,0,109862.109375,7159.626953125
"NGA",3,1,"LSMS-ISA2015",2015,4,16,1612,108,0,160188,4,608.333312988281,1500,0,0,0,1825,1520.83337402344,0,4900,3554.16674804688,0,0,0,0,9125,0,4866.66650390625,1500,0,9554.92578125,0,0,0,0,0,0,0,0,2476.78576660156,1303.57141113281,0,0,13035.7138671875,521.428588867188,3389.28576660156,0,4562.49993896484,2607.14282226563,0,2346.42858886719,0,20075,0,0,0,6360.52978515625,6054.43115234375,0,4500.73193359375,0,0,8033.96728515625,0,0,0,0,2122.86608886719,8898.12438964844,1648.47473144531,0,579.654724121094,0,0,65.1785736083984,0,1064.58337402344,128601.3359375,7159.626953125
"NGA",3,1,"LSMS-ISA2015",2015,4,16,1612,108,0,160189,2,912.5,3000,0,0,0,4258.33349609375,0,0,7500,11426.0712890625,0,0,6083.33349609375,0,0,0,29200,50000,0,8611.16015625,0,0,0,0,0,0,0,0,3910.71435546875,0,0,5214.28564453125,43017.85546875,2607.14282226563,0,0,16946.4284667969,0,0,8864.28588867188,0,71696.427734375,3910.71435546875,0,0,6360.52978515625,10763.43359375,0,8616.5146484375,0,2711.42846679688,15246.1176757813,0,0,6517.85693359375,556.1904296875,6852.875,6228.89868164063,4478.85424804688,0,0,912.5,0,91.25,0,0,346495.71875,7159.626953125
"NGA",3,1,"LSMS-ISA2015",2015,4,16,1612,108,0,160190,7,260.714294433594,857.142883300781,0,0,0,260.714285714286,0,0,1800,1965.30603027344,0,0,0,0,0,0,1390.47619628906,1428.57141113281,0,1275.0576171875,0,0,0,0,3724.48967633929,5214.28571428571,0,0,3724.48971121652,0,0,2234.69391741071,5214.28557477679,744.89794921875,1489.79593331473,1117.34692382813,2830.61223493304,1489.7958984375,0,1117.34692382813,2234.69391741071,7076.53055245536,893.877580915179,0,0,3634.58844866071,0,0,4284.85797991071,0,0,1967.50223214286,0,0,0,0,698.341866629464,1020.41043526786,635.646275111607,0,0,0,0,223.469377790179,0,0,60809.94921875,7159.626953125
"NGA",3,1,"LSMS-ISA2015",2015,3,17,1706,284,0,170001,6,0,0,0,0,0,0,0,0,1166.66666666667,260.714294433594,0,0,0,0,0,0,2433.33325195313,0,0,1229.01452636719,0,0,0,0,15208.3333333333,0,0,0,0,0,0,0,0,0,0,0,869.047607421875,12166.6666666667,0,0,0,1738.09521484375,434.523803710938,7299.99934895833,1296.20784505208,0,0,0,0,0,0,0,0,0,0,0,1774.3056640625,0,0,0,0,0,0,0,0,0,45876.91015625,7073.005859375
"NGA",3,1,"LSMS-ISA2015",2015,3,17,1706,284,0,170002,9,0,0,0,0,0,0,0,0,1600,289.682525634766,0,0,0,0,0,0,0,0,0,591.527160644531,0,0,0,0,0,0,0,0,0,0,0,0,0,0,1158.73014322917,0,0,0,289.682535807292,0,0,1448.41270616319,289.682535807292,0,7606.48871527778,0,0,0,0,0,0,0,0,0,0,0,0,0,0,1109.70692274306,0,0,0,0,0,0,14383.9130859375,7073.005859375
"NGA",3,1,"LSMS-ISA2015",2015,3,17,1706,284,0,170003,11,0,0,0,0,0,0,0,0,1454.54545454545,47.4025993347168,0,0,0,0,0,0,2765.15161132813,0,0,2427.9560546875,0,0,0,0,0,0,0,0,124245.473609,0,0,0,0,0,154064.395510002,0,49698.1894613559,0,14909.4578708691,0,0,0,49698.1894613559,0,258430.585163539,0,0,0,68859.9433938874,0,0,0,0,0,0,372736.462125496,0,0,0,22937.6274970594,0,0,0,0,0,0,1122275.375,7073.005859375
"NGA",3,1,"LSMS-ISA2015",2015,3,17,1706,284,0,170004,2,0,0,0,0,0,0,0,0,3200,521.428588867188,0,0,0,0,0,0,0,0,0,6284.01416015625,0,0,0,0,0,0,0,0,0,0,0,0,0,0,0,0,0,0,0,0,0,13035.7143554688,0,0,5873.03759765625,0,18584.6484375,0,2408.2392578125,0,0,0,0,0,0,15642.857421875,2281.25,0,0,0,0,0,0,0,0,0,67831.1875,7073.005859375
"NGA",3,1,"LSMS-ISA2015",2015,3,17,1706,284,0,170005,8,0,0,0,0,0,0,0,0,1175,130.357147216797,0,0,0,0,0,0,0,0,0,1337.37487792969,0,27375,0,0,0,0,0,0,0,0,0,0,0,0,1564.28576660156,0,1303.57141113281,0,0,0,0,651.785705566406,260.714294433594,0,2541.96435546875,0,0,0,0,0,0,0,0,0,0,0,0,0,0,0,0,0,0,0,0,0,36340.05078125,7073.005859375
"NGA",3,1,"LSMS-ISA2015",2015,3,17,1706,284,0,170006,7,0,0,0,0,0,0,0,0,1285.71428571429,285.714294433594,0,0,0,0,0,0,0,0,0,1629.55798339844,0,0,0,0,1378.06124441964,0,0,0,0,0,0,0,0,0,1005.61223493304,0,0,893.877580915179,0,0,0,10428.5712890625,558.673479352679,2681.63253348214,1936.73465401786,0,0,0,0,0,0,0,0,0,0,0,0,0,0,0,0,0,0,0,0,0,22084.15234375,7073.005859375
"NGA",3,1,"LSMS-ISA2015",2015,3,17,1706,284,0,170007,10,0,0,0,0,0,0,0,0,2180,112.142860412598,0,0,0,0,0,0,1825,0,0,1631.88647460938,0,0,0,0,0,0,693.246585778988,0,0,0,0,0,0,0,779.90237383414,0,1155.41092127066,1039.86979612701,0,0,0,1733.11639120528,519.934939334241,2772.98612920488,0,0,4118.09156337428,0,0,0,0,0,0,0,0,0,0,0,0,0,0,0,0,0,0,0,18561.587890625,7073.005859375
"NGA",3,1,"LSMS-ISA2015",2015,3,17,1706,284,0,170008,3,0,0,0,0,0,0,0,0,2466.66666666667,213.809524536133,0,0,0,0,0,0,10544.4443359375,0,0,2142.34692382813,0,0,0,0,0,0,0,0,0,0,0,0,0,0,3650.00008138021,0,2085.71435546875,0,0,0,0,8690.47623697917,869.047607421875,652.571329752604,2799.39485677083,0,0,0,0,0,0,0,0,0,0,26071.4296875,0,0,0,0,0,0,0,0,0,0,60185.90234375,7073.005859375
"NGA",3,1,"LSMS-ISA2015",2015,3,17,1706,284,0,170009,10,0,0,0,0,0,0,0,0,4380,260.714294433594,0,0,0,0,0,0,2433.33349609375,0,0,1069.89990234375,0,0,0,0,6257.14296875,0,0,0,4692.85703125,0,0,0,0,0,2085.7142578125,0,886.428564453125,0,1303.57138671875,0,0,2085.71430664063,521.428564453125,4954.285546875,6845.83984375,0,0,0,0,0,0,0,0,0,0,0,1948.8392578125,0,1026.12856445312,2996.20859375,0,0,0,0,0,0,43748.1015625,7073.005859375
"NGA",3,1,"LSMS-ISA2015",2015,3,17,1706,284,0,170010,8,0,0,0,0,0,0,0,0,1050,195.535720825195,0,0,0,0,0,0,0,0,0,2665.19995117188,0,18250,3910.71435546875,0,0,0,0,0,0,0,0,0,0,0,0,0,977.678588867188,0,0,0,0,3258.92846679688,325.892852783203,0,0,0,0,0,0,0,0,0,0,0,0,0,0,0,0,0,0,0,0,0,0,0,30633.94921875,7073.005859375
"NGA",3,1,"LSMS-ISA2015",2015,3,17,1719,1354,0,170011,9,0,0,0,0,0,675.925944010417,0,0,5444.44444444444,57.9365081787109,0,0,1351.85188802083,0,0,0,5407.40771484375,0,0,4377.58984375,0,0,0,0,26071.4288194444,9269.84114583333,0,0,9038.09562174479,0,0,10428.5711805556,5793.65060763889,2259.52387152778,13904.7621527778,0,6083.33322482639,12166.6666666667,1738.09526909722,4866.66650390625,0,15642.8570421007,1738.09526909722,4171.42838541667,4519.04774305556,0,0,0,0,0,0,0,0,0,0,0,5613.94010416667,0,0,0,0,0,0,0,0,0,150621.15625,7465.95068359375
"NGA",3,1,"LSMS-ISA2015",2015,3,17,1719,1354,0,170012,13,0,0,0,2807.69230769231,0,0,0,0,2169.23076923077,200.549453735352,0,0,0,0,0,0,5615.384765625,0,0,3355.43725585938,0,9626.37379807692,5214.28545673077,0,8021.97776442308,0,0,0,0,0,0,0,0,0,2406.59344951923,0,802.197791466346,701.923076923077,0,0,0,4010.98888221154,240.659348707933,0,0,0,0,0,0,0,0,0,0,0,0,0,0,0,0,0,0,0,0,0,0,0,45173.296875,7465.95068359375
"NGA",3,1,"LSMS-ISA2015",2015,3,17,1719,1354,0,170013,4,0,0,0,3954.16674804688,0,0,0,0,1750,130.357147216797,0,0,0,0,0,0,2737.5,0,0,4241.3798828125,0,0,0,0,3568.63175617002,0,0,0,0,0,0,0,0,0,7850.98990129342,0,5995.30151193776,0,0,0,0,5138.82963555766,1427.45279581119,0,5567.06585735813,0,0,0,0,0,0,0,0,0,0,0,0,0,0,972.863830871805,0,0,0,0,0,0,43334.5390625,7465.95068359375
"NGA",3,1,"LSMS-ISA2015",2015,3,17,1719,1354,0,170014,8,0,0,0,0,0,0,0,0,1100,195.535720825195,0,0,0,0,0,0,1672.91674804688,0,0,6243.3349609375,0,19553.572265625,6517.85693359375,0,0,0,0,0,0,0,0,0,0,0,1303.57141113281,0,1303.57141113281,0,0,0,0,1303.57141113281,195.535720825195,0,0,0,0,0,0,0,0,0,0,0,0,0,0,0,0,0,0,0,0,0,0,0,39389.46875,7465.95068359375
"NGA",3,1,"LSMS-ISA2015",2015,3,17,1719,1354,0,170015,9,0,0,0,1351.85188802083,0,0,0,0,2133.33333333333,231.746032714844,0,0,0,0,0,0,1351.85192871094,0,0,3595.72875976563,0,8111.11111111111,1042.85709635417,0,5098.41276041667,0,0,0,0,0,0,0,0,0,2317.46028645833,0,2896.82530381944,1158.73014322917,0,0,0,5793.65060763889,289.682535807292,0,0,0,0,0,0,0,0,0,0,0,0,0,0,0,0,0,0,0,0,0,0,0,35373.2421875,7465.95068359375
"NGA",3,1,"LSMS-ISA2015",2015,3,17,1719,1354,0,170016,6,0,0,0,0,0,811.111083984375,0,0,3000,434.523803710938,0,0,0,0,0,0,3041.66674804688,0,0,1122.28576660156,0,0,0,0,6952.380859375,0,0,0,3476.1904296875,0,0,0,0,0,3476.1904296875,0,5648.80948893229,0,2172.61897786458,0,0,2607.14282226563,869.047607421875,4171.42838541667,4519.04752604167,0,0,0,0,0,0,0,0,0,0,0,0,0,0,2062.98518880208,0,0,0,0,0,0,44365.42578125,7465.95068359375
"NGA",3,1,"LSMS-ISA2015",2015,3,17,1719,1354,0,170017,8,0,0,0,0,0,0,0,0,450,110.178573608398,0,0,0,0,0,0,0,0,0,1434.86633300781,0,0,0,0,3584.82153320313,0,0,0,0,0,0,0,0,1955.35717773438,1433.92858886719,0,0,2281.25,0,0,0,6517.85717773438,260.714294433594,0,5931.25048828125,0,0,0,0,0,0,0,0,0,0,0,0,0,0,0,0,0,0,0,0,0,23960.224609375,7465.95068359375
"NGA",3,1,"LSMS-ISA2015",2015,3,17,1719,1354,0,170018,11,0,0,0,0,0,0,0,0,1090.90909090909,103.896110534668,0,0,0,0,0,0,0,0,0,2625.14892578125,0,0,3981.81818181818,0,0,0,1042.85715553977,0,0,0,0,5688.31178977273,0,1896.10387073864,663.636363636364,0,237.01298384233,0,0,0,0,3318.18172940341,189.610395951705,0,0,0,0,0,0,0,0,0,0,0,0,0,0,0,0,0,0,0,0,0,0,0,20837.486328125,7465.95068359375
"NGA",3,1,"LSMS-ISA2015",2015,3,17,1719,1354,0,170019,8,0,0,0,0,0,0,0,0,2075,90.1785736083984,0,0,0,0,0,0,5322.91650390625,0,0,2470.49633789063,0,0,5475,0,2476.78564453125,0,782.142883300781,0,0,0,0,0,0,1955.35717773438,977.678588867188,0,0,0,0,0,0,8473.21423339844,260.714294433594,0,0,0,0,0,0,0,0,0,0,0,0,0,0,0,0,0,0,0,0,0,0,0,30359.482421875,7465.95068359375
"NGA",3,1,"LSMS-ISA2015",2015,3,17,1719,1354,0,170020,14,0,0,0,869.047642299107,0,0,0,0,1928.57142857143,28.5714282989502,0,0,1129.76192801339,0,0,0,347.619049072266,0,0,3474.95678710938,0,0,0,0,3092.29158498054,0,0,0,0,0,0,0,0,0,1546.14579249027,0,1352.8775858676,0,0,0,0,0,618.458326991157,0,2009.98951066901,0,0,0,0,0,0,0,0,0,0,0,0,0,0,0,0,0,0,0,0,0,16398.291015625,7465.95068359375
"NGA",3,1,"LSMS-ISA2015",2015,3,17,1704,1080,0,170021,1,0,0,0,3650,0,0,0,0,3000,1042.85717773438,0,0,0,0,0,0,0,0,0,19527.677734375,0,23464.28515625,0,0,13035.7138671875,0,5214.28564453125,0,0,0,0,0,0,0,10950,0,5214.28564453125,26071.427734375,0,0,0,20857.1430664063,2085.71435546875,0,0,0,7844.77587890625,0,0,0,0,0,0,0,0,0,0,0,0,0,0,0,0,0,0,0,141958.15625,8251.83984375
"NGA",3,1,"LSMS-ISA2015",2015,3,17,1704,1080,0,170022,1,2433.33325195313,14400,0,2433.33325195313,0,0,0,0,3600,1460,0,0,0,0,0,0,6083.33349609375,0,0,18991.38671875,0,0,0,0,0,0,0,0,0,0,0,0,0,0,12548.889202172,0,5704.04040492613,0,0,0,0,0,0,2430.38989018407,0,0,0,0,0,0,0,0,0,21390.1527318918,0,0,0,0,0,0,0,0,0,5775.34106299502,0,0,97250.203125,8251.83984375
"NGA",3,1,"LSMS-ISA2015",2015,3,17,1704,1080,0,170023,12,0,500,0,1318.05558268229,0,0,0,0,3150,150.654769897461,0,0,5069.4443359375,0,0,0,6083.33349609375,0,0,1599.56298828125,0,0,0,0,0,3041.66666666667,0,0,0,0,0,3910.71419270833,0,1520.83333333333,1129.76188151042,0,2389.88094075521,1303.57145182292,651.785725911458,0,0,8255.9521484375,260.714294433594,1564.28564453125,0,0,5214.28515625,0,0,0,0,0,0,0,0,0,0,0,0,0,0,0,0,0,0,0,47114.50390625,8251.83984375
"NGA",3,1,"LSMS-ISA2015",2015,3,17,1704,1080,0,170024,8,0,300,0,0,0,456.25,0,0,5000,130.357147216797,0,0,0,0,0,0,4562.5,0,0,1655.5595703125,0,0,0,0,4147.14475084779,0,0,0,0,0,0,0,2073.57237542389,0,3317.71590154816,0,7050.14619522,2820.05870263508,1244.14349359814,0,0,1658.85795077408,414.71448769352,4335.7544267014,6279.41078157214,5957.46346125304,0,0,0,0,0,0,0,0,0,0,0,0,1467.45139776969,0,0,0,0,0,0,0,52871.09375,8251.83984375
"NGA",3,1,"LSMS-ISA2015",2015,3,17,1704,0,0,170025,3,0,0,0,0,0,0,0,0,4600,173.809524536133,0,0,0,0,0,0,3244.4443359375,0,0,8262.78125,0,0,0,0,38232.1682171424,0,6372.02786418128,0,0,1274.40565301497,0,0,44604.1963273225,0,12106.8532650623,0,5416.22392509024,0,3186.01393209064,0,0,26762.5167088465,3186.01410872412,26762.5149702579,8283.63609563032,0,0,0,0,0,0,0,0,0,0,0,0,0,26738.0119693099,22127.6219403173,0,0,0,0,0,0,241333.265625,8251.83984375
"NGA",3,1,"LSMS-ISA2015",2015,3,17,1704,1080,0,170026,5,730,0,0,7300,0,0,0,0,3600,1564.28576660156,0,0,1216.66669921875,0,0,0,1216.66674804688,0,0,7879.66162109375,0,0,0,0,2502.8572265625,0,0,0,0,0,0,9385.7140625,0,0,2920,0,2815.7142578125,1042.85712890625,312.857153320312,0,0,9385.7142578125,730,2355.4283203125,0,0,0,0,0,0,0,0,0,0,0,0,0,0,0,0,0,0,0,0,0,0,54958.421875,8251.83984375
"NGA",3,1,"LSMS-ISA2015",2015,3,17,1704,1080,0,170027,4,0,0,0,912.5,0,0,0,0,2200,210.773818969727,0,0,0,0,0,0,0,0,0,6160.810546875,0,8473.2138671875,0,0,5214.28564453125,0,0,0,0,0,0,0,0,0,1303.57141113281,0,0,2607.14282226563,1042.85717773438,0,0,4562.5,391.071441650391,0,0,0,0,0,0,0,0,0,0,0,0,0,0,0,2607.14306640625,0,0,0,0,0,0,0,35685.8671875,8251.83984375
"NGA",3,1,"LSMS-ISA2015",2015,3,17,1704,1080,0,170028,10,0,120,0,0,0,121.666662597656,0,0,3600,260.714294433594,0,0,2433.3333984375,0,0,0,4866.6669921875,0,0,2665.77954101563,0,0,0,0,18250,0,0,0,6257.14296875,0,0,0,2607.1427734375,0,6257.14296875,0,4171.42846679688,0,1564.2857421875,0,0,1564.28569335938,1042.85712890625,3468,4792.087890625,3380.2171875,0,0,0,0,0,0,0,0,0,0,1531.69638671875,731.389013671875,0,3713.373046875,0,0,0,0,0,0,73399.2109375,8251.83984375
"NGA",3,1,"LSMS-ISA2015",2015,3,17,1704,1080,0,170029,11,0,327.272735595703,0,0,0,221.21211381392,0,0,4000,189.610397338867,0,0,3318.18181818182,0,0,0,5530.30322265625,0,0,3330.95703125,0,0,0,0,0,0,0,0,5688.31178977273,0,0,0,3318.18181818182,0,1896.10387073864,0,6399.3505859375,9954.54545454545,1422.07794744318,2844.15589488636,0,1422.07790305398,948.051935369318,4503.89595170455,0,0,14391.9928977273,0,0,0,0,0,0,0,0,0,0,0,474.026012073864,0,0,0,0,0,0,0,70180.3125,8251.83984375
"NGA",3,1,"LSMS-ISA2015",2015,3,17,1704,1080,0,170030,7,0,0,0,1738.09528459821,0,0,0,0,942.857142857143,1174.48986816406,0,0,0,0,0,0,1738.09533691406,0,0,2742.10791015625,0,1787.75516183036,0,0,2607.14285714286,0,0,0,0,0,0,5959.18359375,0,0,1787.75516183036,0,1340.81635393415,2234.69391741071,0,0,0,5959.18359375,148.979596819196,0,0,0,0,0,0,0,0,0,0,0,0,0,0,0,0,0,0,0,0,10056.1227678571,0,0,40217.27734375,8251.83984375
"NGA",3,1,"LSMS-ISA2015",2015,3,17,1704,2074,1,170031,5,730,4800,0,973.33330078125,0,0,0,0,3400,1685.95239257813,0,0,1946.6666015625,0,0,0,2433.33349609375,0,0,3776.421875,0,0,0,237651.894937816,316869.174843174,0,0,0,95060.7552531019,0,0,285182.252149183,0,0,126747.664727595,31686.9161818989,47530.3742728483,110904.209990349,15843.4580909494,0,0,554521.043049026,12674.7671532657,0,0,0,0,0,0,0,0,0,0,0,0,0,0,0,0,0,0,0,0,0,0,0,1854418.25,5108.2822265625
"NGA",3,1,"LSMS-ISA2015",2015,3,17,1704,2074,1,170032,10,121.666664123535,1200,0,0,0,851.66669921875,0,0,8480,260.714294433594,0,0,0,0,0,0,1460,0,0,2175.0322265625,0,0,0,0,8342.85703125,0,0,0,3650,0,0,1564.2857421875,1564.2857421875,1042.85712890625,6257.14296875,0,4953.57133789062,5214.285546875,2607.1427734375,0,0,1564.2857421875,365,0,3389.285546875,5926.148828125,0,0,0,0,0,0,0,0,0,0,0,0,0,0,0,0,0,0,0,0,60990.23046875,5108.2822265625
"NGA",3,1,"LSMS-ISA2015",2015,3,17,1704,2074,1,170033,8,0,1500,0,0,0,912.5,0,0,1675,242.261901855469,0,0,2129.16674804688,0,0,0,12166.666015625,0,0,2750,0,0,0,0,8473.2138671875,5214.28564453125,977.678588867188,2607.14282226563,0,1955.35717773438,0,11080.357421875,4236.60693359375,0,1857.58929443359,1303.57141113281,2607.14288330078,1303.57141113281,0,2607.14288330078,0,3258.92858886719,977.678604125977,0,0,0,0,0,0,0,0,0,0,0,0,0,0,0,0,0,0,0,0,0,0,608.333312988281,70444.203125,5108.2822265625
"NGA",3,1,"LSMS-ISA2015",2015,3,17,1704,0,1,170034,3,405.555541992188,4000,0,0,0,2838.88899739583,0,0,5800,7931.5078125,0,0,6083.33333333333,0,8690.47591145833,0,16222.2216796875,0,0,6666.66650390625,0,0,0,869.047607421875,22595.2369791667,11297.6188151042,0,0,0,0,0,29547.6197916667,0,0,4345.23795572917,0,7821.42854817708,5214.28580729167,1738.09521484375,7995.23795572917,0,71261.9036458333,2346.42854817708,0,0,0,0,0,0,0,0,0,0,0,0,0,0,0,0,0,0,0,0,0,0,1419.44445800781,225090.21875,5108.2822265625
"NGA",3,1,"LSMS-ISA2015",2015,3,17,1704,2074,1,170035,4,0,1500,0,912.5,0,1216.66662597656,0,0,7500,7039.28564453125,0,0,9125,0,15642.857421875,0,12166.6669921875,0,0,5000,0,0,2011.65097636672,0,6705.50292491716,16093.2078109338,0,0,26822.0126762311,13411.0060939749,0,2682.20121632434,20787.0600221547,14081.5569504607,13813.3362611283,9387.70439773536,5364.40249368385,5364.40243264869,1341.10060816217,27090.2331461295,0,31381.7540174449,3352.75158452889,0,0,0,0,0,7970.27706509401,0,0,0,24139.8107151317,0,0,0,0,0,0,0,0,0,0,5196.76550617315,0,0,297099.6875,5108.2822265625
"NGA",3,1,"LSMS-ISA2015",2015,4,11,1101,0,1,170036,7,2780.95239257813,8571.4287109375,0,0,0,2780.95228794643,0,521.428588867188,18657.1428571429,16928.23046875,0,0,0,0,13408.1629464286,0,10428.5712890625,5142.85693359375,0,3085.71435546875,0,0,0,0,26071.4285714286,14897.9587053571,37244.8973214286,0,22346.9386160714,9683.67361886161,0,8938.77573939732,2234.69391741071,7076.53055245536,18622.4493582589,11918.3669782366,7002.04094587054,6704.08147321429,893.877580915179,7672.44921875,0,21751.0207170759,5363.26541573661,0,0,0,0,0,0,0,0,2979.591796875,0,0,0,0,1445.10205078125,0,536.326520647321,1388.09207589286,0,0,0,0,0,33892.85546875,330969.78125,5108.2822265625
"NGA",3,1,"LSMS-ISA2015",2015,1,23,2306,0,1,170037,7,0,1714.28576660156,0,0,3476.19056919643,695.238071986607,0,0,1114.28571428571,934.013610839844,0,0,0,0,17877.5513392857,0,8342.857421875,114.285713195801,0,5142.85693359375,0,0,0,1042.85714285714,0,11173.4698660714,2979.591796875,0,3128.57149832589,0,0,7448.97935267857,3352.04073660714,2532.65311104911,1489.79596819196,744.89794921875,4320.408203125,5363.26506696429,744.89794921875,4916.32652064732,0,32254.080984933,1936.73472377232,2435.38532366071,0,0,10428.5714285714,16407.0323660714,0,0,0,0,0,0,0,0,2085.71428571429,0,0,0,0,0,0,212.827985491071,0,5214.28564453125,159623.9375,5108.2822265625
"NGA",3,1,"LSMS-ISA2015",2015,3,17,1704,2074,1,170038,2,1825,0,0,7908.33349609375,0,0,0,0,3500,3650,0,0,0,0,0,0,0,0,0,7573.42138671875,0,0,0,26774.241057042,142795.948053192,0,0,0,53548.4821140841,0,0,0,0,0,48193.6317915097,0,48193.6316694394,107096.964228168,26774.241057042,0,0,374839.352222085,7139.79758648737,0,0,0,0,0,0,0,0,0,0,0,0,0,0,0,0,0,0,0,0,13387.120528521,0,0,873200.1875,5108.2822265625
"NGA",3,1,"LSMS-ISA2015",2015,3,17,1704,2074,1,170039,7,4345.23779296875,3428.57153320313,0,521.428571428571,0,5561.90457589286,0,869.047668457031,10800,12542.857421875,0,0,0,0,0,0,13904.7626953125,857.142883300781,0,4942.91259765625,0,1117.34695870536,1117.34695870536,0,14525.5100446429,2979.591796875,5214.28571428571,0,10428.5714285714,0,0,10056.1222098214,2234.69391741071,1303.57142857143,4096.93875558036,1117.34692382813,6331.63267299107,2979.591796875,1862.24483816964,2234.69391741071,0,4096.93879045759,372.448974609375,0,0,0,0,0,0,0,0,0,0,0,0,0,0,0,0,0,0,0,0,0,0,73000,202842.75,5108.2822265625
"NGA",3,1,"LSMS-ISA2015",2015,3,17,1704,2074,1,170040,7,695.238098144531,4285.71435546875,0,521.428571428571,0,12170.1428571429,0,0,1914.28571428571,1216.66662597656,0,0,0,0,0,0,5561.90478515625,0,0,3142.85717773438,0,0,0,34687.1673249874,115623.886065898,46249.5563868135,69374.3346499747,0,69374.3346499747,0,0,196560.617303789,115623.886065898,0,57811.9430329491,0,106373.976881523,69374.3346499747,11562.3890967034,0,0,416246.017283593,31218.4513241713,0,0,0,0,0,0,0,0,0,0,0,0,0,0,0,0,0,0,0,0,0,0,0,1369589,5108.2822265625
"NGA",3,1,"LSMS-ISA2015",2015,3,17,1722,96,0,170041,9,0,0,0,0,0,0,0,0,2222.22222222222,115.873016357422,0,0,0,0,0,0,6759.25927734375,0,0,1435.896484375,0,0,0,8111.11111111111,0,1158.73014322917,1853.96831597222,0,2085.71419270833,0,0,2896.82541232639,0,753.174587673611,1853.96826171875,1448.41267903646,579.365071614583,2201.58723958333,2027.77777777778,0,0,4345.23811848958,869.047634548611,0,5272.22265625,0,16222.2222222222,0,0,0,0,0,0,0,42901.9826388889,0,0,0,2205.59233940972,0,0,0,0,0,0,0,107320.1875,10020.091796875
"NGA",3,1,"LSMS-ISA2015",2015,3,17,1722,96,0,170042,5,0,0,0,2433.3333984375,0,0,0,0,2860,104.285720825195,0,0,0,0,0,0,4866.6669921875,0,0,6472.3115234375,0,0,6257.14296875,0,0,0,0,0,0,0,0,0,0,0,1042.85712890625,0,2085.7142578125,0,0,0,0,4171.428515625,1877.1427734375,0,0,0,0,0,0,0,0,0,0,0,0,0,0,0,0,0,0,0,0,0,0,0,32170.8828125,10020.091796875
"NGA",3,1,"LSMS-ISA2015",2015,3,17,1722,96,0,170043,9,0,0,0,0,0,0,0,0,1022.22222222222,129.417999267578,0,0,0,0,0,0,5137.037109375,0,0,2489.35400390625,0,0,0,0,0,0,0,0,0,0,0,0,0,1158.73014322917,2780.95247395833,0,0,0,0,0,0,3476.1904296875,695.238118489583,4866.66623263889,0,0,9269.84114583333,0,0,0,0,0,0,0,8111.11111111111,0,0,0,0,0,0,0,0,0,0,270.370361328125,39407.1328125,10020.091796875
"NGA",3,1,"LSMS-ISA2015",2015,3,17,1722,96,0,170044,9,0,0,0,0,0,0,0,0,1844.44444444444,57.9365081787109,0,0,0,0,0,0,675.925964355469,0,0,6317.2158203125,0,0,0,0,0,0,0,0,0,0,0,0,643.149418885457,0,643.149418885457,0,900.409198133665,2251.02299111751,1286.29883777091,0,0,4502.04598223501,1286.29886489765,0,836.094242920735,5332.64166861348,5145.19535108365,0,0,0,0,0,0,0,0,0,0,0,0,0,0,0,0,0,0,0,31721.828125,10020.091796875
"NGA",3,1,"LSMS-ISA2015",2015,3,17,1722,96,0,170045,1,0,0,0,0,0,0,0,0,2800,121.666664123535,0,0,0,0,0,0,0,0,0,7841.83349609375,0,0,0,0,0,0,6257.14306640625,0,0,0,0,0,0,10428.5712890625,0,0,0,0,6257.14306640625,0,0,70392.8571777344,3128.57153320313,0,6778.5712890625,0,10428.5712890625,0,0,0,0,0,0,0,18250,0,0,0,0,0,0,0,0,0,0,1216.66662597656,143901.59375,10020.091796875
"NGA",3,1,"LSMS-ISA2015",2015,3,17,1722,96,0,170046,8,0,0,0,2281.25,0,0,0,0,1275,65.1785736083984,0,0,0,0,0,0,1520.83337402344,0,0,6243.3349609375,0,0,9776.7861328125,0,5214.28564453125,0,0,0,0,0,0,0,0,0,651.785705566406,0,0,0,0,0,0,651.785705566406,260.714294433594,0,0,0,0,0,0,0,0,0,0,0,0,0,0,0,0,0,0,0,0,0,0,0,27940.953125,10020.091796875
"NGA",3,1,"LSMS-ISA2015",2015,3,17,1722,96,0,170047,5,0,0,0,0,0,0,0,0,1480,0,0,0,0,0,0,0,1216.66674804688,0,0,3393.10400390625,0,0,0,9385.7140625,0,0,0,0,0,0,0,0,0,0,2085.7142578125,0,625.714306640625,9385.7140625,0,0,0,12514.2859375,2607.14287109375,0,0,0,0,0,0,0,0,0,0,0,44238,0,0,0,0,0,0,0,0,0,0,0,86932.046875,10020.091796875
"NGA",3,1,"LSMS-ISA2015",2015,3,17,1722,96,0,170048,12,0,0,0,0,0,0,0,0,3000,217.261901855469,0,0,0,0,0,0,304.166656494141,0,0,1413.79333496094,0,0,0,0,0,3861.68871228981,3620.33339956672,0,1448.13332171008,0,0,2413.55541840233,0,627.524413996634,1930.84435614491,337.897768712919,965.422178072453,0,241.355544518113,337.897768712919,0,4440.94205282155,386.168892142123,0,4392.67133733718,4675.24152384884,13515.9107485168,0,0,0,0,0,0,0,46050.6416978555,0,384.660392154586,0,7324.69116467326,2291.76359759199,0,0,0,506.846653069379,0,0,104689.421875,10020.091796875
"NGA",3,1,"LSMS-ISA2015",2015,3,17,1722,96,0,170049,12,0,0,0,506.944458007813,0,0,0,0,1500,43.4523811340332,0,0,0,0,0,0,4055.5556640625,0,0,4737.91162109375,0,0,0,6566.77332906843,0,0,0,0,0,0,0,0,1042.34494800884,0,1302.93116466599,0,1042.34494800884,4690.55226324537,2501.62799561489,0,0,3648.20739661675,1459.28300691595,0,0,0,8338.75958407069,0,0,0,0,0,0,0,0,0,0,0,0,0,0,0,0,0,0,0,41436.69140625,10020.091796875
"NGA",3,1,"LSMS-ISA2015",2015,3,17,1722,96,0,170050,1,0,0,0,0,0,0,0,0,4000,1042.85717773438,0,0,0,0,0,0,0,0,0,18965.95703125,0,0,0,0,0,0,0,0,0,0,0,0,0,0,0,0,5228.32898430938,0,0,0,0,7842.49347777523,0,0,6796.827631823,0,20913.3159372375,0,0,0,0,0,0,0,186651.347253942,0,10674.50580735,0,7581.07744451664,12411.2478604438,2599.56007921861,0,0,1372.4363767901,0,0,286079.9375,10020.091796875
"NGA",3,1,"LSMS-ISA2015",2015,3,17,1715,2244,0,170051,6,0,0,0,4055.5556640625,0,0,0,0,1266.66666666667,86.9047622680664,0,0,0,0,0,0,0,0,0,5393.59326171875,0,0,0,0,0,0,0,0,0,0,0,0,0,0,1754.14377887298,0,3069.75161418158,613.950331089723,0,0,0,877.071889436491,526.243158249036,2104.97246908187,7981.35495693886,0,0,0,0,0,0,0,0,0,0,0,0,0,0,0,0,0,0,0,0,0,27730.20703125,4322.392578125
"NGA",3,1,"LSMS-ISA2015",2015,3,17,1715,2244,0,170052,11,0,0,0,2212.12127130682,0,0,0,0,636.363636363636,47.4025993347168,0,0,0,0,0,0,1106.06066894531,0,0,712.893981933594,0,1020.72460589492,2551.81148131253,0,4082.89842357967,0,0,0,0,0,0,0,0,0,2041.44921178984,0,1531.08696419602,1531.08696419602,0,0,0,510.362302947459,510.362302947459,0,0,0,0,0,0,0,0,0,0,0,0,0,0,0,0,0,0,0,0,0,0,0,18494.625,4322.392578125
"NGA",3,1,"LSMS-ISA2015",2015,3,17,1715,2244,0,170053,9,0,0,0,540.74072265625,0,0,0,0,1944.44444444444,71.4550323486328,0,0,0,0,0,0,2703.70385742188,0,0,4377.58984375,0,0,0,0,7531.74565972222,0,0,0,0,0,0,0,0,0,1506.34917534722,0,0,1969.84136284722,869.047634548611,0,0,4634.92051866319,173.809529622396,0,4519.04774305556,0,0,0,0,0,0,0,0,0,0,0,0,0,0,0,0,0,0,0,0,0,30842.693359375,4322.392578125
"NGA",3,1,"LSMS-ISA2015",2015,3,17,1715,2244,0,170054,8,0,4500,0,0,0,0,0,0,1875,65.1785736083984,0,0,0,0,0,0,0,0,0,6699.74951171875,0,0,0,0,15287.3434143343,0,0,0,0,0,0,0,2183.90623692499,1455.93745059322,2620.68747127377,0,3785.43740178356,4659.00002445099,363.984362648305,0,0,0,2038.31252265964,0,8517.23435897018,0,0,0,0,0,0,0,0,0,0,0,0,0,0,0,0,0,0,0,0,0,54051.7734375,4322.392578125
"NGA",3,1,"LSMS-ISA2015",2015,3,17,1715,2244,0,170055,10,0,0,0,0,0,0,0,0,940,52.1428604125977,0,0,0,0,0,0,973.333312988281,0,0,2464.32421875,0,0,0,0,6257.14296875,0,0,0,0,0,0,0,0,0,573.571435546875,0,0,1825,0,0,0,1042.85712890625,573.571435546875,0,4745.000390625,0,0,0,0,0,0,0,0,0,0,0,0,0,0,0,0,0,0,0,0,0,19446.943359375,4322.392578125
"NGA",3,1,"LSMS-ISA2015",2015,3,17,1715,2244,0,170056,9,0,0,0,0,0,0,0,0,2566.66666666667,57.9365081787109,0,0,0,0,0,0,10814.814453125,0,0,1435.896484375,0,0,0,0,303005.29397728,101001.761784395,101001.761784395,0,138877.423450175,0,0,126252.200074471,101001.761784395,131302.289457305,126252.200074471,176753.076763128,252504.417071609,0,37875.6617471601,42925.7511028672,0,383806.723505835,37875.6617471601,90901.5830187276,98476.7256085657,0,0,0,0,0,0,0,0,0,0,0,0,0,0,59940.6592605246,0,0,0,0,0,0,2324630.25,4322.392578125
"NGA",3,1,"LSMS-ISA2015",2015,3,17,1715,2244,0,170057,9,0,0,0,270.370361328125,0,0,0,0,988.888888888889,71.4550323486328,0,0,540.74072265625,0,0,0,1081.4814453125,0,0,2738.13793945313,0,0,0,0,4055.55555555556,0,0,0,0,0,0,0,0,1158.73014322917,1390.47623697917,0,2027.77777777778,2201.58723958333,0,0,0,2896.82541232639,0,0,6025.39670138889,0,0,0,0,0,0,0,0,0,0,0,0,0,0,0,0,0,0,0,0,135.185180664063,25582.609375,4322.392578125
"NGA",3,1,"LSMS-ISA2015",2015,3,17,1715,2244,0,170058,4,0,0,0,4562.5,0,0,0,0,1450,130.357147216797,0,0,0,0,0,0,0,0,0,1960.45837402344,0,0,73000,0,15642.857421875,0,0,0,0,0,0,0,0,0,1303.57141113281,0,2607.14282226563,2085.71435546875,0,0,0,0,1955.35717773438,0,0,0,0,0,0,0,0,0,0,0,0,0,0,0,0,0,0,0,0,0,0,0,104697.9609375,4322.392578125
"NGA",3,1,"LSMS-ISA2015",2015,3,17,1715,2244,0,170059,7,0,0,0,0,0,0,0,0,3428.57142857143,74.4897994995117,0,0,0,0,0,0,7821.4287109375,0,0,5628.32958984375,0,0,0,0,12290.8158482143,0,6704.08175223214,0,0,0,0,0,2234.69391741071,1862.24483816964,2234.69391741071,0,6331.63274274554,11173.4698660714,1489.7958984375,0,0,7002.04073660714,1191.83673967634,2681.63253348214,968.367327008929,0,0,0,0,0,0,0,0,0,0,0,0,0,0,0,0,0,0,0,0,0,73118.1171875,4322.392578125
"NGA",3,1,"LSMS-ISA2015",2015,3,17,1715,2244,0,170060,3,0,2000,0,0,0,0,0,0,6000,347.619049072266,0,0,0,0,0,0,0,0,0,3826.31030273438,0,0,0,0,0,0,8690.47591145833,0,3476.1904296875,0,0,8690.47591145833,3476.1904296875,6952.380859375,8690.47591145833,5214.28564453125,20857.1429036458,6083.33333333333,3476.1904296875,2607.14290364583,0,13035.7141927083,2607.14290364583,4171.42838541667,4519.04752604167,0,13904.76171875,0,0,0,0,0,0,0,0,0,0,0,0,0,3456.77018229167,0,0,0,0,0,132083.078125,4322.392578125
"NGA",3,1,"LSMS-ISA2015",2015,3,17,1710,546,0,170061,9,0,0,0,0,0,0,0,0,1711.11111111111,57.9365081787109,0,0,0,0,0,0,1351.85192871094,0,0,4377.58984375,0,0,0,0,20982.1553973885,0,0,0,0,0,0,0,9991.50226088743,1998.30050624136,2397.96069416878,0,2997.45089452172,0,999.150253120679,0,0,8193.03222696209,1598.64048075835,0,0,8284.40516221601,0,0,0,0,0,0,0,0,0,0,0,0,5238.01791959864,4743.65767196418,0,0,0,1498.72544726086,0,0,76421.484375,6090.64404296875
"NGA",3,1,"LSMS-ISA2015",2015,3,17,1710,546,0,170062,8,0,0,0,0,0,0,0,0,2900,325.892852783203,0,0,0,0,0,0,6083.33349609375,0,0,1615.38354492188,0,2346.42846679688,3910.71435546875,2933.03564453125,18250,0,1303.57141113281,0,2607.14282226563,0,0,651.785705566406,3258.92846679688,0,9124.99975585938,0,7821.4287109375,2281.25,3258.92846679688,0,0,2607.14282226563,456.25,0,0,0,0,0,0,0,0,0,0,0,0,0,0,0,716.964294433594,0,0,0,0,0,0,0,72453.1875,6090.64404296875
"NGA",3,1,"LSMS-ISA2015",2015,3,17,1710,546,0,170063,11,0,0,0,0,0,0,0,0,1818.18181818182,94.8051986694336,0,0,0,0,0,0,7742.423828125,0,0,1043.53918457031,0,0,0,0,0,0,237.01298384233,0,4266.23375355114,0,0,2370.12979403409,4740.25958806818,0,5688.31178977273,0,4977.27272727273,1659.09090909091,1422.07794744318,0,0,8058.44185014205,474.025967684659,0,0,4309.92684659091,13272.7272727273,0,0,0,0,0,0,0,0,0,0,0,213.311678799716,0,1414.13343394886,0,0,0,0,0,63801.90625,6090.64404296875
"NGA",3,1,"LSMS-ISA2015",2015,3,17,1710,546,0,170064,9,0,0,0,0,0,0,0,0,2777.77777777778,115.873016357422,0,0,0,0,0,0,2703.70385742188,0,0,1275.43676757813,0,0,2607.14279513889,2607.14279513889,0,0,1158.73014322917,0,3476.1904296875,0,0,1738.09526909722,2317.46028645833,2259.52387152778,2896.82530381944,869.047634548611,2317.46028645833,2027.77777777778,1448.41265190972,0,0,7647.61908637153,289.682535807292,0,0,0,6952.38020833333,0,0,0,0,0,0,0,0,0,0,0,560.777723524306,0,0,0,0,0,0,0,48047.0546875,6090.64404296875
"NGA",3,1,"LSMS-ISA2015",2015,3,17,1710,546,0,170065,11,0,0,0,2212.12127130682,0,0,0,0,1872.72727272727,47.4025993347168,0,0,0,0,0,0,35393.94140625,0,0,2423.43579101563,0,0,0,6742.53170157901,16182.0770666813,0,0,0,0,0,0,0,1078.80507702833,0,2319.43084586334,0,1294.56609722999,3236.41530965879,269.701269257083,0,0,12136.5569415631,1941.84916803959,0,0,0,0,0,0,0,0,0,0,0,0,0,0,0,0,0,0,0,0,0,0,0,87151.5625,6090.64404296875
"NGA",3,1,"LSMS-ISA2015",2015,3,17,1710,546,0,170066,7,0,0,0,1738.09528459821,0,0,0,0,2342.85714285714,123.537414550781,0,0,0,0,0,0,1390.47619628906,0,0,5628.32958984375,0,0,0,0,0,5959.18359375,0,0,0,0,0,0,0,1713.26534598214,1862.24483816964,0,0,0,1862.24483816964,0,0,16387.7547433036,223.469395228795,0,0,2646.97935267857,14897.9587053571,0,0,0,0,0,0,0,20857.1428571429,0,0,0,0,1768.27301897321,0,0,0,0,0,260.714294433594,79662.5234375,6090.64404296875
"NGA",3,1,"LSMS-ISA2015",2015,3,17,1710,546,0,170067,5,0,0,0,486.666650390625,0,0,0,0,1400,104.285720825195,0,0,0,0,0,0,4866.6669921875,0,0,5160.7080078125,0,0,0,0,9867.10316724625,0,0,0,4385.37921282756,0,0,0,10963.4478607834,1315.61382965012,3508.30343606389,0,1315.61382965012,3837.20686605899,0,0,0,15896.9999078866,2302.32416846352,0,0,9090.28888713377,0,0,0,0,0,0,0,0,0,0,0,0,3617.93743697726,0,0,0,0,0,0,0,78118.5390625,6090.64404296875
"NGA",3,1,"LSMS-ISA2015",2015,3,17,1710,546,0,170068,4,0,0,0,0,4562.5,0,0,0,650,260.714294433594,0,0,0,0,0,0,0,0,0,7104.1943359375,0,0,10428.5712890625,0,15642.857421875,0,0,0,0,0,0,0,0,0,1303.57141113281,0,1303.57141113281,2607.14282226563,0,0,0,2607.14282226563,391.071441650391,0,0,0,0,0,0,0,0,0,0,0,0,0,0,0,586.607116699219,0,0,0,0,0,0,0,47447.9453125,6090.64404296875
"NGA",3,1,"LSMS-ISA2015",2015,3,17,1710,546,0,170069,5,0,0,0,0,0,0,0,0,2500,128.619049072266,0,0,0,0,0,0,0,0,0,4480.8369140625,0,0,0,2294.2857421875,12514.2859375,0,0,0,0,0,0,5214.285546875,0,0,0,0,0,0,0,0,0,16685.7140625,312.857153320312,0,0,0,0,0,0,0,0,0,0,0,14600,0,0,0,0,0,0,0,0,0,0,243.33332824707,58974.2109375,6090.64404296875
"NGA",3,1,"LSMS-ISA2015",2015,3,17,1710,546,0,170070,5,0,0,0,2433.3333984375,0,0,0,0,2760,208.571441650391,0,0,0,0,0,0,7300,0,0,5683.35546875,0,0,0,0,0,0,0,0,0,0,0,0,3709.35976494292,0,9273.39981541885,0,1854.67988247146,3709.35976494292,0,0,0,9273.39981541885,556.404004840317,0,16877.5887040084,0,14837.4390597717,0,0,0,0,0,0,0,0,0,0,0,1483.74399594055,856.006153302448,0,0,0,0,0,0,80816.640625,6090.64404296875
"NGA",3,1,"LSMS-ISA2015",2015,3,17,1713,226,1,170071,11,2765.1513671875,1090.90905761719,0,3318.18181818182,0,0,0,0,3272.72727272727,2914.50219726563,0,0,0,0,0,0,5530.302734375,0,0,4315.15234375,0,0,0,0,12561.6889204545,0,0,9480.51917613636,0,0,0,0,1896.10387073864,0,5688.31178977273,474.025967684659,3318.18177379261,8532.46732954545,1232.46750710227,0,0,5688.31178977273,237.01298384233,0,0,0,0,0,0,0,0,0,0,0,0,0,0,0,0,0,0,0,0,0,0,0,72316.03125,7422.2900390625
"NGA",3,1,"LSMS-ISA2015",2015,3,17,1713,226,1,170072,7,0,5142.85693359375,0,1738.09528459821,0,0,0,0,4200,5565.68017578125,0,0,0,0,0,0,8690.4755859375,0,0,7857.14306640625,0,0,8383.69821196164,0,24951.4823507401,0,0,0,0,0,0,0,7984.47437455824,998.059296819781,7485.44521489408,0,11477.6819134275,10479.6227212394,2994.17796021381,0,0,17466.0379036096,299.41780388037,0,0,0,0,0,0,0,0,0,0,0,0,0,0,0,0,0,0,0,0,0,0,869.047668457031,126583.390625,7422.2900390625
"NGA",3,1,"LSMS-ISA2015",2015,3,17,1713,226,1,170073,9,0,2896.8251953125,0,946.296332465278,0,0,0,0,2444.44444444444,260.714294433594,0,0,0,0,0,0,1351.85192871094,0,0,8210.7607421875,0,0,0,8111.11111111111,14484.1267361111,0,0,0,1738.09526909722,0,0,0,5793.65060763889,0,1448.41265190972,0,695.238118489583,1738.09526909722,0,0,0,13615.0793457031,1332.53971354167,0,0,0,0,0,0,0,0,0,0,0,0,0,0,0,0,0,0,0,0,0,0,0,65067.2421875,7422.2900390625
"NGA",3,1,"LSMS-ISA2015",2015,3,17,1713,226,1,170074,8,0,1500,0,2129.16674804688,0,0,0,0,4162.5,282.47021484375,0,0,4562.5,0,0,0,3041.66674804688,0,0,6053.37744140625,0,4034.57366758021,0,0,8405.36122285938,4622.94893136625,0,0,0,0,0,6724.28904989907,0,420.268065618692,4034.57366758021,0,2521.60850358109,1344.85787834145,1512.96500937295,0,0,5043.21688509187,252.160854223763,0,0,0,0,0,0,0,0,0,0,0,0,0,0,0,0,0,0,0,0,0,0,760.416687011719,61408.92578125,7422.2900390625
"NGA",3,1,"LSMS-ISA2015",2015,3,17,1713,226,1,170075,10,0,1200,0,3285,0,0,0,0,4530,2077.14282226563,0,0,0,0,0,0,3650,1416.66674804688,0,2445.16284179688,0,1564.2857421875,5475,0,6257.14296875,0,0,0,0,0,0,0,0,0,5214.285546875,260.714282226562,5110,1772.8572265625,730,0,0,1825,365,0,0,0,0,0,0,0,0,0,0,0,0,0,0,0,0,0,0,0,0,0,0,0,47178.26171875,7422.2900390625
"NGA",3,1,"LSMS-ISA2015",2015,3,17,1713,226,1,170076,7,0,3428.57153320313,0,0,0,0,0,0,3000,148.979598999023,0,0,1216.66671316964,0,0,0,10428.5712890625,0,0,1559.44519042969,0,2607.14285714286,3352.04073660714,3575.51032366071,7821.42857142857,0,0,0,6704.08168247768,0,0,7448.97935267857,5214.28557477679,1489.7958984375,3724.48967633929,4096.93875558036,4469.38776506696,2458.16322544643,1489.7958984375,893.877580915179,0,7821.42850167411,744.89794921875,0,0,0,0,0,0,0,0,0,0,0,0,0,0,0,0,0,0,0,0,0,0,0,83694.46875,7422.2900390625
"NGA",3,1,"LSMS-ISA2015",2015,3,17,1713,226,1,170077,8,0,450,0,0,0,0,0,0,2500,97.7678604125977,0,0,3041.66674804688,0,0,0,6083.33349609375,0,0,1251.16296386719,0,0,0,5931.25,18250,2607.14282226563,0,0,3519.64294433594,0,0,0,3258.92846679688,977.678588867188,5605.35705566406,2607.14282226563,7169.64270019531,2150.89282226563,1955.35717773438,0,0,7821.42834472656,1303.57141113281,0,0,0,0,0,0,0,0,0,0,0,0,0,0,0,0,0,0,0,0,0,0,0,76581.96875,7422.2900390625
"NGA",3,1,"LSMS-ISA2015",2015,3,17,1713,226,1,170078,17,0,705.88232421875,0,2504.90188419118,0,0,0,0,3164.70588235294,71.8487396240234,0,0,0,0,0,0,2147.05883789063,1073.52941894531,0,3016.77954101563,0,0,3987.39476102941,0,3680.67233455882,0,153.361342486213,0,0,0,0,0,613.445369944853,0,3864.70588235294,0,1533.61345358456,0,306.722684972426,0,0,2085.7142980239,153.361342486213,0,0,0,0,0,0,0,0,0,0,0,0,0,0,0,1105.09665096507,0,0,0,0,0,0,0,30168.794921875,7422.2900390625
"NGA",3,1,"LSMS-ISA2015",2015,3,17,1713,226,1,170079,11,0,2181.81811523438,0,2212.12127130682,0,0,0,0,2545.45454545455,0,0,0,1659.09090909091,0,0,0,1106.06066894531,0,0,3067.17602539063,0,0,7277.44843741947,0,19406.5284014402,0,0,0,4245.17815953489,0,0,0,6064.54009133294,0,1334.19888156318,0,2122.58903537824,7277.44843741947,606.454012545006,0,0,16980.7122386367,1880.00751026081,0,0,0,0,0,0,0,0,0,0,0,0,0,0,0,0,0,0,0,0,0,0,0,79966.8359375,7422.2900390625
"NGA",3,1,"LSMS-ISA2015",2015,3,17,1716,1452,0,170081,8,0,0,0,0,0,0,0,0,2525,65.1785736083984,0,0,0,0,0,0,1520.83337402344,0,0,6243.3349609375,0,2723.07694695104,0,0,5294.87207280671,0,0,0,0,0,0,0,3025.64111951678,0,756.410279879196,0,2647.4359753682,605.128254631481,0,0,0,2647.43603640336,756.410279879196,0,1966.66671758356,0,0,0,0,0,0,0,0,0,0,0,0,0,0,0,0,0,0,0,0,0,30777.421875,4322.392578125
"NGA",3,1,"LSMS-ISA2015",2015,3,17,1716,1452,0,170082,7,0,0,0,0,0,0,0,0,6628.57142857143,74.4897994995117,0,0,2954.76199776786,0,0,0,8690.4765625,0,0,2742.10791015625,0,0,0,0,8938.77566964286,0,0,0,3575.51032366071,0,0,7448.97935267857,4469.38783482143,2979.591796875,2979.591796875,0,9460.20396205357,5214.28571428571,1862.24483816964,2830.61216517857,0,3947.95912388393,744.89794921875,6257.14229910714,6778.57198660714,0,0,0,0,0,0,0,0,0,0,0,0,0,0,0,0,0,0,0,0,0,88578.171875,4322.392578125
"NGA",3,1,"LSMS-ISA2015",2015,3,17,1716,1452,0,170083,8,0,0,0,0,0,0,0,0,1000,103.095237731934,0,0,0,0,0,0,0,0,0,3080.4052734375,0,0,0,0,4432.14306640625,0,0,0,0,0,0,0,0,1303.57141113281,1759.82141113281,0,0,1108.03576660156,0,0,0,2607.14288330078,651.785720825195,5474.99951171875,0,0,0,0,0,0,0,0,0,0,0,0,0,0,0,0,0,0,0,0,0,0,21521,4322.392578125
"NGA",3,1,"LSMS-ISA2015",2015,3,17,1716,1452,0,170084,2,0,0,0,0,0,0,0,0,4000,521.428588867188,0,0,0,0,0,0,0,0,0,3504.60571289063,0,13035.7138671875,7821.4287109375,0,9125,0,0,0,0,0,0,0,5214.28564453125,0,2607.14282226563,0,1303.57141113281,1564.28576660156,0,0,0,13035.7143554688,782.142883300781,0,0,0,0,0,0,0,0,0,0,0,0,0,0,0,0,0,0,0,0,0,0,0,62515.32421875,4322.392578125
"NGA",3,1,"LSMS-ISA2015",2015,3,17,1716,1452,0,170085,10,0,0,0,0,0,0,0,0,1640,52.1428604125977,0,0,0,0,0,0,1216.66674804688,0,0,2240.41845703125,0,6252.59623323435,1500.62318900628,0,5627.33662147644,0,1250.51926961524,0,0,0,0,0,937.889480921894,0,2188.40873335153,0,1500.62314017816,2188.40873335153,312.62981740381,0,0,5127.12927643299,625.25963480762,0,0,0,0,0,0,0,0,0,0,0,0,0,0,0,268.928888013495,0,0,0,0,0,0,0,32929.58203125,4322.392578125
"NGA",3,1,"LSMS-ISA2015",2015,3,17,1716,1452,0,170086,10,0,0,0,0,0,0,0,0,2120,104.285720825195,0,0,0,0,0,0,730,0,0,3236.15576171875,0,0,0,0,3650,0,0,0,0,0,0,0,1042.85712890625,0,2711.428515625,0,3389.28569335937,1825,0,0,0,1825.00002441406,312.857153320312,6257.1421875,2033.571484375,0,0,0,0,0,0,0,0,0,0,0,0,0,0,0,0,0,0,0,0,0,29237.583984375,4322.392578125
"NGA",3,1,"LSMS-ISA2015",2015,3,17,1716,1452,0,170087,9,0,0,0,405.555555555556,0,0,0,0,1444.44444444444,62.3809547424316,0,0,675.925944010417,0,0,0,2162.962890625,0,0,6317.2158203125,0,0,0,0,4403.17447916667,0,0,0,0,0,0,0,0,1448.41265190972,2723.01584201389,0,0,2201.58723958333,0,0,0,1448.41265190972,695.238118489583,4866.66623263889,0,0,0,0,0,0,0,0,0,0,0,0,0,0,0,0,0,0,0,0,0,0,28854.9921875,4322.392578125
"NGA",3,1,"LSMS-ISA2015",2015,3,17,1716,1452,0,170088,9,0,0,0,675.925944010417,0,0,0,0,1544.44444444444,84.6957702636719,0,0,1351.85188802083,0,0,0,0,0,0,6317.2158203125,0,3592.06358506944,753.174587673611,0,4287.30164930556,0,0,0,0,0,0,5793.65060763889,0,1274.60319010417,2896.82530381944,0,1738.09526909722,0,1042.85709635417,0,0,7937.30148654514,289.682535807292,0,0,0,0,0,0,0,0,0,0,0,0,0,0,0,0,2750.64691840278,0,0,0,0,0,135.185180664063,42465.51953125,4322.392578125
"NGA",3,1,"LSMS-ISA2015",2015,3,17,1716,1452,0,170089,6,0,0,0,0,0,0,0,0,1566.66666666667,86.9047622680664,0,0,0,0,0,0,405.555541992188,0,0,1913.15515136719,0,0,0,0,0,0,0,0,0,0,0,0,3566.36725402223,0,1783.18362701111,0,3031.41228823602,1783.18362701111,0,0,0,6241.14282002401,4279.64089293093,4279.6405040505,4636.27738003485,0,0,0,0,0,0,0,0,0,0,0,0,0,0,0,0,0,0,0,0,0,33573.12890625,4322.392578125
"NGA",3,1,"LSMS-ISA2015",2015,3,17,1716,1452,0,170090,7,0,0,0,0,0,0,0,0,5857.14285714286,74.4897994995117,0,0,3476.19056919643,0,0,0,0,0,0,2423.64575195313,0,0,0,0,0,0,0,0,2234.69391741071,0,0,3724.48967633929,7448.97935267857,2979.591796875,2979.591796875,1489.7958984375,5586.73465401786,0,1489.7958984375,1340.81626674107,0,11769.3874860491,744.89794921875,6257.14229910714,6778.57198660714,4232.96344866071,20857.1428571429,0,0,0,0,0,0,0,0,0,1094.06884765625,0,0,1768.27301897321,0,0,0,0,0,0,94608.40625,4322.392578125
"NGA",3,1,"LSMS-ISA2015",2015,3,17,1702,510,0,170091,12,0,0,0,0,0,0,0,0,1633.33333333333,65.1785736083984,0,0,0,0,0,0,1520.83337402344,0,0,38460.08984375,0,0,0,0,3476.1904296875,0,0,0,0,0,0,0,0,608.333353678385,1911.90478515625,955.952392578125,955.952392578125,0,304.166666666667,0,0,1825,304.166666666667,5214.28515625,2259.52376302083,0,0,0,0,0,0,0,0,0,0,0,0,0,0,0,0,0,0,0,0,0,59494.9140625,3929.44775390625
"NGA",3,1,"LSMS-ISA2015",2015,3,17,1702,510,0,170092,11,0,0,0,1106.06063565341,0,0,0,0,1236.36363636364,65.5844192504883,0,0,0,0,0,221.21211381392,884.848449707031,0,0,1313.90637207031,0,7110.38991477273,6162.33735795455,0,0,0,0,0,0,0,0,0,0,0,0,1896.10387073864,0,0,474.025967684659,0,0,9480.51970880682,426.623357599432,0,0,0,0,0,0,0,0,0,0,0,0,0,0,0,0,0,0,0,0,0,0,0,30377.974609375,3929.44775390625
"NGA",3,1,"LSMS-ISA2015",2015,3,17,1702,510,0,170093,4,0,0,0,0,0,0,0,0,1600,155.357147216797,0,0,0,0,0,0,0,0,0,4241.3798828125,0,0,0,21175.1100638481,21175.1100638481,0,0,0,0,0,0,0,0,2646.88875798101,6617.22183391737,0,5293.77751596202,8999.42235995684,3176.26673995276,0,0,13234.4439119754,794.066684988189,0,0,0,0,0,0,0,0,0,0,0,0,0,0,0,0,0,0,0,0,0,0,1216.66662597656,90325.71875,3929.44775390625
"NGA",3,1,"LSMS-ISA2015",2015,3,17,1702,510,0,170094,4,0,0,0,0,0,0,0,0,0,160.773818969727,0,0,0,0,0,0,0,0,0,1707.05334472656,0,0,0,0,5214.28564453125,0,0,0,0,0,0,0,0,0,2607.14282226563,0,1303.57141113281,0,1564.28576660156,0,0,7821.42846679688,391.071441650391,0,6778.5712890625,0,0,0,0,0,0,0,0,0,0,0,0,16087.1650390625,0,1547.23889160156,0,0,0,0,0,0,45182.58984375,3929.44775390625
"NGA",3,1,"LSMS-ISA2015",2015,3,17,1702,510,0,170095,13,0,0,0,187.179480919471,0,0,0,0,0,80.2197799682617,0,0,0,0,0,0,187.179473876953,0,0,1255.29724121094,0,5414.83533653846,3930.76923076923,0,0,0,0,0,0,0,0,802.197791466346,0,0,802.197791466346,0,401.098895733173,0,0,0,0,2807.6923452524,200.549447866587,0,0,0,0,0,0,0,0,0,0,0,0,0,0,0,0,0,0,0,0,0,0,0,16069.216796875,3929.44775390625
"NGA",3,1,"LSMS-ISA2015",2015,3,17,1702,510,0,170096,5,0,0,0,0,0,0,0,0,2400,104.285720825195,0,0,0,0,0,0,730,0,0,9729.87890625,0,9907.14296875,0,4692.85703125,0,0,0,0,0,0,0,0,0,834.2857421875,2502.8572265625,0,521.428564453125,0,0,0,0,4171.42856445312,2502.8572265625,0,0,0,0,0,0,0,0,0,0,0,0,0,0,0,0,0,0,0,0,0,0,0,38097.0234375,3929.44775390625
"NGA",3,1,"LSMS-ISA2015",2015,3,17,1702,510,0,170097,12,0,0,0,0,0,0,0,0,8333.33333333333,43.4523811340332,0,0,0,0,0,0,4055.5556640625,0,0,1959.03515625,0,0,0,0,6517.857421875,0,0,0,1303.57145182292,434.523803710938,0,3476.1904296875,0,0,3258.92846679688,869.047607421875,3041.66662597656,1738.09521484375,869.047607421875,0,0,3650.0000406901,434.523803710938,3649.99967447917,3954.1669921875,2469.22867838542,0,0,0,0,0,0,0,0,0,0,0,0,0,0,0,0,0,0,0,0,50058.22265625,3929.44775390625
"NGA",3,1,"LSMS-ISA2015",2015,3,17,1702,510,0,170098,5,0,0,0,0,0,0,0,0,4000,104.285720825195,0,0,0,0,0,0,0,0,0,1222.76220703125,0,0,0,0,20857.1421875,0,0,0,3545.7142578125,2085.7142578125,0,5214.285546875,0,0,5214.285546875,3128.57138671875,7299.99990234375,4171.428515625,2085.7142578125,0,0,13870,1042.85712890625,5005.7140625,5422.85703125,1185.2298828125,20857.1421875,0,0,0,0,0,0,0,0,0,1531.69638671875,0,0,0,0,0,0,0,0,0,107845.40625,3929.44775390625
"NGA",3,1,"LSMS-ISA2015",2015,3,17,1702,510,0,170099,5,0,0,0,0,0,0,0,0,8000,208.571441650391,0,0,0,0,0,0,9733.333984375,0,0,1222.76220703125,0,0,0,0,22942.8578125,0,0,0,11888.57109375,5214.285546875,0,10428.57109375,0,0,7299.9998046875,4171.428515625,9907.14291992187,4171.428515625,2607.1427734375,2502.8572265625,0,21795.7140625,1564.2857421875,5005.7140625,6778.57109375,4740.91953125,0,0,0,0,0,0,0,0,0,0,0,0,0,0,0,0,0,0,0,0,140184.15625,3929.44775390625
"NGA",3,1,"LSMS-ISA2015",2015,3,17,1702,510,0,170100,11,0,0,0,0,0,0,0,0,1854.54545454545,0,0,0,0,0,0,0,884.848571777344,0,0,8118.3876953125,0,0,0,0,4740.25958806818,0,0,0,0,0,0,0,0,379.220791903409,1137.66237571023,0,568.831187855114,568.831187855114,0,0,0,7110.3896040483,758.441583806818,0,7394.80539772727,0,0,0,0,0,0,0,0,0,0,0,0,0,0,0,235.688876065341,0,0,0,0,0,33751.91015625,3929.44775390625
"NGA",3,1,"LSMS-ISA2015",2015,3,17,1727,634,0,170101,5,0,0,0,0,0,0,0,0,2240,192.952377319336,0,0,0,0,0,0,2920,0,0,3835.42333984375,0,0,0,12514.2859375,0,0,0,0,0,0,0,0,0,4171.428515625,0,0,0,0,1251.42861328125,0,0,4171.428515625,1042.85717773438,0,0,0,0,0,0,0,0,0,0,0,0,0,0,0,0,0,0,0,0,0,0,365,32704.8046875,3732.97534179688
"NGA",3,1,"LSMS-ISA2015",2015,3,17,1727,634,0,170102,4,0,0,0,0,0,0,0,0,3675,130.357147216797,0,0,0,0,0,0,3650,0,0,3227.91821289063,0,3128.57153320313,0,0,4562.5,0,0,4953.5712890625,0,0,0,0,0,0,2867.85717773438,0,0,0,1564.28576660156,0,0,1955.35717773438,391.071441650391,0,0,0,0,0,0,0,0,0,0,0,0,0,0,0,0,0,0,0,0,0,0,912.5,31018.990234375,3732.97534179688
"NGA",3,1,"LSMS-ISA2015",2015,3,17,1727,634,0,170103,9,0,0,0,2027.77777777778,0,0,0,0,2377.77777777778,84.9735412597656,0,0,0,0,0,0,2433.33325195313,0,0,5000.9619140625,0,0,0,6083.33333333333,7821.42881944444,0,0,0,0,0,0,0,0,0,1158.73014322917,0,0,2027.77777777778,0,0,0,5214.28559027778,173.809529622396,0,0,0,0,0,0,0,0,0,0,0,0,0,0,0,0,0,0,0,0,0,0,473.148162841797,34877.3359375,3732.97534179688
"NGA",3,1,"LSMS-ISA2015",2015,3,17,1727,634,0,170104,8,0,0,0,2281.25,0,0,0,0,4950,330.357147216797,0,0,6083.33349609375,0,0,0,6083.33349609375,750,0,979.408752441406,0,8726.22525811236,5584.78405871391,0,9307.97300328463,0,0,0,0,0,0,11634.9663387706,8144.47647336507,0,4653.98650164231,9307.97300328463,5235.7349654607,3490.48997172275,3490.48997172275,0,0,11634.9663998058,2908.74158469266,0,0,0,0,0,0,0,0,0,0,0,0,0,0,0,0,0,0,0,0,0,0,0,105578.4921875,3732.97534179688
"NGA",3,1,"LSMS-ISA2015",2015,3,17,1727,634,0,170105,10,0,0,0,0,0,0,0,0,1380,104.285720825195,0,0,0,0,0,0,1216.66674804688,0,0,5501.74267578125,0,0,0,8391.79467579831,2622.43578683585,0,2202.84618083585,0,0,0,0,0,0,1048.97433447479,2045.49993689751,0,1048.97433447479,0,524.487167237394,0,0,2569.98715348602,1311.21794224605,0,0,0,0,0,0,0,0,0,0,0,0,0,0,0,2307.74359401989,0,0,0,0,0,0,0,32276.65625,3732.97534179688
"NGA",3,1,"LSMS-ISA2015",2015,3,17,1727,634,0,170106,13,0,0,0,1403.84615384615,0,0,0,0,2961.53846153846,310.989013671875,0,0,0,0,0,0,7487.1796875,153.846160888672,0,986.892822265625,0,481.318697415865,1925.27478966346,0,3609.89002403846,0,401.098895733173,0,0,0,0,3208.79116586538,0,0,2366.48347355769,1604.39558293269,2406.59344951923,1203.29672475962,802.197791466346,0,0,8021.97829026442,601.648362379808,0,0,0,0,0,0,0,0,0,0,0,0,0,0,0,0,0,0,0,0,0,0,0,39937.265625,3732.97534179688
"NGA",3,1,"LSMS-ISA2015",2015,3,17,1727,634,0,170107,5,2.43333339691162,0,0,0,0,0,0,0,9800,104.285720825195,0,0,4866.666796875,0,0,0,9490,0,0,5597.3671875,0,0,0,8342.85703125,20857.1421875,0,0,0,7300,0,0,7300,2085.7142578125,0,6257.1427734375,0,7821.42861328125,3128.571484375,5214.285546875,0,0,14600,1042.85712890625,6257.1421875,6778.57109375,0,20857.1421875,0,0,0,0,0,0,0,0,0,0,0,0,0,0,0,0,0,0,0,147703.625,3732.97534179688
"NGA",3,1,"LSMS-ISA2015",2015,3,17,1727,634,0,170108,5,0,0,0,0,0,0,0,0,2600,104.285720825195,0,0,0,0,0,0,0,0,0,5363.8779296875,0,0,0,0,11471.42890625,0,2085.7142578125,0,0,0,0,3128.571484375,5214.285546875,0,9907.14296875,0,7821.428515625,3128.571484375,2085.7142578125,0,0,8760,1042.85712890625,5005.7140625,5422.85703125,0,0,0,0,0,0,0,0,0,0,0,0,0,0,0,0,0,0,0,0,0,73142.4453125,3732.97534179688
"NGA",3,1,"LSMS-ISA2015",2015,3,17,1727,634,0,170109,13,0,0,0,2807.69230769231,0,0,0,0,3384.61538461538,133.699630737305,0,0,2058.97430889423,0,0,0,2994.8720703125,0,0,5019.3505859375,0,0,0,1684.61538461538,6217.03305288462,0,1604.39558293269,0,0,0,0,3208.79116586538,0,882.417593149038,1283.51645132212,0,762.087890625,1604.39558293269,401.098895733173,0,0,8423.07692307692,280.769230769231,0,0,5226.08713942308,0,0,0,0,0,0,0,0,0,0,0,0,441.208796574519,0,0,0,0,0,0,0,48418.69921875,3732.97534179688
"NGA",3,1,"LSMS-ISA2015",2015,3,17,1727,634,0,170110,13,0,0,0,1403.84615384615,0,0,0,0,2938.46153846154,803.296752929688,0,0,0,0,0,0,7487.1796875,615.384643554688,0,986.892822265625,0,8423.07692307692,4813.18689903846,0,2005.49444110577,0,1604.39558293269,0,0,0,0,0,0,0,1604.39558293269,1203.29672475962,802.197791466346,802.197791466346,200.549447866587,0,0,12514.2856445313,561.538461538462,0,0,0,0,0,0,0,0,0,0,0,0,0,0,0,0,0,0,0,0,0,0,0,48769.67578125,3732.97534179688
"NGA",3,1,"LSMS-ISA2015",2015,3,17,1712,794,0,170111,6,0,1000,0,0,0,0,0,0,2316.66666666667,93.4523849487305,0,0,0,0,0,0,12166.6669921875,0,0,4414.48681640625,0,0,0,0,0,0,0,0,0,0,0,0,0,0,3997.619140625,0,0,0,2607.14290364583,0,0,25636.9051106771,521.428588867188,10428.5703125,3389.28580729167,0,0,0,0,0,0,0,0,0,0,0,0,0,0,2062.98518880208,0,0,0,0,0,0,68635.2109375,3143.55810546875
"NGA",3,1,"LSMS-ISA2015",2015,3,17,1712,794,0,170112,4,0,1500,0,0,0,0,0,0,5850,195.535720825195,0,0,0,0,0,0,18250,0,0,2468.796875,0,0,0,3910.71435546875,0,0,0,0,0,0,0,13035.7138671875,0,0,9385.7138671875,2607.14282226563,9776.78576660156,0,2607.14282226563,0,0,13557.1428222656,1303.57141113281,7821.427734375,8473.2138671875,0,0,0,0,0,0,0,0,0,0,0,1914.62048339844,0,0,6188.95556640625,0,0,0,0,0,0,108846.484375,3143.55810546875
"NGA",3,1,"LSMS-ISA2015",2015,3,17,1712,794,0,170113,12,0,0,0,0,0,0,0,0,2233.33333333333,43.4523811340332,0,0,1520.83333333333,0,0,0,2027.77783203125,0,0,1413.79333496094,0,0,0,3910.71419270833,4562.5,0,0,0,0,0,0,4345.23795572917,0,1086.30948893229,1042.85717773438,0,1303.57141113281,0,217.261901855469,0,0,6083.33333333333,695.238118489583,3128.5712890625,0,0,0,0,0,0,0,0,0,0,0,0,0,0,0,3094.4775390625,0,0,0,456.25,0,0,37165.515625,3143.55810546875
"NGA",3,1,"LSMS-ISA2015",2015,3,17,1712,794,0,170114,10,0,0,0,608.333349609375,0,0,0,0,1730,64.3095245361328,0,0,0,0,0,0,0,0,0,2299.21411132813,0,0,0,0,5475,0,0,0,0,0,0,0,0,2085.7142578125,2502.8572265625,0,0,0,1303.57138671875,0,0,5214.2857421875,156.428576660156,3128.57109375,0,0,0,0,0,0,0,0,0,0,0,0,0,0,0,2475.5822265625,0,0,0,0,0,243.33332824707,27287.19921875,3143.55810546875
"NGA",3,1,"LSMS-ISA2015",2015,3,17,1712,794,0,170115,7,1216.66674804688,857.142883300781,0,1738.09528459821,0,0,0,0,1714.28571428571,74.4897994995117,0,0,5214.28571428571,0,0,0,3476.19067382813,0,0,3520.46313476563,0,0,0,0,5959.18359375,0,744.89794921875,0,0,0,0,5959.18359375,0,1489.7958984375,1638.77553013393,0,1266.32655552455,0,372.448974609375,0,0,14153.0611049107,968.367361886161,6257.14229910714,0,0,0,0,0,0,0,0,0,0,0,0,0,0,1449.74748883929,5304.81863839286,0,0,0,0,0,0,63375.3671875,3143.55810546875
"NGA",3,1,"LSMS-ISA2015",2015,3,17,1712,794,0,170116,1,0,0,0,4866.66650390625,0,0,0,0,4600,260.714294433594,0,0,0,0,0,0,0,0,0,30136.943359375,0,51100,39107.14453125,0,15642.857421875,0,0,0,0,0,0,0,0,0,11992.857421875,2607.14282226563,0,0,0,0,0,31285.7133789063,1564.28576660156,0,0,0,0,0,0,0,0,0,0,0,0,0,0,0,0,0,0,0,0,0,0,0,193164.328125,3143.55810546875
"NGA",3,1,"LSMS-ISA2015",2015,3,17,1712,794,0,170117,8,0,750,0,0,0,0,0,0,2625,0,0,0,912.5,0,0,0,1216.66662597656,0,0,2120.68994140625,0,0,0,2933.03564453125,3584.82153320313,0,1303.57141113281,0,0,1303.57141113281,0,3910.71435546875,0,1303.57141113281,1564.28576660156,0,2607.14288330078,0,325.892852783203,0,0,4888.3928527832,3389.28564453125,3910.7138671875,1694.64282226563,0,0,0,0,0,0,0,0,0,0,0,0,0,4041.07165527344,4641.71630859375,0,0,0,0,0,0,49027.29296875,3143.55810546875
"NGA",3,1,"LSMS-ISA2015",2015,3,17,1712,794,0,170118,3,0,2000,0,2027.77783203125,0,0,0,0,4000,454.920654296875,0,0,0,0,0,0,0,0,0,12213.5087890625,0,0,0,0,0,0,0,0,0,0,0,0,0,10428.5716145833,3823.8095703125,0,0,0,0,0,0,26071.4278971354,521.428588867188,10428.5703125,0,0,13904.76171875,0,0,0,0,0,0,0,0,0,0,0,0,4125.97037760417,0,0,0,0,0,811.111083984375,90811.859375,3143.55810546875
"NGA",3,1,"LSMS-ISA2015",2015,3,17,1712,794,0,170119,8,0,900,0,0,0,0,0,0,2500,97.7678604125977,0,0,0,0,0,0,9429.166015625,0,0,764.226379394531,0,0,0,0,7821.4287109375,0,1955.35717773438,0,6387.50012207031,0,0,10428.5712890625,0,0,4692.85693359375,1955.35711669922,6517.85717773438,0,651.785705566406,651.785705566406,0,7886.60717773438,651.785705566406,3910.7138671875,4236.60693359375,0,0,0,0,0,0,0,0,0,0,0,0,0,0,3094.47778320313,0,0,0,0,0,0,74533.84375,3143.55810546875
"NGA",3,1,"LSMS-ISA2015",2015,3,17,1712,794,0,170120,8,0,750,0,0,0,0,0,0,2500,97.7678604125977,0,0,3041.66674804688,0,0,0,8364.5830078125,0,0,1100.15539550781,0,4888.39306640625,4888.39306640625,0,13035.7138671875,3910.71435546875,2607.14282226563,0,4432.14294433594,0,0,5866.0712890625,1955.35717773438,0,6517.85693359375,3258.92858886719,6517.85717773438,0,2607.14282226563,0,0,6191.96423339844,651.785705566406,3910.7138671875,4236.60693359375,3703.84301757813,13035.7138671875,0,0,0,0,0,0,0,0,0,0,0,0,1547.23889160156,2592.57763671875,0,0,0,0,0,112210.3359375,3143.55810546875
"NGA",3,1,"LSMS-ISA2015",2015,3,17,1724,786,0,170121,9,1.35185194015503,666.666687011719,0,540.74072265625,0,0,0,0,1555.55555555556,115.899467468262,0,0,0,0,0,0,1351.85192871094,0,0,4071.16967773438,0,0,0,0,4171.42838541667,0,0,0,0,0,0,5214.28559027778,0,2317.46028645833,2549.20638020833,0,0,1332.53971354167,695.238118489583,0,0,5793.65082465278,173.809529622396,3476.19010416667,0,0,0,0,0,0,0,0,0,0,0,0,0,0,0,0,0,0,0,0,0,135.185180664063,34162.22265625,3340.03051757813
"NGA",3,1,"LSMS-ISA2015",2015,3,17,1724,786,0,170122,11,1.10606062412262,545.454528808594,0,663.636363636364,0,0,0,0,2172.72727272727,142.251083374023,0,0,0,0,0,0,663.636352539063,0,0,3330.95703125,0,0,0,0,3318.18181818182,0,0,0,0,0,0,6636.36363636364,0,1896.10387073864,2085.71431107955,0,948.051935369318,1042.85715553977,711.038973721591,0,0,3792.20778586648,189.610395951705,3412.98686079545,0,0,0,0,0,0,0,0,0,0,0,0,0,0,0,0,0,0,0,0,0,221.212112426758,31774.09765625,3340.03051757813
"NGA",3,1,"LSMS-ISA2015",2015,3,17,1724,786,0,170123,3,0,0,0,0,0,0,0,0,4733.33333333333,186.904769897461,0,0,0,0,0,0,0,0,0,14540.2275390625,0,0,0,0,0,0,0,0,0,0,0,17380.9518229167,0,0,3823.8095703125,3476.1904296875,12166.6666666667,1738.09521484375,2085.71435546875,0,0,8690.47623697917,1216.66666666667,10428.5703125,4519.04752604167,0,6952.380859375,0,0,0,0,0,0,0,0,0,0,0,0,0,0,0,0,0,0,0,91939.0390625,3340.03051757813
"NGA",3,1,"LSMS-ISA2015",2015,3,17,1724,786,0,170124,4,0,1500,0,0,0,0,0,0,2650,130.357147216797,0,0,0,0,0,0,2433.33325195313,0,0,4241.3798828125,0,0,0,0,11732.142578125,0,1303.57141113281,0,0,0,0,10428.5712890625,0,2607.14282226563,3258.92846679688,0,1303.57141113281,0,0,0,0,5214.28564453125,912.5,7821.427734375,0,0,0,0,0,0,0,0,0,0,0,0,0,0,1433.92858886719,6188.95556640625,1296.28881835938,0,0,0,0,0,64456.38671875,3340.03051757813
"NGA",3,1,"LSMS-ISA2015",2015,3,17,1724,786,0,170125,15,0,400,0,0,0,0,0,0,4000,69.523811340332,0,0,2027.777734375,0,0,0,6488.888671875,0,0,2332.57250976563,0,0,0,0,0,0,0,0,2433.33333333333,3476.19036458333,0,5214.2859375,0,0,4866.66666666667,0,2433.33333333333,0,1042.85716145833,347.61904296875,0,6604.76171875,347.61904296875,2919.99973958333,3163.33359375,0,0,0,321.098567708333,0,0,0,0,0,0,0,1021.13092447917,0,1031.70475260417,2475.58203125,0,0,0,0,0,0,53018.27734375,3340.03051757813
"NGA",3,1,"LSMS-ISA2015",2015,3,17,1724,786,0,170126,10,0,0,0,0,0,0,0,0,2240,66.0714263916016,0,0,0,0,0,0,0,0,0,6569.68212890625,0,0,0,0,4171.428515625,0,0,0,0,0,0,0,0,0,2450.7142578125,0,521.428564453125,1460,0,0,0,9907.1427734375,312.857153320312,4379.999609375,0,0,0,0,0,0,0,0,0,0,0,0,0,0,0,0,0,0,0,0,0,0,32079.326171875,3340.03051757813
"NGA",3,1,"LSMS-ISA2015",2015,3,17,1724,786,0,170127,10,0,600,0,0,0,1216.66669921875,0,0,6000,104.285720825195,0,0,2433.3333984375,0,0,0,9733.3330078125,0,0,3995.07885742188,0,0,0,3910.714453125,7039.2859375,0,2033.571484375,0,4953.571484375,0,0,4692.85703125,2607.1427734375,1564.2857421875,5214.285546875,3649.99990234375,9646.42861328125,2607.1427734375,2607.1427734375,625.714306640625,0,15121.4282226563,521.428564453125,3128.57109375,3389.285546875,0,0,0,0,0,0,0,0,0,0,0,0,0,0,0,0,0,0,0,0,0,97395.5703125,3340.03051757813
"NGA",3,1,"LSMS-ISA2015",2015,3,17,1724,786,0,170128,7,1.7380952835083,857.142883300781,0,1216.66671316964,0,0,0,0,1714.28571428571,91.8707504272461,0,0,0,0,0,0,0,0,0,5234.36083984375,0,4469.38783482143,0,0,2607.14285714286,0,0,0,0,0,0,0,0,0,1713.26534598214,0,0,1713.26534598214,0,0,0,5214.28571428571,297.959193638393,0,0,0,0,0,0,0,0,0,0,0,0,0,0,0,0,0,0,0,0,0,0,52.1428565979004,25183.513671875,3340.03051757813
"NGA",3,1,"LSMS-ISA2015",2015,3,17,1724,786,0,170129,4,0,0,0,3041.66674804688,0,0,0,0,2100,140.178573608398,0,0,0,0,0,0,0,0,0,8090.3896484375,0,0,0,0,0,0,1042.85717773438,0,0,0,0,0,0,0,1303.57141113281,0,2607.14282226563,0,0,0,0,3910.71435546875,521.428588867188,7821.427734375,1694.64282226563,0,0,0,0,0,0,0,0,0,0,0,0,0,0,0,0,0,0,0,0,0,32274.01953125,3340.03051757813
"NGA",3,1,"LSMS-ISA2015",2015,3,17,1724,786,0,170130,10,608.333374023438,600,0,1216.66669921875,0,0,0,0,3040,1025.47619628906,0,0,2433.3333984375,0,0,0,1216.66674804688,0,0,2665.77954101563,0,0,0,102014.65394692,184641.910353836,0,22157.0297347303,0,30004.3119886369,0,0,92320.9551769182,9232.09585536234,18464.1917107247,53546.1536852986,24003.4495909095,32773.9392525837,13848.1438074576,4616.04792768117,0,0,313891.249342829,11078.5148917792,0,0,0,0,0,0,0,0,0,0,0,0,0,0,0,20310.6099273793,0,0,0,0,0,0,0,945709.5,3340.03051757813
"NGA",3,1,"LSMS-ISA2015",2015,3,18,1809,1272,1,180011,7,1303.57141113281,2571.42846679688,0,0,0,1216.66671316964,0,0,6285.71428571429,2516.87084960938,1738.09533691406,0,0,0,5214.28571428571,0,2607.14282226563,0,0,2857.14282226563,0,0,0,1564.28571428571,4469.38783482143,0,0,0,3724.48971121652,0,0,744.89794921875,0,4618.36725725446,3426.53069196429,0,3649.99996512277,0,1862.24490792411,3128.57142857143,0,6853.06124441964,372.448974609375,0,0,0,0,0,0,0,0,0,0,0,0,0,0,0,0,2619.42131696429,0,0,0,0,0,2607.14282226563,65951.7734375,9285.076171875
"NGA",3,1,"LSMS-ISA2015",2015,3,18,1809,1272,1,180012,10,0,3600,0,243.333325195313,0,669.166650390625,0,243.33332824707,6420,2141.71435546875,0,0,973.33330078125,0,0,0,4866.6669921875,0,0,1000,0,0,0,782.14287109375,0,0,0,0,5214.285546875,2607.1427734375,0,5214.285546875,1564.2857421875,4171.428515625,2398.571484375,0,1981.42856445313,0,1564.2857421875,1042.85712890625,0,7560.7140625,260.714282226562,0,0,0,1262.05869140625,0,0,0,0,0,0,0,0,0,0,0,417.14287109375,412.55888671875,0,0,0,0,0,6083.3330078125,62694.78125,9285.076171875
"NGA",3,1,"LSMS-ISA2015",2015,3,18,1809,1272,1,180013,6,1135.55554199219,16000,0,0,0,1419.44449869792,0,405.555541992188,1900,520.238098144531,0,0,8111.111328125,0,3476.1904296875,0,7806.94482421875,6936.66650390625,0,4000,0,0,0,0,0,0,0,0,5214.28580729167,1738.09521484375,0,8690.47591145833,3476.1904296875,0,3997.619140625,0,3389.28572591146,0,1738.09521484375,4084.52384440104,0,11558.3334147135,0,0,0,0,7535.0546875,0,0,0,0,0,0,0,0,0,0,0,782.142822265625,1680.30143229167,0,0,0,152.84755452474,0,0,105748.9453125,9285.076171875
"NGA",3,1,"LSMS-ISA2015",2015,3,18,1809,1272,1,180014,1,0,1800,0,0,0,973.333312988281,0,0,3100,500.714294433594,0,0,0,0,0,0,4866.66650390625,500,0,18129.953125,0,0,0,0,0,0,0,0,0,0,0,0,0,0,0,0,0,0,0,0,0,132964.283203125,0,0,0,0,0,0,0,0,0,0,0,0,0,0,0,0,0,0,0,0,0,0,0,146000,308834.9375,9285.076171875
"NGA",3,1,"LSMS-ISA2015",2015,3,18,1809,1272,1,180015,11,7.74242401123047,545.454528808594,0,1659.09090909091,221.21211381392,265.454545454545,0,0,16490.9090909091,1425.88745117188,0,0,0,0,8532.46732954545,663.636363636364,5087.87890625,3981.81811523438,0,611.687927246094,0,0,0,7584.41548295455,34129.8707386364,0,0,0,4266.23366477273,0,0,9480.51917613636,0,4503.24660422585,5688.31161221591,0,4550.64932528409,5214.28586647727,1516.88316761364,8650.97416548295,0,25455.194868608,4076.62326882102,0,2466.12801846591,0,0,0,0,0,0,0,0,0,0,0,0,0,0,0,0,0,0,0,0,3594.69702148438,160671.28125,9285.076171875
"NGA",3,1,"LSMS-ISA2015",2015,3,18,1809,1272,1,180017,6,2.02777791023254,3000,0,608.333333333333,0,1419.44449869792,0,202.777770996094,0,2803.134765625,0,0,0,0,4345.23795572917,0,3041.66674804688,200,0,2125.74291992188,0,0,0,2172.61897786458,4779.76188151042,0,2346.42850748698,0,3910.71419270833,0,0,6952.380859375,3476.1904296875,0,5214.28564453125,0,10080.952351888,1911.90478515625,869.047607421875,9472.61881510417,0,24333.3326009115,434.523803710938,0,0,0,0,0,0,0,0,0,0,0,0,0,1140.625,5082.62239583333,0,0,0,6083.33333333333,0,0,0,405.555541992188,106415.2734375,9285.076171875
"NGA",3,1,"LSMS-ISA2015",2015,3,18,1809,1272,1,180018,11,0,1090.90905761719,0,553.030317826705,0,774.242453835227,0,0,3745.45454545455,683.766235351563,0,0,553.030317826705,0,0,221.21211381392,8406.0615234375,553.030334472656,0,22879.701171875,0,0,1042.85715553977,0,0,0,0,0,711.038973721591,0,0,0,6636.36363636364,568.831187855114,2322.72729492188,0,0,3128.57137784091,1516.88316761364,948.051935369318,0,10902.597212358,0,0,0,954.686345880682,4589.30433238636,0,0,0,0,0,0,0,0,0,0,0,3700.56267755682,0,0,0,0,0,0,0,76482.9140625,9285.076171875
"NGA",3,1,"LSMS-ISA2015",2015,3,18,1809,1272,1,180019,6,0,10000,0,811.111083984375,0,8516.66666666667,0,405.555541992188,24333.3333333333,2644.04760742188,0,0,12166.6666666667,0,0,0,7097.22265625,12166.6669921875,0,5220.03759765625,0,1390.47623697917,0,0,0,6083.33333333333,0,0,10428.5716145833,4345.23795572917,10428.5716145833,8690.47591145833,4345.23795572917,15469.0472005208,3997.619140625,5214.28564453125,4779.76192220052,3476.1904296875,0,0,0,19205.9527994792,0,0,342.424601236979,0,2716.65169270833,0,0,0,0,0,0,0,0,0,0,0,1390.47623697917,0,0,0,0,218.353658040365,0,0,185883.953125,9285.076171875
"NGA",3,1,"LSMS-ISA2015",2015,3,18,1809,1272,1,180020,2,0,9000,0,0,0,0,0,0,41500,10178.333984375,0,0,121666.6640625,0,20857.142578125,0,73000,25550,0,51054.80078125,0,0,0,0,0,0,0,0,7821.4287109375,0,0,15642.857421875,0,0,0,33892.8569335938,0,0,0,18250,0,73521.4274902344,0,5986.28515625,0,0,12620.5869140625,16285.359375,0,0,0,0,0,0,0,0,0,0,0,0,0,0,0,0,0,67737.5,604565.25,9285.076171875
"NGA",3,1,"LSMS-ISA2015",2015,3,18,1823,1822,1,180021,5,851.666687011719,7200,0,0,0,0,0,243.33332824707,19000,11297.619140625,0,0,13383.3328125,0,8864.2859375,0,48666.6640625,730,0,9828.8115234375,0,0,0,0,0,0,0,0,7821.42890625,52142.8578125,41714.284375,15642.8578125,0,13035.714453125,32328.571875,3128.571484375,10949.9999023438,2085.7142578125,0,10428.57109375,0,75607.14296875,0,0,0,0,4690.66953125,0,0,0,0,0,0,0,0,0,0,0,2085.7142578125,0,0,0,0,0,0,0,391727.84375,10511.4072265625
"NGA",3,1,"LSMS-ISA2015",2015,3,18,1823,1822,1,180022,11,0,2727.27270507813,0,0,1327.27272727273,829.545454545455,0,0,1927.27272727273,4465.06494140625,0,0,1106.06063565341,0,3318.18181818182,221.21211381392,8848.4853515625,880.303100585938,0,74416.3984375,0,0,1990.90909090909,0,10665.5845170455,0,1185.06489701705,0,1706.49343039773,2370.12979403409,0,4740.25958806818,3318.18181818182,4550.64923650568,3981.81818181818,237.01298384233,1137.66233132102,1896.10387073864,2370.12979403409,7252.59738991477,0,23559.0905539773,189.610395951705,0,0,0,0,0,0,0,0,0,0,0,0,0,0,0,0,0,0,0,0,0,0,0,171218.359375,10511.4072265625
"NGA",3,1,"LSMS-ISA2015",2015,3,18,1823,1822,1,180023,4,0,4500,0,0,0,2129.16674804688,0,0,3500,2938.09521484375,0,0,0,0,9125,0,12166.6669921875,3750,0,5409.75830078125,0,7821.4287109375,0,0,14339.2861328125,0,2607.14282226563,0,5214.28564453125,0,0,0,2607.14282226563,0,8342.85717773438,651.785705566406,912.5,5735.71435546875,1955.35717773438,651.785705566406,0,9646.42852783203,0,0,0,0,0,0,0,0,0,0,0,0,0,0,0,0,0,0,0,0,0,1303.57141113281,0,152.08332824707,105460.046875,10511.4072265625
"NGA",3,1,"LSMS-ISA2015",2015,3,18,1823,1822,1,180024,3,0,1000,0,2433.33333333333,0,1216.66666666667,0,0,9453.33333333333,2004.84130859375,0,0,0,0,20857.1432291667,0,4866.66650390625,500,0,4240.32275390625,0,6691.66666666667,1216.66666666667,10428.5716145833,21552.380859375,0,0,0,4519.04777018229,0,0,6952.380859375,0,0,13557.1432291667,3476.1904296875,7821.42846679688,1390.47623697917,695.238118489583,4519.04760742188,0,44321.4283854167,1738.09529622396,0,0,0,0,0,0,0,0,0,0,0,0,0,0,0,0,0,0,0,0,0,0,49883.3359375,225335.40625,10511.4072265625
"NGA",3,1,"LSMS-ISA2015",2015,3,18,1823,1822,1,180026,9,0,2400,0,1622.22222222222,0,270.370361328125,0,0,7777.77777777778,5039.31201171875,0,0,1013.88888888889,0,1738.09526909722,270.370361328125,4461.111328125,604.629638671875,0,1512.76647949219,0,0,3823.80946180556,0,0,0,0,0,3707.93657769097,0,4345.23828125,16801.5868055556,2027.77777777778,4750.79361979167,5272.2223578559,1158.73014322917,3128.57145182292,7300,1158.73014322917,1390.47618272569,0,17960.3172743056,0,2752.380859375,0,5834.19444444444,8372.28298611111,0,0,0,0,0,0,0,0,0,0,0,2522.52415635851,0,0,463.492078993056,0,464.365478515625,0,13518.5185546875,133464.5,10511.4072265625
"NGA",3,1,"LSMS-ISA2015",2015,3,18,1823,1822,1,180027,6,0,600,0,2027.77783203125,0,2838.88899739583,0,202.777770996094,10000,1853.17468261719,0,0,2027.77783203125,0,4345.23795572917,0,6083.33349609375,0,0,2120.16137695313,0,1303.57145182292,0,0,12166.6666666667,0,1390.47623697917,0,2520.23815917969,0,0,0,2607.14290364583,782.142822265625,8864.28564453125,869.047607421875,5648.80944824219,3476.1904296875,1216.66666666667,2954.76196289063,0,6952.38094075521,173.809529622396,0,0,0,0,0,0,0,0,0,0,0,0,0,0,0,0,0,0,0,0,0,0,0,83025.328125,10511.4072265625
"NGA",3,1,"LSMS-ISA2015",2015,3,18,1823,1822,1,180028,3,6488.888671875,6000,0,2027.77783203125,0,0,0,0,17333.3333333333,7892.06396484375,0,0,3244.4443359375,0,0,0,28388.890625,8111.111328125,0,6311.298828125,0,4866.66666666667,5735.71419270833,3997.619140625,5214.28580729167,0,0,0,3823.8095703125,0,0,8690.47591145833,3476.1904296875,6083.33333333333,7300,0,6083.33325195313,6952.380859375,1738.09521484375,5561.90486653646,0,33023.8092447917,1390.47623697917,0,0,0,0,0,0,0,0,0,0,0,0,0,0,0,3337.14290364583,0,0,12166.6666666667,0,0,0,3041.66650390625,208281.359375,10511.4072265625
"NGA",3,1,"LSMS-ISA2015",2015,3,18,1823,1822,1,180029,6,1825,800,0,4055.5556640625,0,1135.55558268229,0,0,17766.6666666667,1857.73815917969,0,0,2433.33333333333,0,12601.1901041667,6083.33333333333,9125,0,0,2890.88647460938,0,0,0,0,9385.71451822917,0,2607.14290364583,0,9298.80924479167,0,0,18250,6083.33333333333,7908.33333333333,7821.42838541667,0,10428.5712890625,0,6952.380859375,1042.85717773438,0,11297.6192220052,782.142822265625,20642.85546875,13563.7044270833,0,8477.04296875,0,0,0,0,0,0,0,0,0,0,0,0,5707.064453125,0,0,0,0,0,0,200823.265625,10511.4072265625
"NGA",3,1,"LSMS-ISA2015",2015,3,18,1823,1822,1,180030,9,675.925964355469,1333.33337402344,0,2703.70377604167,0,0,0,135.185180664063,4333.33333333333,738.227478027344,0,0,675.925944010417,0,0,0,6164.4443359375,0,0,2098.01220703125,0,0,2027.77777777778,5214.28559027778,6894.44444444444,0,0,0,0,2896.82530381944,0,2607.14279513889,8111.11111111111,0,3128.57145182292,0,3765.873046875,869.047634548611,405.555555555556,289.682535807292,0,3128.57142469618,0,0,0,0,0,0,2283.82530381944,0,0,0,0,0,0,0,0,0,0,0,0,0,0,0,0,0,60480.80078125,10511.4072265625
"NGA",3,1,"LSMS-ISA2015",2015,3,18,1803,840,0,180031,7,0,514.285705566406,0,0,0,260.714285714286,0,173.809524536133,1714.28571428571,478.639434814453,0,0,1390.47614397321,0,2234.69391741071,0,3997.619140625,0,0,5628.32958984375,0,11471.4285714286,0,0,3352.04073660714,0,0,0,893.877580915179,0,0,0,0,2234.69391741071,4841.83677455357,0,1862.24490792411,2607.14285714286,893.877580915179,893.877580915179,0,5959.18352399554,372.448974609375,0,0,0,0,0,5872.69363839286,0,0,0,0,0,0,0,0,0,0,0,0,0,0,0,0,0,57648.203125,4099.44873046875
"NGA",3,1,"LSMS-ISA2015",2015,3,18,1803,840,0,180032,10,0,1200,0,3650,0,0,0,0,2340,696.357116699219,2433.33349609375,0,1216.66669921875,0,0,0,6326.6669921875,1408.33337402344,0,30313.65625,0,0,0,0,4171.428515625,0,1095,0,2085.7142578125,0,0,0,1564.2857421875,625.714306640625,2294.2857421875,0,312.857153320312,1929.2857421875,782.14287109375,1825.00002441406,0,11315.0000488281,0,3119.9998046875,1438.18330078125,1426.3298828125,0,0,0,0,0,0,0,0,0,0,0,0,0,0,0,0,0,183.417065429688,0,0,83753.6640625,4099.44873046875
"NGA",3,1,"LSMS-ISA2015",2015,3,18,1803,840,0,180033,10,0,300,0,1825,608.333349609375,486.666650390625,0,0,4540,2158.45239257813,0,0,0,0,4432.14296875,0,851.666625976563,120,0,3939.83081054688,0,4380,2346.428515625,3754.285546875,8342.85703125,0,312.857153320312,0,1903.21430664063,2085.7142578125,0,2085.7142578125,0,1042.85712890625,3206.78579101562,1303.57143554687,1825,2085.7142578125,521.428564453125,0,0,5996.428515625,443.214306640625,0,0,0,0,0,0,0,0,0,0,0,0,0,0,0,215.523803710938,0,0,0,0,2711.9525390625,0,0,63825.64453125,4099.44873046875
"NGA",3,1,"LSMS-ISA2015",2015,3,18,1803,840,0,180034,13,0,138.461532592773,0,0,0,561.538461538462,0,467.94873046875,2769.23076923077,623.626342773438,0,0,0,0,1203.29672475962,0,2339.74365234375,0,0,20794.01953125,0,0,0,0,0,0,0,6016.48377403846,1804.94501201923,10027.4723557692,0,0,0,0,8021.97806490385,0,2206.0439453125,0,601.648362379808,922.527475210337,0,7821.42856069712,0,5053.84555288462,206.621920072115,3800.79056490385,2706.15534855769,0,0,0,0,0,0,0,0,0,0,0,0,3264.50420673077,0,300.824143629808,0,0,0,0,81653.125,4099.44873046875
"NGA",3,1,"LSMS-ISA2015",2015,3,18,1803,840,0,180035,5,0,720,0,0,0,0,0,0,5980,0,0,0,4866.666796875,0,31285.715625,0,21170,0,0,3143.73071289063,0,0,0,0,0,0,0,0,6257.14296875,2085.7142578125,0,0,3128.571484375,0,7195.71430664063,0,1564.28569335938,1981.428515625,0,4379.99985351562,0,13557.1426757813,0,5005.7140625,0,2470.5138671875,7693.31640625,4727.37265625,0,0,0,0,0,10428.57109375,0,2607.1427734375,0,0,4644.94619140625,0,1244.43740234375,0,0,262.024389648437,0,0,146400.15625,4099.44873046875
"NGA",3,1,"LSMS-ISA2015",2015,3,18,1803,840,0,180036,14,0,1285.71423339844,0,0,0,0,0,0,6435.71428571429,0,0,0,10428.5714285714,0,2234.69391741071,0,16077.3818359375,0,0,2428.12573242188,0,0,0,0,0,0,0,0,0,0,0,0,0,0,3128.57142857143,0,1862.24485560826,1489.7958984375,2085.71428571429,0,0,3836.22446986607,297.959193638393,2595.91824776786,0,2011.22446986607,0,0,0,0,0,0,0,0,0,0,0,0,0,0,0,0,0,0,0,0,56197.85546875,4099.44873046875
"NGA",3,1,"LSMS-ISA2015",2015,3,18,1803,840,0,180037,10,0,240,0,1216.66669921875,0,1216.66669921875,0,0,1940,1350.47619628906,243.33332824707,0,0,0,2607.1427734375,365,2433.33349609375,1243.33325195313,0,115125.453125,0,0,0,0,4171.428515625,0,0,0,1564.2857421875,2085.7142578125,0,2085.7142578125,0,782.14287109375,2294.2857421875,0,1355.71428222656,4171.428515625,0,0,0,14678.2143554688,104.285717773438,4011.428125,0,2037.6142578125,0,0,0,0,0,0,0,0,0,0,0,0,361.221508789063,0,0,0,0,0,0,0,167684.875,4099.44873046875
"NGA",3,1,"LSMS-ISA2015",2015,3,18,1803,840,0,180038,13,0,1200,0,2807.69230769231,467.94873046875,0,0,0,5450.76923076923,646.703247070313,0,0,1403.84615384615,0,12032.9675480769,0,6551.2822265625,2678.20483398438,0,11658.5478515625,0,0,1283.51652644231,5294.50540865385,0,0,4091.20868389423,0,2005.49444110577,1403.84615384615,0,5615.38461538462,4813.18689903846,0,12835.1648137019,721.977989783654,2246.15386493389,3128.57143930288,1203.29672475962,3409.34068885216,0,23704.9447115385,280.769230769231,9784.61478365385,0,0,14556.6923076923,0,0,0,0,0,3321.09885817308,0,0,115850.72280649,1390.47611177885,398.753305288462,445.489295372596,1993.84878305288,0,367.779071514423,0,200.549447866587,0,0,265245.3125,4099.44873046875
"NGA",3,1,"LSMS-ISA2015",2015,3,18,1803,840,0,180039,1,0,0,0,0,0,0,0,0,8000,0,0,0,0,0,5214.28564453125,0,0,0,0,9390.673828125,0,0,0,0,0,0,0,0,12514.2861328125,0,0,0,14600,0,1564.28576660156,4171.42858886719,11992.857421875,0,2607.14282226563,5996.42852783203,0,29200,0,9908.5712890625,0,0,25431.12890625,0,0,0,0,0,0,0,0,0,16425.0009765625,0,2607.14282226563,11414.1279296875,0,0,0,229.271331787109,0,851.666687011719,172118.3125,4099.44873046875
"NGA",3,1,"LSMS-ISA2015",2015,3,18,1803,0,0,180040,18,0,0,0,946.296332465278,0,0,0,0,2433.33333333333,91.2698440551758,0,0,0,0,0,0,3379.6298828125,0,0,5943.77197265625,0,0,521.428548177083,0,0,0,0,0,0,0,0,0,0,0,1013.88888888889,0,289.682535807292,3476.19053819444,1129.76193576389,0,0,0,260.714274088542,5909.5234375,0,0,0,0,0,0,0,0,0,0,0,0,0,0,0,0,0,0,0,0,0,141.944442749023,25537.435546875,4099.44873046875
"NGA",3,1,"LSMS-ISA2015",2015,3,18,1816,378,1,180041,7,0,0,0,0,0,0,0,0,5228.57142857143,0,0,0,7821.42857142857,0,2234.69391741071,0,8169.0478515625,0,0,3998.95092773438,0,1514.29046105996,0,0,6360.02002089639,0,0,0,0,0,0,0,0,0,4694.30047150816,0,2650.00834265616,2650.00834265616,0,0,0,0,378.57261526499,0,0,9540.02888940113,0,0,0,0,0,0,0,0,0,0,0,0,2880.51688147657,0,0,0,0,0,0,0,58120.44140625,17343.822265625
"NGA",3,1,"LSMS-ISA2015",2015,3,18,1816,378,1,180042,6,0,3000,0,709.722249348958,0,811.111083984375,0,0,3166.66666666667,912.698425292969,405.555541992188,0,20277.77734375,0,0,1013.88891601563,14194.4453125,5375,0,16870.201171875,0,0,0,0,20857.1432291667,0,1390.47623697917,0,6083.33333333333,0,0,8690.47591145833,7300,1911.90478515625,11297.6186523438,0,6257.14294433594,0,2433.33333333333,869.047607421875,0,19988.0951334635,347.619059244792,10599.9993489583,0,10950,0,0,0,0,0,0,0,0,0,0,0,0,0,0,0,0,0,0,0,0,175713.265625,17343.822265625
"NGA",3,1,"LSMS-ISA2015",2015,3,18,1816,378,1,180043,10,0,0,0,1581.66669921875,0,0,0,0,2510,295.952392578125,0,0,608.333349609375,0,0,0,730,0,0,3936.79223632813,0,0,0,0,10950,0,1564.2857421875,0,1825.00002441406,0,0,2085.7142578125,1825,1564.28569335938,3650,1042.85712890625,6517.85717773438,4171.428515625,547.5,1564.28571777344,0,19292.8568603516,521.428564453125,3128.57109375,0,8631.940234375,0,0,0,0,0,0,0,0,0,0,730,0,0,0,0,0,0,0,0,0,79275.75,17343.822265625
"NGA",3,1,"LSMS-ISA2015",2015,3,18,1816,378,1,180044,5,0,3600,0,730,0,0,0,0,6400,678.285766601563,0,0,0,0,3337.14296875,0,13383.3330078125,0,0,6772.57568359375,0,0,0,0,23464.2859375,0,0,0,9907.14301757812,0,0,20857.1421875,0,0,6778.5712890625,9385.71416015625,9385.714453125,0,2085.7142578125,2607.1427734375,0,48492.8556640625,0,10902.85625,0,0,0,0,0,0,0,0,0,0,0,0,0,0,1708.69875488281,4290.612109375,0,0,0,183.417065429688,0,0,184951.1875,17343.822265625
"NGA",3,1,"LSMS-ISA2015",2015,3,18,1816,378,1,180045,6,0,0,0,0,0,0,0,0,1866.66666666667,130.357147216797,0,0,6083.33333333333,0,2607.14290364583,0,4663.88916015625,0,0,10515.7431640625,0,869.047607421875,0,0,4345.23795572917,0,1738.09521484375,0,0,869.047607421875,0,0,0,6952.380859375,12340.4759114583,0,8255.95222981771,3476.1904296875,1390.47623697917,0,0,0,434.523803710938,0,0,0,0,0,0,0,0,0,0,13904.76171875,0,0,0,0,0,0,0,0,0,0,0,0,80443.3203125,17343.822265625
"NGA",3,1,"LSMS-ISA2015",2015,3,18,1816,378,1,180046,5,0,2400,0,1703.3333984375,0,608.333349609375,0,0,10000,312.857147216797,0,0,0,0,6257.14296875,0,8516.6669921875,800,0,7997.83447265625,0,0,0,0,8342.85703125,0,0,0,1042.85712890625,0,0,0,0,0,8655.7146484375,2085.7142578125,4901.42854003906,0,2085.7142578125,3024.28579101562,0,14599.9997070312,1564.2857421875,2502.85703125,0,2470.5138671875,7693.31640625,0,0,2759.3998046875,0,0,0,5214.285546875,5214.285546875,0,932.777734375,0,2029.79294433594,3733.4162109375,0,0,0,0,0,730,118179.6796875,17343.822265625
"NGA",3,1,"LSMS-ISA2015",2015,3,18,1816,378,1,180047,11,0,1309.09094238281,0,1659.09090909091,1106.06063565341,774.242453835227,0,0,4927.27272727273,552.294372558594,0,0,1659.09090909091,0,3318.18181818182,553.030317826705,4424.24267578125,1212.12121582031,0,4406.896484375,0,0,3792.20774147727,0,0,0,2370.12979403409,568.831187855114,6162.33775745739,1042.85715553977,9480.51917613636,2370.12979403409,5214.28555575284,3507.79225852273,14884.416015625,1185.06491921165,4835.06489701705,11139.6104403409,5214.28586647727,568.831187855114,0,21331.1683238636,1137.66233132102,1137.66228693182,0,3930.36292613636,0,0,343.6328125,0,0,0,0,0,0,0,0,0,112.32353071733,0,0,0,0,0,0,387.121215820313,126617.9375,17343.822265625
"NGA",3,1,"LSMS-ISA2015",2015,3,18,1816,378,1,180049,9,0,666.666687011719,0,675.925944010417,0,202.777777777778,0,0,1488.88888888889,780.449768066406,0,0,1622.22222222222,0,1158.73014322917,0,3514.81469726563,762.962951660156,0,944.444458007813,0,0,0,9849.20659722222,11297.6189236111,0,0,0,0,0,0,0,2896.82530381944,1158.73014322917,1274.60319010417,0,1738.09521484375,2317.46028645833,579.365071614583,579.365071614583,0,8284.92065429688,405.555555555556,0,0,0,0,0,0,0,0,0,0,0,0,0,0,0,0,0,0,0,0,0,0,946.296325683594,53145.9375,17343.822265625
"NGA",3,1,"LSMS-ISA2015",2015,3,18,1816,378,1,180050,7,0,342.857147216797,0,1564.28571428571,0,0,0,0,9342.85714285714,1527.55102539063,6952.38134765625,0,0,0,3724.48967633929,1738.09528459821,8690.4755859375,0,0,14193.3671875,0,0,0,0,0,0,0,0,9106.738864319,0,0,8094.8790424239,0,1214.23190989784,7588.94902684465,2023.71976060597,4047.43952121195,0,2023.71976060597,3035.57976907131,0,16189.7581546023,0,0,0,0,4551.2469993178,0,0,0,0,0,0,0,0,0,0,0,0,1372.57121242357,0,0,0,177.965289986182,0,173.809524536133,107676.9765625,17343.822265625
"NGA",3,1,"LSMS-ISA2015",2015,3,18,1805,534,0,180051,9,0,0,0,0,0,0,0,0,177.777777777778,138.095245361328,0,0,675.925944010417,0,0,0,0,0,0,4377.58984375,0,0,0,0,0,0,0,0,0,0,0,0,0,0,1285.20146540992,0,514.080592669994,0,224.910258955411,0,0,0,128.520152578338,3855.60401358907,0,2190.98914314234,0,0,0,0,0,0,0,0,0,0,0,0,2930.25932556455,0,0,0,0,0,0,0,16498.953125,5045.4755859375
"NGA",3,1,"LSMS-ISA2015",2015,3,18,1805,534,0,180052,7,0,0,0,0,0,0,0,0,5214.28571428571,389.455780029297,0,0,1738.09528459821,0,0,869.047642299107,5214.28564453125,4773.80908203125,0,5234.36083984375,0,0,0,0,6704.08147321429,0,297.959193638393,2830.61216517857,0,0,0,0,1489.7958984375,1862.24483816964,4469.3876953125,744.89794921875,1936.73472377232,2234.69391741071,744.89794921875,0,0,8193.87744140625,1117.34695870536,3575.51004464286,1534.90569196429,3529.30552455357,0,0,0,0,0,0,0,0,0,0,0,0,0,0,0,0,0,0,0,0,64699.58984375,5045.4755859375
"NGA",3,1,"LSMS-ISA2015",2015,3,18,1805,534,0,180053,11,0,0,0,0,0,0,0,0,1727.27272727273,282.467529296875,0,0,1659.09090909091,0,0,0,2212.12133789063,1990.90905761719,0,10109.4921875,0,0,1422.07794744318,0,4266.23366477273,0,0,0,568.831187855114,0,0,0,0,0,1990.90909090909,0,2844.15580610795,4977.27272727273,663.636363636364,0,0,4266.23368696733,237.01298384233,5688.31107954546,0,2154.96342329545,0,0,0,0,0,0,0,0,0,0,0,0,228.755753950639,0,0,0,0,0,0,0,47289.75,5045.4755859375
"NGA",3,1,"LSMS-ISA2015",2015,3,18,1805,534,0,180054,8,0,0,0,0,0,0,0,0,1700,195.535720825195,0,0,1520.83337402344,0,0,0,1977.08325195313,0,0,6592.7978515625,0,0,0,0,2933.03564453125,0,0,0,1955.35711669922,0,0,0,0,0,1955.35717773438,0,3258.92852783203,2281.25,684.375,0,0,4562.49987792969,130.357147216797,4692.85693359375,0,7778.0703125,0,0,0,0,0,0,0,0,0,0,0,0,808.214233398438,5304.8193359375,0,0,0,0,0,0,48331.3671875,5045.4755859375
"NGA",3,1,"LSMS-ISA2015",2015,3,18,1805,534,0,180055,4,0,0,0,0,0,0,0,0,6950,330.357147216797,0,0,3041.66674804688,0,0,0,12166.6669921875,2433.33325195313,0,18572.357421875,0,0,0,0,0,0,6784.90306353222,0,5427.92234616102,0,0,10855.844692322,2713.96117308051,5427.92234616102,4070.9417683814,3392.45153176611,0,9498.86423661273,542.792259906228,0,0,29853.5733577028,1356.98058654026,16551.4446241314,0,0,18467.8415328021,0,0,0,0,0,0,0,0,0,0,0,4553.16136062162,0,0,0,0,0,0,608.333312988281,163601.328125,5045.4755859375
"NGA",3,1,"LSMS-ISA2015",2015,3,18,1805,534,0,180056,8,0,0,0,0,0,0,0,0,1107.5,229.761901855469,0,0,0,0,0,608.333312988281,0,300,0,6469.1982421875,0,5866.0712890625,0,2933.03564453125,0,0,1955.35717773438,1173.21423339844,1238.39288330078,0,0,651.785705566406,0,1955.35711669922,4692.85693359375,651.785705566406,847.321426391602,0,260.714294433594,0,0,4888.3928527832,325.892852783203,0,0,0,0,0,0,0,0,0,0,0,0,0,2172.619140625,0,0,0,0,0,0,0,0,456.25,38783.83984375,5045.4755859375
"NGA",3,1,"LSMS-ISA2015",2015,3,18,1805,534,0,180057,5,0,0,0,0,0,194.666662597656,0,0,3732,298.952392578125,0,0,4380,0,3128.571484375,730,973.333312988281,680,0,6513.17236328125,0,0,1668.571484375,0,0,0,0,1147.14287109375,5839.9998046875,0,0,2085.7142578125,1564.2857421875,938.57138671875,15121.428125,1355.71430664063,5110,4171.428515625,730,0,0,33892.856640625,3024.28564453125,5005.7140625,0,8646.7984375,2345.334765625,0,4110.885546875,2732.2857421875,0,0,0,0,0,0,5956.35556640625,0,1501.7142578125,0,0,0,0,0,0,413.666656494141,127993.453125,5045.4755859375
"NGA",3,1,"LSMS-ISA2015",2015,3,18,1805,534,0,180058,7,0,0,0,0,0,0,0,0,1671.42857142857,530.782287597656,0,0,1738.09528459821,0,0,173.809517996652,6083.33349609375,869.047668457031,0,5501.33251953125,0,0,0,0,0,0,0,0,0,0,0,3724.48967633929,0,0,2532.65318080357,0,0,0,521.428571428571,0,0,3352.04082380022,0,9551.01897321429,0,2910.87751116071,1995.28473772321,0,4469.38783482143,0,0,0,0,0,0,0,0,0,599.228934151786,0,0,0,0,0,0,0,46224.23828125,5045.4755859375
"NGA",3,1,"LSMS-ISA2015",2015,3,18,1805,534,0,180059,7,0,0,0,0,0,0,0,0,1528.57142857143,42.8571434020996,0,0,0,0,0,0,4171.4287109375,0,0,1360.841796875,0,0,0,0,4311.0328006616,0,0,0,0,0,0,0,0,0,1437.01099010505,0,479.003651742607,0,670.60512242956,0,0,1149.60882412172,383.202941373905,23370.1275105125,0,0,0,0,0,0,0,0,0,0,0,35765.6045591672,0,0,5186.01284172479,0,0,0,0,0,0,0,79855.9140625,5045.4755859375
"NGA",3,1,"LSMS-ISA2015",2015,3,18,1805,534,0,180060,5,0,0,0,0,0,0,0,0,1300,164.285720825195,0,0,0,0,0,0,0,0,0,2139.7998046875,0,0,0,0,0,0,0,0,1355.71428222656,0,0,0,0,0,834.2857421875,0,0,0,208.571435546875,0,0,5214.28564453125,521.428564453125,7268.57109375,0,0,0,0,0,0,0,0,0,0,0,5561.9046875,0,0,0,0,0,0,0,0,0,0,24568.84765625,5045.4755859375
"NGA",3,1,"LSMS-ISA2015",2015,3,18,1817,370,0,180061,11,0,545.454528808594,0,0,0,0,0,0,6863.63636363636,257.164520263672,0,0,0,0,2844.15589488636,331.818181818182,5309.0908203125,1090.90905761719,0,1640.62817382813,0,0,0,0,0,0,0,0,3668.15254949526,0,0,0,3056.79362640434,4768.5982610768,13144.2127666224,0,3668.15246071686,0,1467.26103755379,5532.79671839623,0,4279.51122532362,305.679373178608,4646.99639972238,0,6156.37009471613,5963.44117676503,16959.5932345259,0,0,0,2864.62235757662,0,0,0,0,0,0,1461.94485695931,5353.08365012377,0,0,0,0,0,199.090911865234,102379.15625,8987.2529296875
"NGA",3,1,"LSMS-ISA2015",2015,3,18,1817,370,0,180062,1,0,2400,0,0,0,0,0,0,240,260.714294433594,0,0,0,0,0,0,0,0,0,12384.2998046875,0,33892.85546875,0,13035.7138671875,0,78214.2890625,0,0,0,2085.71435546875,0,0,0,0,57357.142578125,7821.42846679688,8864.28588867188,0,0,0,0,104285.712890625,6257.14306640625,0,0,0,0,0,0,0,0,0,0,0,0,0,0,0,5625.1083984375,0,0,0,0,0,0,0,332724.40625,8987.2529296875
"NGA",3,1,"LSMS-ISA2015",2015,3,18,1817,370,0,180063,7,0,1714.28576660156,0,1390.47614397321,0,0,0,0,1257.14285714286,124.149658203125,0,0,0,0,0,0,1738.09533691406,0,0,25805.837890625,0,0,0,0,3426.53069196429,0,0,0,1117.34695870536,0,0,0,0,0,2234.69391741071,0,1489.79593331473,1489.7958984375,1117.34695870536,0,0,1340.81631905692,148.979596819196,4954.28571428571,0,4828.88169642857,0,0,0,0,0,0,0,0,0,0,0,0,0,0,0,0,0,0,0,521.428588867188,54699.890625,8987.2529296875
"NGA",3,1,"LSMS-ISA2015",2015,3,18,1817,370,0,180064,7,0,171.428573608398,0,2433.33342633929,0,0,0,0,2142.85714285714,440.816345214844,0,0,5214.28571428571,0,0,0,0,400,0,2676.296875,0,0,0,6704.08147321429,7448.97935267857,0,148.979596819196,0,521.428571428571,0,0,0,0,0,558.673461914063,893.877580915179,2681.63267299107,4916.32645089286,782.142857142857,521.428571428571,0,12290.81640625,260.714285714286,0,0,0,0,0,0,0,0,0,0,0,0,0,0,0,0,0,0,0,0,0,0,0,51208.09765625,8987.2529296875
"NGA",3,1,"LSMS-ISA2015",2015,3,18,1817,370,0,180065,8,0,270,0,3041.66674804688,2281.25,760.416687011719,0,0,5600,542.261901855469,0,0,4562.5,0,2607.14282226563,1520.83337402344,6083.33349609375,3541.66674804688,0,7106.86767578125,0,0,0,0,12113.6743345776,2753.10792956282,0,2753.10792956282,4588.51304128775,1835.4052092226,0,5506.21585912563,0,3211.95917400401,9865.30295518221,917.702604611299,4772.05355872234,5506.21585912563,917.702604611299,3670.81044896277,0,50932.4943712368,2753.10779560264,0,0,14785.9943069919,0,0,0,0,0,1335.47710693249,0,0,0,0,1714.95674931307,0,3345.44328688362,0,0,0,0,1835.4052092226,0,608.333312988281,173640.9375,8987.2529296875
"NGA",3,1,"LSMS-ISA2015",2015,3,18,1817,370,0,180066,11,0,0,0,0,0,0,0,0,4554.54545454546,215,0,0,0,0,0,0,0,4545.45458984375,0,523.541748046875,0,0,0,10428.5717329545,0,2370.12979403409,0,0,2844.15589488636,4740.25958806818,0,0,948.051935369318,948.051935369318,1990.90909090909,0,4977.27266068892,0,379.220791903409,0,0,3412.98703835227,0,4053.50639204545,0,0,0,0,0,0,0,0,0,0,0,0,0,0,0,0,0,0,0,0,0,33.1818199157715,46964.84375,8987.2529296875
"NGA",3,1,"LSMS-ISA2015",2015,3,18,1817,370,0,180067,6,0,600,0,1013.88891601563,0,709.722249348958,0,0,1600,288.293670654297,0,0,3041.66666666667,0,0,0,3041.66674804688,1000,0,2753.11254882813,0,3258.9287109375,0,3258.9287109375,5214.28580729167,0,0,0,1303.57145182292,0,0,0,0,0,1738.09521484375,0,695.238098144531,1564.28564453125,608.333333333333,521.428588867188,0,6517.85713704427,173.809529622396,0,0,0,0,0,0,0,0,0,0,0,0,0,0,0,0,0,0,0,0,0,0,0,38903.11328125,8987.2529296875
"NGA",3,1,"LSMS-ISA2015",2015,3,18,1817,370,0,180068,9,0,200,0,1622.22222222222,0,0,0,0,1311.11111111111,200.476196289063,0,0,0,0,0,0,1757.40734863281,0,0,9922.4736328125,0,0,0,5677.77777777778,3476.19053819444,0,0,0,869.047634548611,869.047634548611,0,0,0,0,3765.87293836806,0,289.682535807292,1390.47623697917,405.555555555556,289.682535807292,0,2723.01586914063,115.873019748264,0,0,0,0,0,0,0,0,0,0,0,0,0,617.989420572917,0,720.122834947374,0,0,0,0,0,0,0,36224.02734375,8987.2529296875
"NGA",3,1,"LSMS-ISA2015",2015,3,18,1817,370,0,180069,11,0,327.272735595703,0,0,0,0,0,0,2163.63636363636,1136.62341308594,0,0,1106.06063565341,0,9480.51917613636,110.60605690696,3318.18188476563,1272.72729492188,0,13778.2841796875,0,0,1896.10387073864,0,4740.25958806818,0,853.246715198864,0,5214.28568892046,948.051935369318,0,1422.07794744318,0,0,3081.16885653409,474.025967684659,2559.74032315341,1516.88316761364,663.636363636364,1090.2597434304,0,11518.8311434659,189.610395951705,0,0,7584.98188920455,0,0,0,0,0,0,0,0,0,0,0,0,0,0,0,113.766235351563,0,0,0,0,76560.84375,8987.2529296875
"NGA",3,1,"LSMS-ISA2015",2015,3,18,1817,370,0,180070,5,0,1200,15816.6671875,2433.3333984375,0,486.666650390625,0,0,24760,2808.57153320313,0,0,4866.666796875,0,10428.57109375,0,18250,11500,0,3312.68603515625,0,0,0,0,15211.2842167274,11408.4626497805,0,0,0,7605.64210836371,0,25352.1391566923,5070.42792167746,10140.8560386674,31056.3708722075,12676.0699689711,4816.90653108152,10140.8560386674,1901.41052709093,2154.93194210093,0,24084.5326187517,633.803490209683,0,0,10211.8209126192,0,0,0,0,0,0,0,0,0,0,0,11641.3846163597,812.811898362188,0,0,0,0,0,0,3650,284432.9375,8987.2529296875
"NGA",3,1,"LSMS-ISA2015",2015,3,18,1808,1726,0,180071,12,0,0,0,0,0,101.388885498047,0,0,3333.33333333333,277.142852783203,0,0,1520.83333333333,0,0,506.944458007813,3244.4443359375,1680.5556640625,0,11637.984375,0,0,0,0,3226.03942664064,0,268.836608383683,0,2419.52949778126,0,0,2688.36604314673,2688.36604314673,940.928150679475,2688.36604314673,0,1129.11378974662,2150.69286706947,1344.18302157336,1048.46279810196,0,9678.11811319537,1075.34643353473,7662.94785651274,0,0,0,20311.0411066314,0,0,0,537.673216767367,0,0,0,0,0,1807.92616721409,818.743807779586,0,0,0,0,0,0,202.777770996094,84990.09375,4099.44873046875
"NGA",3,1,"LSMS-ISA2015",2015,3,18,1808,1726,0,180072,11,0,0,0,0,0,0,0,0,0,1174.67529296875,0,0,1659.09090909091,0,0,0,995.454528808594,0,0,12695.9833984375,0,0,0,0,0,0,0,0,3421.50648771683,0,0,0,0,0,1555.23026410175,0,1296.02518060281,4147.28059586402,777.615132050872,362.887055829729,0,8657.44810878545,518.410074483002,3447.92414820215,2157.62957083105,12002.3207935726,3792.58646229484,0,2999.36259589526,0,0,0,0,0,0,0,0,259.205037241501,1465.07182418462,0,0,0,0,0,0,0,63385.70703125,4099.44873046875
"NGA",3,1,"LSMS-ISA2015",2015,3,18,1808,1726,0,180073,10,0,0,0,0,0,0,0,0,2440,473.809509277344,0,0,0,0,2085.7142578125,0,1216.66674804688,500,0,11636.896484375,0,0,0,10950,0,0,0,0,0,0,0,0,0,0,521.428564453125,0,365.000012207031,0,521.428564453125,0,4797.14287109375,20596.4282470703,782.14287109375,10404,0,0,0,0,0,0,195.535693359375,0,0,0,0,0,4500.652734375,1738.0951171875,982.40166015625,0,0,0,1042.85712890625,0,0,60.8333320617676,75811.0390625,4099.44873046875
"NGA",3,1,"LSMS-ISA2015",2015,3,18,1808,1726,0,180074,4,0,0,0,0,0,0,0,0,375,260.714294433594,0,0,0,0,0,0,0,0,0,1048.86645507813,0,0,0,0,7821.4287109375,0,0,0,0,0,0,0,0,0,2867.85717773438,0,1303.57141113281,0,2085.71435546875,0,0,0,0,2477.14282226563,0,7876.162109375,0,0,0,0,0,0,0,0,0,0,0,0,736.801208496094,0,0,0,0,0,0,0,26853.259765625,4099.44873046875
"NGA",3,1,"LSMS-ISA2015",2015,3,18,1808,1726,0,180075,9,0,0,0,0,0,946.296332465278,0,0,577.777777777778,149.206359863281,0,0,0,0,0,0,1081.48156738281,0,0,4377.58984375,0,0,0,8111.11111111111,8690.4765625,0,0,0,0,0,0,0,0,0,869.047607421875,0,1158.73014322917,0,869.047634548611,0,0,2317.46028645833,115.873019748264,5504.76171875,0,0,0,0,0,0,0,0,0,0,0,0,0,0,0,0,0,0,0,0,0,0,34768.859375,4099.44873046875
"NGA",3,1,"LSMS-ISA2015",2015,3,18,1808,1726,0,180076,7,0,0,0,0,0,0,0,0,428.571428571429,91.8707504272461,0,0,0,0,2234.69391741071,0,1911.90490722656,0,0,2267.05639648438,0,0,0,0,5262.84888824319,0,0,0,902.20269734999,0,0,3759.17765735482,1503.67109137943,0,9022.02683265167,0,375.917772844859,1879.58882867741,751.835545689717,526.284888958249,1503.67109137943,1503.67109137943,0,1428.69351858363,0,5299.67813037767,0,0,1481.84722130512,0,0,0,0,0,0,0,0,3049.05578074671,710.974929652379,0,0,0,0,0,0,0,45895.25,4099.44873046875
"NGA",3,1,"LSMS-ISA2015",2015,3,18,1808,1726,0,180077,9,0,0,0,0,0,0,0,0,1333.33333333333,1782.53967285156,0,0,1351.85188802083,0,0,0,2703.70385742188,0,0,4377.58984375,0,0,0,0,3476.19053819444,0,0,0,579.365071614583,0,0,0,0,0,2896.82530381944,0,289.682535807292,0,579.365071614583,1390.47623697917,0,579.365071614583,0,13761.9036458333,3014.15646701389,10730.8489583333,0,0,0,0,0,0,0,0,0,0,0,0,1645.73274739583,2536.47287326389,0,0,0,101.89836968316,0,0,53131.296875,4099.44873046875
"NGA",3,1,"LSMS-ISA2015",2015,3,18,1808,1726,0,180078,4,0,0,0,0,0,0,0,0,2000,335.714294433594,0,0,3041.66674804688,0,0,0,7604.1669921875,400,0,13145.7314453125,0,0,0,7300,27375,13035.7138671875,6517.85693359375,0,0,0,0,0,0,0,5214.28564453125,0,2607.14282226563,15642.857421875,1303.57141113281,0,0,50839.2846679688,260.714294433594,12385.7138671875,0,6764.478515625,0,0,0,0,0,0,0,0,0,0,0,0,0,0,0,0,0,0,0,0,175773.921875,4099.44873046875
"NGA",3,1,"LSMS-ISA2015",2015,3,18,1808,1726,0,180079,9,0,0,0,0,0,0,0,0,2111.11111111111,2596.98413085938,270.370361328125,0,0,0,8690.4765625,0,0,0,0,2145.61962890625,0,0,0,0,0,0,0,0,0,0,0,0,717.631048809557,0,1076.44660682138,0,1004.68348436832,3588.15517683371,0,0,1794.07758841685,932.920415565975,0,8104.31474754367,1921.77246412271,0,0,0,4243.29371186332,0,0,0,0,0,3624.03683767584,0,0,1575.79818091335,3577.75487847693,0,0,0,3827.3656282126,126.216504682397,0,0,51929.03125,4099.44873046875
"NGA",3,1,"LSMS-ISA2015",2015,3,18,1808,1726,0,180080,11,0,0,0,0,0,0,0,0,818.181818181818,3936.68823242188,0,0,1659.09090909091,0,2370.12979403409,0,6083.333984375,1007.57580566406,0,17421.96875,0,0,0,0,8619.30809896562,10774.1359924478,1723.86172519771,0,2154.82712126815,0,0,0,2154.82712126815,0,3591.37834755899,0,1436.55136720678,8619.30848507261,1436.55136720678,0,0,4165.99901915164,0,7570.82140780952,0,5044.09468567308,0,0,8619.30848507261,0,0,0,0,0,0,0,0,15227.4448193224,1176.3064759969,0,0,0,0,0,0,0,115611.6953125,4099.44873046875
"NGA",3,1,"LSMS-ISA2015",2015,3,18,1811,364,0,180081,9,0,0,0,0,0,0,0,0,888.888888888889,81.1111145019531,0,0,2703.70377604167,0,0,0,2298.14819335938,675.925964355469,0,896.422119140625,0,0,0,0,1969.84136284722,0,0,0,0,0,0,2896.82530381944,2201.58723958333,1738.09526909722,2665.07942708333,0,1158.73014322917,1390.47623697917,1506.34917534722,2085.71419270833,2085.71419270833,2201.58729383681,1448.41267903646,2201.90473090278,0,2333.677734375,0,10714.7083333333,0,0,0,0,0,0,0,0,2165.376953125,1289.08734809028,327.467203776042,0,0,0,0,508.214192708333,0,0,50433.05078125,5360.81787109375
"NGA",3,1,"LSMS-ISA2015",2015,3,18,1811,364,0,180082,7,0,0,0,0,0,608.333356584821,0,0,1600,686.734680175781,0,0,2085.71428571429,0,2979.591796875,0,3997.619140625,2017.85717773438,0,8979.3125,0,0,0,4469.38783482143,10476.3537946429,0,1489.7958984375,0,893.877546037946,1489.7958984375,0,1489.7958984375,744.89794921875,1117.34695870536,5288.77542550223,372.448974609375,4543.87754603795,3724.48967633929,372.448974609375,521.428571428571,0,6331.63253348214,372.448974609375,2123.26520647321,0,3750.55357142857,0,9548.45200892857,0,0,0,0,0,0,0,0,0,0,0,0,0,0,0,0,0,347.619049072266,82423.859375,5360.81787109375
"NGA",3,1,"LSMS-ISA2015",2015,3,18,1811,364,0,180083,4,0,0,0,0,0,0,0,0,2875,2542.4404296875,0,0,6083.33349609375,0,13035.7138671875,0,12166.6669921875,8300,0,6214.57421875,0,0,9776.7861328125,0,39107.14453125,0,0,0,1825,0,0,2607.14282226563,1303.57141113281,11992.8569335938,8082.14306640625,3910.71423339844,7821.42846679688,6517.85693359375,651.785705566406,8342.85693359375,0,29982.1428222656,651.785705566406,4954.28564453125,0,0,0,9848.693359375,0,0,0,0,0,0,0,0,2436.04907226563,0,2565.92315673828,0,0,0,0,2307.8056640625,0,0,205903.703125,5360.81787109375
"NGA",3,1,"LSMS-ISA2015",2015,3,18,1811,364,0,180084,4,0,0,0,0,0,608.333312988281,0,0,0,0,0,0,0,0,13035.7138671875,0,3041.66674804688,0,0,2921.45336914063,0,0,0,0,32589.28515625,0,0,0,13035.7141113281,0,0,0,0,0,39107.14453125,0,0,0,1303.57141113281,1825,0,8342.85693359375,2607.14282226563,16101.4267578125,0,18108.30859375,0,27849.654296875,0,0,0,0,0,0,0,0,0,0,0,0,0,0,0,0,0,0,180477.265625,5360.81787109375
"NGA",3,1,"LSMS-ISA2015",2015,3,18,1811,364,0,180085,12,0,0,0,0,0,0,0,0,308.333333333333,43.4523811340332,0,0,202.777770996094,0,0,0,1318.05554199219,500,0,2898.92163085938,0,0,0,0,0,0,0,0,0,0,0,0,0,0,1738.09521484375,0,434.523803710938,0,434.523803710938,0,0,869.047607421875,86.9047648111979,4128.5712890625,0,5633.6953125,0,13924.8268229167,0,0,0,0,0,0,0,0,0,1448.41259765625,451.526936848958,9511.77408854167,0,0,0,0,0,0,43933.44140625,5360.81787109375
"NGA",3,1,"LSMS-ISA2015",2015,3,18,1811,364,0,180086,4,0,0,0,0,0,0,0,0,5500,1563.75,0,0,3954.16674804688,0,7821.4287109375,0,5475,2129.16674804688,0,4511.7275390625,0,0,0,0,0,0,0,0,0,0,0,11732.142578125,1303.57141113281,0,2867.85717773438,0,651.785705566406,3389.28564453125,0,0,0,16946.4283447266,651.785705566406,6192.85693359375,0,6007.62670898438,9536.6728515625,41774.48046875,0,0,0,0,0,0,0,0,0,0,3258.92846679688,0,0,0,0,0,0,0,135268.65625,5360.81787109375
"NGA",3,1,"LSMS-ISA2015",2015,3,18,1811,364,0,180087,7,0,0,0,0,0,0,0,0,3485.71428571429,14.2857141494751,0,0,1738.09528459821,0,3724.48967633929,0,1738.09533691406,3476.19067382813,0,6740.60498046875,0,0,0,0,0,0,0,0,2718.64538930027,0,0,3883.77894141227,776.755804188195,0,932.107008833361,0,0,2330.26747906097,0,1087.4581372079,0,5359.61498560139,388.377902094098,7380.24403403821,0,11327.6897468749,5682.59315906344,41486.7607654791,0,0,0,0,0,0,0,0,0,0,1941.88947070614,0,0,0,0,0,0,0,106213.6484375,5360.81787109375
"NGA",3,1,"LSMS-ISA2015",2015,3,18,1811,364,0,180088,4,0,0,0,0,0,0,0,0,4425,560.714294433594,0,0,912.5,0,2607.14282226563,0,11558.3330078125,0,0,2937.38305664063,0,0,0,0,0,0,0,0,1454.7460087918,0,0,20366.4438284864,7273.7299471178,3636.86503459406,12219.8667111603,0,9455.84930332494,13383.6633026979,727.3730043959,0,11783.4425474354,9019.42554569227,0,6911.03983164902,0,7324.6313484596,0,23017.663419715,0,0,0,3765.97387540185,0,0,0,0,0,0,0,0,0,0,0,0,0,0,153341.796875,5360.81787109375
"NGA",3,1,"LSMS-ISA2015",2015,3,18,1811,364,0,180089,10,0,0,0,0,0,0,0,0,540,706.142883300781,0,0,0,0,0,0,4866.6669921875,0,0,7622.8544921875,0,0,0,0,0,0,0,0,521.428564453125,0,0,1042.85712890625,0,0,3128.57138671875,2607.1427734375,1042.85712890625,4171.428515625,0,0,0,4119.28562011719,886.428588867188,4954.285546875,0,4828.88203125,8900.89453125,22279.7234375,0,0,0,0,0,0,0,0,0,0,491.200830078125,0,0,0,0,0,0,0,72710.6484375,5360.81787109375
"NGA",3,1,"LSMS-ISA2015",2015,3,18,1811,364,0,180090,6,0,0,0,0,0,811.111083984375,0,0,2900,4011.74609375,202.777770996094,0,2027.77783203125,0,13035.71484375,0,7097.22265625,4708.33349609375,0,3168.68627929688,0,0,0,0,0,0,1738.09521484375,0,3476.1904296875,0,0,8690.47591145833,1738.09521484375,1738.09521484375,1911.90478515625,0,3476.1904296875,9907.14290364583,869.047607421875,2607.14290364583,0,27114.285563151,434.523803710938,8257.142578125,4521.23470052083,8751.29166666667,12558.4244791667,36944.3854166667,0,0,0,0,0,0,0,0,0,0,0,0,0,0,0,0,0,0,172697.03125,5360.81787109375
"NGA",3,1,"LSMS-ISA2015",2015,3,18,1820,450,0,180091,6,0,0,0,0,0,0,0,0,200,2000,0,0,506.944458007813,0,4345.23795572917,4055.5556640625,3244.4443359375,0,0,9313.4736328125,0,0,0,0,1738.09521484375,0,695.238118489583,0,0,0,0,0,0,0,5214.28580729167,0,3476.1904296875,0,434.523803710938,0,0,1303.57145182292,0,3302.85709635417,0,11463.5559895833,0,0,0,0,0,0,0,0,0,0,0,0,0,0,0,0,0,76.4237772623698,0,0,51370.3984375,4887.80419921875
"NGA",3,1,"LSMS-ISA2015",2015,3,18,1820,450,0,180092,4,0,0,0,0,0,0,0,0,2185,282.5,0,0,2433.33325195313,0,6517.85693359375,3954.16674804688,3650,0,0,1640.58666992188,0,0,0,0,4570.05583863694,0,2285.02791931847,0,1142.51404239292,0,0,0,1142.51395965923,1142.51395965923,5712.56973726102,0,2285.02791931847,2285.02791931847,1142.51395965923,2285.02791931847,0,7769.09544487481,1142.51395965923,2171.08951906253,0,16089.7111365661,0,0,0,0,0,0,0,0,0,0,12810.4384224606,0,1291.53748438014,0,0,0,0,0,0,0,85930.625,4887.80419921875
"NGA",3,1,"LSMS-ISA2015",2015,3,18,1820,450,0,180093,2,0,0,0,0,0,0,0,0,270,610,0,0,0,0,10428.5712890625,0,0,0,0,4400.62158203125,0,0,0,0,0,0,0,0,0,0,0,0,0,0,6517.85693359375,0,1303.57141113281,0,0,0,0,5214.28564453125,0,3925.71362304688,0,14156.8920898438,5224.49560546875,0,0,0,0,0,0,0,0,0,0,0,1473.60241699219,9855.5732421875,0,0,0,0,0,0,63381.18359375,4887.80419921875
"NGA",3,1,"LSMS-ISA2015",2015,3,18,1820,450,0,180094,4,0,0,0,0,0,0,0,0,1550,130.357147216797,0,0,0,0,0,1064.58337402344,2433.33349609375,0,0,18514.44140625,0,0,0,0,0,0,0,0,0,0,0,0,0,0,2607.14282226563,0,651.785705566406,0,1564.28576660156,0,0,1955.35711669922,260.714294433594,5888.57080078125,0,11165.3720703125,0,0,0,0,0,0,0,0,0,0,0,0,1228.00207519531,0,0,0,0,0,0,0,49013.9453125,4887.80419921875
"NGA",3,1,"LSMS-ISA2015",2015,3,18,1820,450,0,180095,4,0,0,0,0,0,0,0,0,600,0,0,0,0,0,0,0,912.5,0,0,15134.1943359375,0,0,0,0,2607.14282226563,0,0,0,0,0,0,0,0,0,2607.14282226563,0,2607.14288330078,0,2085.71435546875,0,0,3910.71423339844,0,0,0,7876.162109375,0,0,0,0,0,0,0,17698.4897460938,0,0,0,0,736.801208496094,8367.2587890625,0,0,0,0,0,0,65143.265625,4887.80419921875
"NGA",3,1,"LSMS-ISA2015",2015,3,18,1820,450,0,180096,1,0,0,0,0,0,0,0,0,2400,1020.71429443359,0,0,0,0,0,0,4866.66650390625,2600,0,19310.576171875,0,0,0,0,25028.572265625,0,0,0,0,0,0,0,0,0,0,0,7821.42846679688,0,10428.5712890625,2085.71435546875,0,7821.42846679688,1042.85717773438,9908.5712890625,0,10501.5498046875,5880.83935546875,0,3942.07348632813,0,0,0,0,0,0,139047.625,12219.2438964844,0,10220,11414.1279296875,0,191190.5,0,0,0,4258.33349609375,483009.375,4887.80419921875
"NGA",3,1,"LSMS-ISA2015",2015,3,18,1820,450,0,180097,8,0,0,0,0,0,1216.66662597656,0,0,825,2233.77978515625,0,0,4562.5,0,4562.5,456.25,6083.33349609375,1260.41674804688,0,2020.99609375,0,0,0,0,0,0,0,0,0,0,0,0,0,0,1303.57141113281,0,1303.57141113281,2607.14282226563,1955.35717773438,0,1955.35717773438,28580.8034667969,0,0,0,7369.00573730469,2612.24780273438,0,0,0,0,0,0,0,0,0,0,0,552.600952148438,0,0,0,0,0,0,0,71461.09375,4887.80419921875
"NGA",3,1,"LSMS-ISA2015",2015,3,18,1820,450,0,180098,7,0,0,0,0,0,0,0,0,134.285714285714,576.190490722656,0,0,1564.28571428571,0,0,0,3476.19067382813,2514.28564453125,0,7260.62353515625,0,0,0,0,1787.75516183036,0,0,0,0,0,0,0,0,0,0,0,744.89794921875,0,0,0,0,3352.04084123884,372.448974609375,0,0,4500.6640625,0,0,0,0,0,0,0,0,0,0,11854.1196986607,0,3512.84177943638,0,0,0,0,0,0,0,41650.6328125,4887.80419921875
"NGA",3,1,"LSMS-ISA2015",2015,3,18,1820,450,0,180099,4,0,0,0,0,0,0,0,0,700,0,0,0,10645.8330078125,0,0,0,3041.66674804688,0,0,6160.810546875,0,0,0,0,0,0,0,0,0,0,0,0,0,0,0,0,1955.35711669922,0,0,0,0,7169.64270019531,0,6192.85693359375,0,19690.404296875,6357.7822265625,0,0,0,0,0,0,9776.7861328125,0,0,11601.7861328125,0,1303.57141113281,5707.06396484375,0,0,0,0,0,0,90303.5625,4887.80419921875
"NGA",3,1,"LSMS-ISA2015",2015,3,18,1820,450,0,180100,5,0,0,0,0,0,0,0,0,220,558,0,0,12166.66640625,9733.33359375,0,3650,4866.6669921875,0,0,3303.73510742188,0,0,0,2190,1147.14287109375,0,0,0,1251.42861328125,0,0,0,0,0,13765.7139648438,0,1042.85712890625,7821.42890625,521.428564453125,834.2857421875,0,1251.42861328125,1459.99995117188,0,0,0,0,0,0,0,0,0,0,39107.14375,0,0,0,0,0,0,0,0,0,0,0,0,104891.2578125,4887.80419921875
"NGA",3,1,"LSMS-ISA2015",2015,3,18,1822,1654,0,180101,10,0,1800,0,0,0,243.333325195313,0,0,3300,431.571441650391,0,0,1095,0,5214.285546875,0,5402,3650,0,2464.32421875,0,0,0,0,3545.714453125,0,0,0,0,0,0,0,1042.85712890625,0,3128.571484375,0,2085.7142578125,3128.571484375,521.428564453125,0,0,938.571435546875,417.14287109375,6440.570703125,7595.67421875,11026.6265625,0,19286.475,0,0,0,0,0,0,0,0,0,0,0,0,0,0,0,0,0,0,82758.4375,8829.58203125
"NGA",3,1,"LSMS-ISA2015",2015,3,18,1822,1654,0,180102,16,0,375,0,0,0,0,0,0,3306.25,32.5892868041992,0,0,0,0,0,0,4334.375,0,0,1437.0087890625,0,0,0,0,0,0,0,0,0,0,0,0,0,2281.25,2933.03570556641,325.892852783203,1792.41070556641,0,977.678588867188,0,0,0,0,0,1356.37036132813,6563.46875,3178.89111328125,27121.60546875,0,4311.5625,0,0,0,0,0,0,0,0,0,0,0,0,0,114.635665893555,0,0,60442.02734375,8829.58203125
"NGA",3,1,"LSMS-ISA2015",2015,3,18,1822,1654,0,180103,8,456.25,1500,0,2281.25,0,912.5,0,0,7125,1170.6845703125,0,0,6843.75,0,44321.4296875,0,8364.5830078125,8604.166015625,0,6480.5849609375,0,1955.35717773438,3910.71435546875,5214.28564453125,7821.4287109375,0,2737.50006103516,0,2737.50006103516,3258.92858886719,0,0,977.678588867188,3193.74993896484,10167.8569946289,1303.57141113281,3845.53570556641,6517.85693359375,1303.57141113281,1564.28576660156,0,36500.0002441406,3258.92852783203,0,0,0,0,26591.470703125,0,0,0,0,0,0,0,0,0,0,2999.9919128418,0,0,0,0,262.0244140625,0,684.375,214866.796875,8829.58203125
"NGA",3,1,"LSMS-ISA2015",2015,3,18,1822,1654,0,180104,10,0,1800,0,2433.3333984375,0,0,0,0,11600,1349.04760742188,0,0,1825,0,0,0,6205,7300,0,3939.83081054688,0,0,0,0,21691.428125,0,1251.42861328125,0,9646.42856445312,0,0,2607.1427734375,2085.7142578125,3650,10637.1428710938,1825,3910.71420898438,8030,3128.571484375,8082.14272460938,0,13817.8575195313,312.857153320312,0,5425.481640625,7243.3234375,0,33419.584375,0,0,0,0,4317.428515625,0,0,0,0,0,0,0,0,0,0,0,0,0,177534.453125,8829.58203125
"NGA",3,1,"LSMS-ISA2015",2015,3,18,1822,1654,0,180105,14,0,900,0,0,0,325.892857142857,0,0,13800,341.938751220703,0,0,8690.47600446429,0,14897.9587053571,0,8690.4755859375,1955.35717773438,0,3767.31298828125,0,0,1340.81626674107,0,35382.6540178571,1862.24483816964,0,0,2607.14289202009,0,0,1862.24483816964,1489.7958984375,5959.18359375,11732.1428571429,372.448974609375,2979.591796875,26071.4285714286,3910.71428571429,1527.04087611607,0,186.224487304688,1117.34695870536,0,0,0,0,0,0,0,0,0,0,0,0,0,968.367327008929,0,0,0,0,0,0,0,0,86.9047622680664,152825.6875,8829.58203125
"NGA",3,1,"LSMS-ISA2015",2015,3,18,1822,1654,0,180106,8,0,0,0,532.291687011719,0,243.33332824707,0,0,3075,379.702392578125,0,0,0,0,1173.21423339844,0,4866.6669921875,200,0,9123.197265625,0,3033.64303773807,0,0,0,3467.02055143639,866.755137859098,0,0,0,0,0,1733.5102757182,4160.42490706263,2600.26546300459,0,2686.94109610864,0,2080.21245353132,0,0,8060.82306375008,346.702073529082,0,3607.44640568902,8728.20666514061,0,0,1708.3505998809,0,1356.66026873958,0,0,0,0,0,3306.51052021801,0,5753.1528250859,0,0,0,0,0,0,76.0416641235352,73166.0703125,8829.58203125
"NGA",3,1,"LSMS-ISA2015",2015,3,18,1817,0,0,180107,10,0,600,0,0,3406.666796875,0,0,0,4348,156.428573608398,0,0,0,0,5214.285546875,0,2433.33349609375,0,0,600,0,5414.25236006918,2368.73543915051,6632.45916044211,16242.7573555337,13535.6304166134,3383.90760415334,0,0,0,0,0,0,0,8798.15965361118,0,7106.2062598021,0,1894.98833979052,0,0,0,338.390772504324,0,0,0,0,0,0,0,0,0,0,0,0,0,0,0,1700.63071697476,0,0,0,0,0,0,121.666664123535,84296.5,8829.58203125
"NGA",3,1,"LSMS-ISA2015",2015,3,18,1822,1654,0,180108,6,0,1000,0,0,0,0,0,0,1866.66666666667,5069.4443359375,0,0,3041.66666666667,0,0,0,6083.33349609375,0,0,3338.75659179688,0,0,0,0,0,0,0,0,0,0,0,0,869.047607421875,0,3823.8095703125,2607.14282226563,2607.14282226563,0,1738.09521484375,0,0,0,0,0,0,3500.5166015625,12715.5638020833,32144.125,0,0,0,0,0,0,0,0,0,0,0,7609.41861979167,0,0,0,0,0,0,88014.7265625,8829.58203125
"NGA",3,1,"LSMS-ISA2015",2015,3,18,1822,1654,0,180109,16,0,750,0,608.333312988281,0,0,0,0,2125,153.720245361328,0,0,1140.625,0,0,0,1520.83337402344,1140.625,0,8699.7509765625,0,0,0,2607.14282226563,570.3125,0,0,0,1792.41065979004,2281.25,0,0,0,651.785705566406,2737.5,651.785705566406,3910.71423339844,2867.85717773438,1042.85717773438,407.366065979004,0,3258.92852783203,130.357147216797,0,0,845.559814453125,0,0,0,0,0,0,0,0,0,0,0,0,0,0,0,0,0,0,0,0,39894.71875,8829.58203125
"NGA",3,1,"LSMS-ISA2015",2015,3,18,1817,0,0,180110,7,0,514.285705566406,0,2259.52385602679,0,695.238071986607,0,0,5542.85714285714,217.346939086914,0,0,1738.09528459821,0,22346.9397321429,0,3476.19067382813,0,0,5142.85693359375,0,9404.11367243788,0,14553.9848445293,12314.911036741,0,2239.07465677253,0,8396.53025682809,0,0,0,3918.38072208904,4366.19576743681,8060.6686759035,1119.53732838626,3358.61198515879,4925.96435889282,3582.51965330691,0,0,3470.56578137297,671.722425530074,0,0,0,0,35876.8910709372,0,0,2407.00519116359,0,0,0,0,0,0,0,2813.19667922609,0,0,0,0,0,0,695.238098144531,164108.4375,8829.58203125
"NGA",3,1,"LSMS-ISA2015",2015,3,18,1814,678,0,180111,5,0,0,0,0,0,0,0,0,2520,508.571441650391,0,0,1946.6666015625,0,10428.57109375,3650,4380,0,0,800,0,0,0,0,17609.5959676313,0,2934.93243171426,0,4108.90554213455,0,0,2347.94598443391,0,0,5282.87843669525,4695.89201769595,2934.93254991759,0,1760.95955770063,3404.52179872609,0,0,1173.97299221696,39040.2277315748,6107.61410765979,0,0,0,0,0,0,0,0,0,0,6261.18931921987,0,0,1105.91660534366,0,0,0,0,0,0,0,123003.296875,5180.6220703125
"NGA",3,1,"LSMS-ISA2015",2015,3,18,1814,678,0,180112,3,0,0,0,0,0,0,0,0,3600,347.619049072266,0,0,0,0,0,0,8111.111328125,0,0,3566.3330078125,0,0,0,0,0,0,0,0,0,0,0,17459.6074696679,0,0,3491.92155853037,0,3491.92155853037,0,8729.80373483393,0,0,5237.88233906398,872.980389632593,0,0,4458.55195201134,6997.51800550524,0,0,0,0,0,0,0,0,4655.89541264225,3491.92155853037,0,3491.92155853037,13200.2314531879,0,0,0,0,0,0,91205.21875,5180.6220703125
"NGA",3,1,"LSMS-ISA2015",2015,3,18,1814,678,0,180113,2,0,0,0,0,0,0,0,0,900,260.714294433594,0,0,0,0,0,0,0,0,0,5349.49951171875,0,0,0,0,0,0,0,0,0,0,0,0,0,0,1311.74977552502,0,1311.74983734855,0,0,0,0,0,524.699934899999,9444.59809459555,5405.8739173311,14908.3209583561,0,0,0,0,0,0,0,0,0,34979.9920524661,0,0,0,0,0,0,0,0,0,0,74397.1953125,5180.6220703125
"NGA",3,1,"LSMS-ISA2015",2015,3,18,1814,678,0,180117,12,0,0,0,0,0,0,0,0,2008.33333333333,236.904769897461,0,0,0,0,13035.71484375,0,6083.33349609375,1166.66662597656,0,1523.43298339844,0,0,0,0,0,0,0,0,3041.66658528646,0,0,2172.61897786458,0,543.154744466146,1086.30948893229,869.047607421875,4997.02392578125,0,1520.83333333333,1216.66666666667,0,9559.52376302083,217.261901855469,8257.142578125,6329.728515625,12251.80859375,0,0,0,0,0,0,0,0,0,0,6184.72233072917,0,0,0,0,0,0,174.682942708333,0,0,82476.5703125,5180.6220703125
"NGA",3,1,"LSMS-ISA2015",2015,3,18,1814,0,0,180118,10,0,0,0,0,0,0,0,0,2440,420,0,0,0,0,6257.14296875,0,10950,0,0,3000,0,834.2857421875,2607.1427734375,0,6517.85703125,0,521.428564453125,0,3702.1427734375,0,0,1042.85712890625,0,0,2711.42856445313,521.428564453125,1303.57141113281,1042.85712890625,834.2857421875,1668.571484375,0,11315.000390625,0,0,0,3621.09462890625,0,0,0,0,0,0,2158.7142578125,0,0,5561.9046875,0,0,1526.62158203125,0,0,0,0,109.5,0,0,70667.84375,5180.6220703125
"NGA",3,1,"LSMS-ISA2015",2015,2,5,517,0,0,180119,8,0,0,0,0,0,0,0,0,4825,943.005981445313,0,0,0,0,0,0,0,500,0,14257.9599609375,0,0,0,0,2346.42846679688,0,0,0,0,0,0,5866.0712890625,0,0,2607.14282226563,0,2281.25,1042.85717773438,0,651.785705566406,0,5214.28558349609,1303.57141113281,7028.71728515625,0,5000.73828125,0,0,0,0,0,0,0,0,0,9776.7861328125,0,0,4186.47009277344,0,0,0,0,0,0,0,67832.0703125,5180.6220703125
"NGA",3,1,"LSMS-ISA2015",2015,3,18,1814,0,0,180120,5,0,0,0,0,0,0,0,0,6000,1400.47619628906,0,0,0,0,0,0,0,40000,0,1285.408203125,0,0,0,0,0,0,0,0,1477.36171183147,0,0,0,0,0,2954.72332600669,0,2004.99082153006,0,1266.31003885651,0,0,2110.51663410686,527.629158526714,7018.47979462227,7685.99855566412,14877.0019028532,10523.1819869162,0,0,0,0,0,0,0,0,3798.92982259403,24120.191675783,0,7706.90343302916,5913.56378280523,0,0,0,0,0,0,140671.65625,5180.6220703125
"NGA",3,1,"LSMS-ISA2015",2015,3,19,1925,3394,0,190001,6,0,1000,0,1419.44449869792,0,1013.88891601563,0,405.555541992188,7566.66666666667,5268.25390625,0,0,0,0,0,0,8111.111328125,1000,0,12695.7587890625,0,0,1390.47623697917,2607.14290364583,10863.0950520833,0,0,0,3910.71419270833,2607.14290364583,0,6517.85709635417,3910.71419270833,0,3476.1904296875,4519.04760742188,6083.33329264323,3215.47623697917,1216.66666666667,3041.66670735677,0,7821.42838541667,3041.66670735677,0,0,0,0,0,0,0,0,0,0,0,0,0,0,0,0,0,0,0,0,0,0,0,102703.3046875,6744.3251953125
"NGA",3,1,"LSMS-ISA2015",2015,3,19,1925,3394,0,190003,11,0,1090.90905761719,0,1106.06063565341,0,663.636363636364,0,0,2000,711.038940429688,0,0,1106.06063565341,0,0,0,7742.423828125,0,0,2559.41918945313,0,2864.71250247168,2387.26029833435,0,11936.3016740786,0,1432.35625123584,0,0,0,0,0,4297.06857251319,0,8355.41149048728,0,7066.29063609742,0,716.178125617921,0,0,5251.97288958444,1050.39457779564,0,0,0,0,0,0,0,0,0,0,0,0,0,0,0,0,0,0,0,0,0,0,331.818176269531,62669.3125,6744.3251953125
"NGA",3,1,"LSMS-ISA2015",2015,3,19,1925,3394,0,190005,1,0,0,0,30416.666015625,0,6083.33349609375,0,0,4700,782.142883300781,0,0,0,0,0,0,0,0,0,49927.19921875,0,0,8342.857421875,0,22421.427734375,0,0,0,6257.14306640625,0,0,0,0,0,37803.5703125,0,18250.0002441406,43800,6257.14306640625,0,0,15642.857421875,2085.71435546875,0,0,0,0,0,0,0,0,0,0,0,0,0,0,0,0,0,0,0,0,0,0,0,252770.0625,6744.3251953125
"NGA",3,1,"LSMS-ISA2015",2015,3,19,1925,3394,0,190006,9,0,1333.33337402344,0,0,675.925944010417,946.296332465278,0,0,3266.66666666667,348.148132324219,0,0,0,0,0,0,2162.962890625,0,0,3535.94653320313,0,3476.19053819444,3476.19053819444,0,4634.92057291667,0,0,0,0,0,0,2317.46028645833,0,521.428548177083,2665.07942708333,1158.73014322917,5793.65077039931,6952.38107638889,695.238118489583,289.682535807292,0,0,0,0,0,0,0,0,503.574164496528,0,0,421.557481553819,0,0,0,0,188.293646918403,0,0,0,0,0,0,732.212632921007,0,135.185180664063,46231.05078125,6744.3251953125
"NGA",3,1,"LSMS-ISA2015",2015,3,19,1925,3394,0,190007,12,0,2000,0,4055.5556640625,0,1520.83333333333,0,0,4591.66666666667,230.357131958008,0,0,3041.66666666667,0,0,0,7097.22265625,0,0,16607.646484375,0,0,0,0,7762.32546452293,0,0,0,30273.0697991736,7762.32546452293,0,7762.32546452293,0,12419.7210682595,13972.1859986527,2716.81403446657,32601.768900635,12419.7210682595,12652.5913199535,0,0,7762.32578942121,388.116283383109,0,0,0,0,0,0,0,0,0,0,0,0,0,0,0,0,0,0,0,0,0,0,0,187638.234375,6744.3251953125
"NGA",3,1,"LSMS-ISA2015",2015,3,19,1925,3394,0,190008,9,0,1333.33337402344,0,2027.77777777778,0,811.111111111111,0,0,2444.44444444444,124.603179931641,270.370361328125,0,0,0,0,0,14870.3701171875,0,0,4632.912109375,0,4581.7279918248,2932.30589355827,0,10996.1464537213,0,0,0,0,0,0,0,6108.97021502741,0,8552.55832430753,0,8796.91726063327,2443.58812941374,1832.69115131378,0,0,5498.0733555012,610.897032353435,0,0,0,0,0,0,0,0,0,0,0,0,0,0,0,0,0,0,0,0,0,0,0,78868.796875,6744.3251953125
"NGA",3,1,"LSMS-ISA2015",2015,3,19,1925,3394,0,190009,10,0,1200,0,0,6083.333203125,243.333325195313,0,0,4100,187.809524536133,0,0,0,0,2607.1427734375,0,7300,400,0,5030.20849609375,0,0,0,0,0,0,0,0,5775.98306488696,0,0,4400.74907836589,1100.18726959147,0,550.093634795737,1100.18726959147,6051.02993954903,0,0,4235.72111881714,0,550.093634795737,0,0,0,977.373139117735,3043.59350729993,4677.04392416748,478.131934888165,0,0,0,0,0,0,15723.5105292064,4950.84265870945,0,19.2532775006568,1305.83757535788,1531.65746478874,0,0,1471.98418637967,0,851.666687011719,85946.765625,6744.3251953125
"NGA",3,1,"LSMS-ISA2015",2015,3,19,1925,3394,0,190010,13,1871.794921875,1384.61535644531,0,4211.53846153846,0,701.923076923077,0,0,4338.46153846154,137.087905883789,0,0,4679.48707932692,0,0,0,7487.1796875,0,0,4637.64013671875,0,0,1363.736328125,0,8021.97776442308,0,0,0,2526.92315204327,0,0,0,0,0,7219.78004807692,601.648362379808,4813.18678635817,3529.67037259615,521.428560697115,0,0,5414.83503605769,481.318697415865,0,0,0,0,0,0,0,0,0,0,0,0,0,0,0,0,0,0,0,0,0,0,0,63944.2421875,6744.3251953125
"NGA",3,1,"LSMS-ISA2015",2015,3,19,1921,842,1,190011,2,6083.33349609375,6000,0,0,0,4258.33349609375,0,1825,9300,19325.595703125,6083.33349609375,0,0,0,78214.2890625,0,24333.333984375,6000,0,33489.7734375,0,0,0,0,0,0,0,0,11732.142578125,6517.85693359375,0,26071.427734375,0,10428.5712890625,3910.71435546875,0,10428.5714111328,5214.28564453125,3910.71435546875,10950.0002441406,0,59964.2844238281,7821.42834472656,0,2283.17211914063,0,14424.9677734375,0,0,11732.142578125,0,0,0,0,12045,0,11732.142578125,10361.8933105469,0,0,0,0,0,0,0,1825,416267.3125,3083.1201171875
"NGA",3,1,"LSMS-ISA2015",2015,3,19,1921,842,1,190012,9,8111.111328125,1333.33337402344,0,2703.70377604167,1351.85188802083,1351.85188802083,0,202.777770996094,12555.5555555556,11101.984375,0,0,0,0,26071.4288194444,0,14870.3701171875,888.888916015625,0,2857.93139648438,0,0,1853.96831597222,2317.46028645833,11587.3016493056,4345.23828125,347.619059244792,0,7242.06336805556,2896.82530381944,0,4634.92057291667,1738.09526909722,4634.92057291667,5214.28559027778,2896.82530381944,6952.38096788194,3476.19053819444,3186.50802951389,6604.76215277778,0,43452.3802083333,2317.46034071181,0,0,0,0,0,0,0,0,0,0,0,0,0,0,0,0,0,0,0,0,14.5569118923611,0,405.555541992188,199520.125,3083.1201171875
"NGA",3,1,"LSMS-ISA2015",2015,3,19,1921,842,1,190013,6,5069.4443359375,2000,0,0,2433.33333333333,1013.88891601563,0,405.555541992188,11766.6666666667,10280.3564453125,0,0,0,0,8690.47591145833,0,4055.5556640625,3066.66674804688,0,3155.6494140625,0,0,1477.38102213542,3302.380859375,8690.47623697917,6952.380859375,0,0,5214.28580729167,0,0,8690.47591145833,2780.95247395833,6126.78572591146,3476.1904296875,2607.14290364583,5909.52388509115,3476.1904296875,1390.47623697917,1651.19051106771,0,16511.9046223958,3041.66670735677,0,0,0,0,0,0,0,0,0,0,0,0,0,0,0,0,0,0,0,0,0,0,506.944458007813,133743.953125,3083.1201171875
"NGA",3,1,"LSMS-ISA2015",2015,3,19,1921,842,1,190014,21,2317.46044921875,1142.85717773438,0,4055.55543154762,0,1738.09523809524,0,0,36190.4761904762,11158.3330078125,0,0,11587.3013392857,0,4965.98623511905,0,11587.3017578125,4015.873046875,0,12024.2861328125,0,0,0,0,0,0,0,0,10428.5714285714,5959.1837797619,4965.98623511905,0,0,7697.27901785714,993.197265625,2482.99311755952,17380.9522298177,1241.49655877976,4841.8367280506,3823.80945405506,0,6207.48279389881,496.5986328125,2595.9181547619,0,0,19287.0520833333,0,0,0,0,0,0,0,0,0,869.047619047619,0,966.231491815476,0,0,124.149658203125,0,67.8767961774554,0,1738.09521484375,192951.265625,3083.1201171875
"NGA",3,1,"LSMS-ISA2015",2015,3,19,1925,0,0,190015,4,0,3000,0,0,0,3650,0,0,11800,2192.85717773438,0,0,30416.666015625,0,0,0,6083.3330078125,6566.66650390625,0,6625.6083984375,0,0,0,4432.14306640625,5214.28564453125,0,0,3910.71435546875,2607.14282226563,0,0,19553.572265625,13035.7138671875,1303.57141113281,7821.4287109375,3258.92858886719,3910.71429443359,2216.07153320313,2607.14282226563,1303.57141113281,0,23073.2141113281,521.428588867188,0,0,0,0,0,0,0,0,0,0,0,0,0,0,0,0,0,0,0,0,0,0,608.333312988281,165713.109375,3083.1201171875
"NGA",3,1,"LSMS-ISA2015",2015,3,19,1925,0,0,190016,4,3041.66674804688,1500,0,0,3650,3650,0,0,15000,1605.71435546875,0,0,0,0,0,0,12166.6669921875,1625,0,12500,0,0,0,0,0,3258.92846679688,0,0,3910.71435546875,0,13035.7138671875,32589.28515625,0,6778.57141113281,13035.7143554688,0,5866.07135009766,0,1564.28576660156,3910.71441650391,0,26071.4284667969,0,0,0,4692.85693359375,7232.64453125,0,0,0,0,0,0,0,0,0,0,0,0,0,0,0,0,273.75,0,973.333312988281,177933.0625,3083.1201171875
"NGA",3,1,"LSMS-ISA2015",2015,3,19,1921,842,1,190017,6,0,0,0,0,3244.4443359375,1419.44449869792,0,0,7250,1251.1904296875,0,0,10138.888671875,0,0,0,25347.224609375,0,0,5623.15625,0,0,2954.76204427083,0,43452.3802083333,0,2172.61897786458,0,27983.3344726563,2607.14290364583,0,6952.380859375,0,6170.23795572917,11732.1432291667,6517.85709635417,12601.1905924479,6952.380859375,1042.85717773438,1303.57145182292,0,0,2172.61901855469,0,0,0,0,0,0,0,0,0,0,0,0,0,0,0,0,0,0,0,0,0,0,0,188889.796875,3083.1201171875
"NGA",3,1,"LSMS-ISA2015",2015,3,19,1921,842,1,190018,9,0,0,0,0,0,2703.70377604167,0,270.370361328125,6577.77777777778,115.873016357422,0,0,6759.25911458333,0,0,0,8787.0361328125,0,0,4121.611328125,0,0,0,0,28968.2534722222,0,2896.82530381944,2317.46028645833,8690.4765625,4055.55555555556,0,11007.9366319444,0,2896.82530381944,7879.36501736111,3360.31749131944,8400.79351128472,3707.93663194444,1448.41265190972,0,0,0,579.365071614583,0,0,0,0,0,0,0,0,0,0,0,0,0,0,0,0,0,0,0,0,0,0,0,115545.171875,3083.1201171875
"NGA",3,1,"LSMS-ISA2015",2015,3,19,1921,842,1,190019,8,0,2250,0,3041.66674804688,0,0,0,0,8000,3226.33935546875,0,0,0,0,0,0,15208.333984375,1000,0,5711.5361328125,0,0,0,0,0,0,0,0,0,0,0,0,0,0,0,0,0,0,456.25,0,0,71696.4291992188,97.7678604125977,1472.14270019531,494.542053222656,0,3886.84204101563,0,0,0,8.35622692108154,0,0,0,0,0,7821.4287109375,0,0,2155.90649414063,0,0,0,0,0,0,126527.5390625,3083.1201171875
"NGA",3,1,"LSMS-ISA2015",2015,3,19,1921,842,1,190020,8,0,2250,0,12166.6669921875,0,912.5,0,304.166656494141,4500,7669.34521484375,0,0,6083.33349609375,0,0,0,18250,0,0,14930.3623046875,0,4888.39306640625,3584.82153320313,0,16294.642578125,0,0,0,0,0,0,13035.7138671875,0,0,2933.03564453125,0,11080.3571777344,5866.0712890625,3650,0,0,202053.5703125,391.071441650391,0,0,0,0,0,0,0,0,0,0,0,0,0,0,0,0,0,0,0,0,0,0,0,330844.0625,3083.1201171875
"NGA",3,1,"LSMS-ISA2015",2015,3,19,1943,668,0,190021,10,0,0,0,0,0,0,0,0,6500,2164.76196289063,0,0,0,0,0,0,2433.33349609375,1600,0,2464.32421875,0,0,0,0,0,0,0,0,0,0,0,4171.428515625,0,0,4692.85712890625,1303.57138671875,3650,1825,1303.57138671875,0,0,3128.57133789062,3650.00009765625,10949.9984375,4794.661328125,0,2326.4626953125,0,0,0,0,0,0,0,0,0,2336.6517578125,0,0,0,0,0,0,366.834130859375,0,0,59662.02734375,5138.53369140625
"NGA",3,1,"LSMS-ISA2015",2015,3,19,1943,668,0,190022,5,0,0,0,0,0,0,0,0,5400,1484.76196289063,0,0,0,0,0,0,0,800,0,2295.7861328125,0,0,0,0,0,0,0,0,0,0,0,4171.428515625,0,0,3076.42856445313,0,2607.14287109375,0,834.2857421875,0,0,14600,3597.85712890625,4379.999609375,1826.5376953125,0,1163.23134765625,0,0,0,0,0,0,0,0,0,0,0,1042.85712890625,0,0,0,0,0,0,0,47280.31640625,5138.53369140625
"NGA",3,1,"LSMS-ISA2015",2015,3,19,1943,668,0,190023,7,0,0,0,3476.19056919643,0,173.809517996652,0,347.619049072266,1414.28571428571,200.510208129883,0,0,0,0,0,0,0,0,0,4998.36962890625,0,0,0,0,6704.08147321429,0,0,0,0,0,0,0,0,0,4841.83677455357,0,4841.83677455357,0,4469.38783482143,0,0,5214.28557477679,484.183663504464,1415.51018415179,2635.23381696429,0,0,0,0,0,0,0,0,0,0,0,2784.05608258929,0,0,0,0,0,0,0,0,0,44001.1953125,5138.53369140625
"NGA",3,1,"LSMS-ISA2015",2015,3,19,1943,668,0,190024,8,0,0,0,0,0,0,0,0,3575,145.089294433594,0,0,0,0,3258.92846679688,0,1825,125,0,3080.4052734375,0,0,0,0,0,0,0,0,1861.03351138508,0,0,0,0,279.155043619825,6978.87564401323,465.25837784627,2838.07616540625,0,930.516755692541,139.577521809912,0,14143.8548012252,1395.77512384282,15632.6805569615,4074.44096194749,0,10379.2387459119,0,0,0,0,677.062400777268,3852.339412838,0,0,0,0,884.268706574883,562.187212398938,4417.80697652788,0,0,0,0,0,0,81521.5703125,5138.53369140625
"NGA",3,1,"LSMS-ISA2015",2015,3,19,1943,668,0,190025,5,0,0,0,4866.666796875,0,0,0,365,2020,216.428558349609,0,0,0,0,0,0,4380,0,0,3393.10400390625,0,0,0,0,4692.85703125,0,0,0,0,0,0,0,0,0,3128.571484375,0,3650,0,3128.571484375,0,0,3858.57138671875,625.714306640625,990.85712890625,1844.663671875,0,0,0,0,0,0,0,0,0,0,0,0,0,0,1997.4724609375,0,0,0,0,0,0,39158.48046875,5138.53369140625
"NGA",3,1,"LSMS-ISA2015",2015,3,19,1943,668,0,190026,4,0,0,0,0,0,0,0,0,800,65.1785736083984,0,0,0,0,0,0,18250,0,0,5008.134765625,0,0,0,0,11732.142578125,0,0,0,0,0,0,0,0,0,5866.0712890625,0,7821.4287109375,0,912.5,0,0,2607.14282226563,651.785705566406,6814.28515625,4432.142578125,0,0,0,0,0,0,0,0,0,0,0,0,0,0,4692.85693359375,0,0,0,0,0,0,69653.671875,5138.53369140625
"NGA",3,1,"LSMS-ISA2015",2015,3,19,1943,668,0,190027,4,0,0,0,1520.83337402344,0,0,0,0,500,130.357147216797,0,0,0,0,0,0,0,0,0,7583.44970703125,0,0,0,0,17313.7616235554,0,3995.48371709936,0,0,0,0,0,0,0,11986.4506517979,0,7637.84910405518,4661.39758295959,0,0,0,3995.48359502905,665.913932504841,13923.9857098389,6792.32177635008,0,0,0,0,0,0,0,0,0,0,0,0,0,0,0,0,0,0,0,0,0,80707.296875,5138.53369140625
"NGA",3,1,"LSMS-ISA2015",2015,3,19,1943,668,0,190029,11,0,0,0,0,0,0,0,0,3327.27272727273,50.9740257263184,0,0,0,0,4740.25958806818,0,663.636352539063,0,0,1463.47216796875,0,0,0,0,4740.25958806818,0,0,0,2370.12979403409,0,0,6636.36363636364,0,0,6399.35067471591,2370.1298828125,8959.09104225852,0,663.636363636364,0,0,2844.15589488636,948.051935369318,3981.81782670455,2075.61097301136,0,0,0,934.292169744318,0,0,0,0,0,0,1422.07794744318,0,0,142.207796963778,0,0,0,0,0,0,0,54732.78515625,5138.53369140625
"NGA",3,1,"LSMS-ISA2015",2015,3,19,1943,668,0,190030,4,0,0,0,5475,0,0,0,304.166656494141,1950,260.714294433594,0,0,0,0,0,0,0,0,0,6627.42822265625,0,0,0,0,5849.81541787371,0,0,0,0,0,0,0,0,0,9505.95032687111,0,5118.58842270273,0,1023.71771585621,0,0,3656.13464307267,1023.71771585621,1246.25100428066,3880.3045526207,0,0,0,0,0,0,0,0,0,0,0,0,0,0,2801.16157791338,0,0,0,0,0,0,48722.953125,5138.53369140625
"NGA",3,1,"LSMS-ISA2015",2015,3,19,1916,1516,0,190031,3,0,0,0,0,0,0,0,0,3333.33333333333,984.920593261719,0,0,0,0,0,0,28388.888671875,0,0,9328.9453125,0,0,0,0,17380.9518229167,0,0,0,0,0,0,0,0,0,7821.42838541667,0,9385.71435546875,4866.66666666667,1390.47623697917,0,0,8690.47607421875,347.619059244792,9085.71354166667,2954.76171875,0,0,0,0,0,0,0,0,0,0,0,0,0,0,0,0,0,0,0,0,0,103959.8984375,6166.240234375
"NGA",3,1,"LSMS-ISA2015",2015,3,19,1916,1516,0,190032,5,608.333374023438,0,0,0,0,0,0,0,1800,1320.95239257813,0,0,0,0,0,0,12166.6669921875,0,0,5597.3671875,0,0,0,0,18924.9019580202,0,3364.42720754816,0,0,0,0,0,0,0,8621.34437057747,0,6203.16253882722,2943.87370801935,1577.07522889188,0,0,4731.22563598942,420.55340094352,5495.99860505133,7149.40712594279,0,0,0,2072.24792477024,0,0,0,0,0,0,0,0,0,0,0,0,0,0,0,0,0,82997.5390625,6166.240234375
"NGA",3,1,"LSMS-ISA2015",2015,3,19,1916,1516,0,190033,7,0,857.142883300781,0,0,347.619035993304,608.333356584821,0,0,2142.85714285714,240.408172607422,0,0,869.047642299107,0,0,0,1738.09533691406,0,0,2739.58813476563,0,0,0,0,8287.29270379912,0,0,0,1035.91158797489,517.955793987445,0,0,0,932.320459153543,4661.6022728745,0,3314.9171948787,1553.86745117939,621.546980579237,0,0,4350.8288057468,828.729290000367,6215.46888039043,4535.93182878649,0,1910.51950359947,0,4983.90312804851,0,0,0,0,0,0,0,0,0,0,0,0,0,0,0,0,521.428588867188,53815.3125,6166.240234375
"NGA",3,1,"LSMS-ISA2015",2015,3,19,1916,1516,0,190034,4,0,1500,0,0,0,0,0,0,5100,2369.04760742188,0,0,0,0,0,0,0,2250,0,5008.134765625,0,0,0,0,5866.0712890625,0,0,0,3910.71435546875,0,0,5866.0712890625,3910.71435546875,0,4562.5,2346.42858886719,3258.92852783203,2281.25,1042.85717773438,391.071441650391,0,16294.6428833008,2216.07147216797,1564.28564453125,1141.58605957031,0,0,0,0,0,0,0,0,0,0,0,0,0,2153.873046875,0,0,0,0,0,0,1520.83337402344,74555.078125,6166.240234375
"NGA",3,1,"LSMS-ISA2015",2015,3,19,1916,1516,0,190035,10,1216.66674804688,600,0,0,0,0,0,0,7300,1943.92846679688,0,0,0,0,0,0,12166.666015625,960,0,1917.71166992188,0,2033.571484375,0,5214.285546875,4171.428515625,0,0,0,0,0,0,4171.428515625,0,0,3337.14287109375,1042.85712890625,3649.99992675781,1564.2857421875,625.714306640625,0,0,14600.0001953125,2815.71420898438,0,0,0,0,0,0,0,0,0,0,0,0,0,0,0,0,0,0,0,0,0,0,0,69331.40625,6166.240234375
"NGA",3,1,"LSMS-ISA2015",2015,3,19,1916,1516,0,190036,6,0,1000,0,0,0,0,0,0,7033.33333333333,2211.3095703125,0,0,6083.33333333333,0,0,0,12166.6669921875,1400,0,3110.95043945313,0,0,0,5996.42838541667,7821.42838541667,0,0,0,3476.1904296875,0,0,7821.42838541667,0,0,3650,1303.57145182292,3910.71423339844,3041.66666666667,1042.85717773438,2346.42862955729,0,18684.5234375,3258.92862955729,1042.85709635417,761.057373046875,0,0,0,0,0,0,0,0,0,0,0,0,0,198.877421061198,0,0,0,0,0,0,0,97362.5625,6166.240234375
"NGA",3,1,"LSMS-ISA2015",2015,3,19,1916,1516,0,190037,10,0,1200,0,1825,0,0,0,0,4440,471.071441650391,0,0,0,0,2085.7142578125,0,1460,0,0,5030.20849609375,0,0,0,0,1825,0,0,0,0,0,0,3128.571484375,1042.85712890625,0,0,521.428564453125,4171.428515625,0,469.285693359375,625.714306640625,0,2346.42856445313,0,2815.7142578125,2968.1236328125,1235.25693359375,0,0,0,0,0,0,0,0,0,0,5735.7142578125,0,0,4332.26875,0,0,0,873.851403808594,0,0,48603.63671875,6166.240234375
"NGA",3,1,"LSMS-ISA2015",2015,3,19,1916,1516,0,190038,4,0,1500,0,0,0,608.333312988281,0,0,4400,240.357147216797,0,0,0,0,0,0,3041.66674804688,0,0,9977.833984375,0,0,0,0,6098.80478085351,0,0,0,1626.34803365143,0,0,0,0,0,7047.50808478769,1355.28996218471,3388.22490787327,0,406.587008412856,0,0,1355.28996218471,1626.34796779328,3252.69581351625,2373.75584820814,1605.3314287695,0,0,0,0,0,0,0,0,0,0,0,0,573.299646986657,3217.24966167684,0,0,0,0,0,0,53694.921875,6166.240234375
"NGA",3,1,"LSMS-ISA2015",2015,3,19,1916,1516,0,190039,4,0,0,0,6083.33349609375,0,0,0,608.333312988281,1800,165.357147216797,0,0,0,0,0,0,912.5,0,0,3967.34887695313,0,0,0,0,6517.85693359375,0,0,0,2607.14282226563,0,0,0,0,0,5866.0712890625,0,13687.5,2607.14282226563,1564.28576660156,0,0,5214.28564453125,1042.85717773438,2944.28540039063,3956.33642578125,0,0,0,0,0,0,0,0,0,0,0,0,0,0,0,0,0,0,0,0,0,59544.62890625,6166.240234375
"NGA",3,1,"LSMS-ISA2015",2015,3,19,1916,1516,0,190040,8,0,2250,0,5627.08349609375,0,0,0,304.166656494141,1662.5,292.857147216797,0,0,0,0,0,0,6083.33349609375,0,0,3501.69921875,0,0,0,0,25231.9544251101,0,0,0,3604.56481957504,0,0,0,0,1009.27817833452,6776.58198952767,0,5551.03014170501,0,1874.37372171994,0,0,6127.76027095345,396.50214624408,4794.762628107,2550.38190062446,0,0,0,0,0,0,0,0,0,0,0,0,0,0,4142.47665678039,0,0,0,0,0,0,81781.3125,6166.240234375
"NGA",3,1,"LSMS-ISA2015",2015,3,19,1901,640,0,190041,6,0,0,0,4055.5556640625,0,608.333333333333,0,0,1266.66666666667,663.690490722656,0,0,5069.4443359375,0,0,0,0,0,0,9602.9677734375,0,0,0,0,0,0,0,0,869.047607421875,0,0,0,0,0,4779.76188151042,0,3910.71419270833,0,1042.85717773438,0,0,1738.09525553385,477.976196289063,1962.85693359375,1318.77880859375,0,0,0,0,0,0,0,0,0,0,0,0,0,0,0,0,0,0,0,0,0,37366.75,3853.90014648438
"NGA",3,1,"LSMS-ISA2015",2015,3,19,1901,640,0,190042,7,1042.85717773438,0,0,2607.14285714286,0,0,0,0,5642.85714285714,1303.06127929688,0,0,0,0,37244.8973214286,0,1738.09533691406,12857.142578125,0,1538.01306152344,0,6257.14285714286,0,5214.28571428571,9832.65290178571,0,2979.591796875,0,2234.69384765625,0,0,2607.14285714286,1489.7958984375,2905.10201590402,7300.00003487723,2979.591796875,11173.4694824219,2607.14285714286,446.938790457589,1862.24490792411,0,28157.1429966518,1415.30611746652,12514.2845982143,7828.01841517857,0,0,0,2234.69391741071,0,0,0,5229.18359375,0,0,0,0,0,148.979596819196,0,0,0,0,0,0,0,181391.453125,3853.90014648438
"NGA",3,1,"LSMS-ISA2015",2015,3,19,1901,640,0,190043,7,2607.14282226563,0,0,1738.09528459821,0,2085.71428571429,0,0,7857.14285714286,4412.92529296875,0,0,0,0,7448.97935267857,0,20857.142578125,1571.42858886719,0,5234.36083984375,0,6778.57142857143,1936.73465401786,0,9907.14285714286,0,0,5214.28571428571,0,0,7448.97935267857,8938.77566964286,3724.48967633929,0,10279.5920758929,9683.67354910714,11843.8773716518,8938.77566964286,893.877580915179,0,0,12663.2652064732,4096.93865094866,0,0,0,0,0,0,0,0,0,6167.75502232143,0,0,0,0,0,0,0,0,0,0,0,0,347.619049072266,162677.265625,3853.90014648438
"NGA",3,1,"LSMS-ISA2015",2015,3,19,1901,640,0,190044,11,0,0,0,2212.12127130682,0,0,0,0,1581.81818181818,107.532470703125,0,0,0,0,0,0,2765.15161132813,0,0,2240.29467773438,0,0,0,0,0,0,0,0,0,0,0,0,0,711.038973721591,2607.14284446023,1422.07794744318,2844.15580610795,0,1422.07794744318,0,0,1896.10391512784,0,0,0,0,0,0,0,0,0,0,0,0,0,0,0,0,0,2351.89808238636,0,0,0,0,0,0,22161.4140625,3853.90014648438
"NGA",3,1,"LSMS-ISA2015",2015,3,19,1901,640,0,190045,12,0,0,0,3041.66666666667,0,0,0,202.777770996094,1641.66666666667,86.9047622680664,0,0,2027.77783203125,0,0,0,4055.5556640625,0,0,3274.01538085938,0,0,0,0,0,0,0,0,434.523803710938,0,0,0,0,0,1911.90478515625,0,3476.1903889974,0,2042.26188151042,0,0,1303.57141113281,869.047607421875,4579.99934895833,1648.4736328125,0,0,0,0,0,0,0,0,0,0,0,0,0,0,2155.90657552083,0,0,0,0,0,0,32752.2421875,3853.90014648438
"NGA",3,1,"LSMS-ISA2015",2015,3,19,1901,640,0,190046,9,0,0,0,0,0,0,0,0,4422.22222222222,28.9682540893555,0,0,0,0,579.365071614583,0,1622.22216796875,0,0,9176.28125,0,0,0,5382.93258735576,8074.39916383051,0,0,0,1345.73314683894,1009.29989547881,0,1345.73314683894,1009.29989547881,807.439919010874,3297.04625266656,3364.33285065161,6392.23238992487,0,672.86657341947,336.433286709735,0,6728.66570130322,1009.29985190633,5652.07876228207,4124.7806341059,0,0,0,621.53238250902,0,0,0,0,0,0,0,8496.49779673128,0,672.86657341947,3194.56322214954,0,0,0,0,0,0,79367.0859375,3853.90014648438
"NGA",3,1,"LSMS-ISA2015",2015,3,19,1901,640,0,190047,7,0,0,0,0,0,0,0,0,4828.57142857143,2577.04077148438,0,0,0,0,0,0,3476.19067382813,1200,0,3520.46313476563,0,0,0,0,0,0,0,0,0,0,0,5214.28571428571,0,0,5363.26520647321,0,3352.04080636161,0,1042.85714285714,0,0,4096.93882533482,4469.3876953125,13408.1618303571,6523.34877232143,0,0,0,6704.08147321429,0,0,0,0,0,0,0,3282.20675223214,0,2265.73130580357,0,0,0,0,0,0,0,71324.5625,3853.90014648438
"NGA",3,1,"LSMS-ISA2015",2015,3,19,1901,640,0,190048,6,0,0,0,0,0,0,0,0,666.666666666667,86.9047622680664,0,0,0,0,0,0,4055.5556640625,0,0,7501.44287109375,0,0,0,0,0,0,0,0,0,0,0,0,0,0,5561.90478515625,0,6952.380859375,0,0,0,0,7821.4287109375,347.619059244792,9085.71354166667,4432.142578125,0,7821.42903645833,0,0,0,0,0,0,0,0,0,0,0,0,3128.5712890625,0,0,0,0,0,0,57461.765625,3853.90014648438
"NGA",3,1,"LSMS-ISA2015",2015,3,19,1901,640,0,190049,9,0,0,0,0,0,0,0,0,1666.66666666667,3270.10595703125,0,0,0,0,0,0,2703.70385742188,1555.55554199219,0,9176.28125,0,0,0,0,6952.38107638889,0,2896.82530381944,0,0,0,0,2896.82530381944,1738.09526909722,0,4634.92068142361,0,869.047634548611,4287.30164930556,869.047634548611,0,0,2607.14284939236,3765.87293836806,10428.5703125,5073.71571180556,0,0,0,5214.28559027778,0,0,0,4797.14279513889,0,0,0,0,0,8595.4150390625,0,0,0,0,0,0,0,83998.8984375,3853.90014648438
"NGA",3,1,"LSMS-ISA2015",2015,3,19,1901,640,0,190050,5,0,0,0,0,0,0,0,0,0,590.952331542969,0,0,0,0,0,0,7300,0,0,16054.3623046875,0,0,0,0,11128.0828419759,0,0,0,0,0,0,0,0,0,18546.804687909,0,13247.7177735399,0,0,0,0,11922.9459964516,264.954361878245,20775.3230665579,6756.33556676395,0,0,0,0,0,0,0,0,0,0,0,0,0,0,9538.35624071984,0,0,0,0,0,0,116125.828125,3853.90014648438
"NGA",3,1,"LSMS-ISA2015",2015,3,19,1937,432,0,190051,18,3650,333.333343505859,0,1013.88888888889,0,0,0,0,3444.44444444444,3696.66674804688,0,0,0,0,2896.82530381944,0,5407.40771484375,0,0,2270.126953125,0,0,3244.44444444444,0,10138.8888888889,0,260.714274088542,0,2896.82530381944,0,0,579.365071614583,0,0,5503.96826171875,579.365071614583,3765.87299262153,3041.66666666667,1042.85709635417,666.269856770833,0,10718.2536349826,0,3649.99956597222,0,0,0,1856.64344618056,0,0,0,0,0,0,0,0,0,0,529.527235243056,0,0,0,0,1022.2590874566,0,270.370361328125,72479.984375,5588.1552734375
"NGA",3,1,"LSMS-ISA2015",2015,3,36,3611,0,0,190052,6,0,3000,0,1216.66666666667,0,608.333333333333,0,0,2333.33333333333,288.293670654297,0,0,1419.44449869792,0,0,0,3244.4443359375,466.666656494141,0,4372.048828125,0,0,0,0,10868.6800578407,0,1630.30190565442,0,3260.60381130884,0,0,10868.6800578407,7245.78647390541,4075.75485892984,4121.04107916678,1449.15736632377,2083.16369039197,3622.8932369527,543.434012371413,543.434012371413,0,3894.61035492386,362.289341580942,3156.38359776974,3622.8932369527,3622.8932369527,0,0,0,0,0,2003.46406242861,0,0,0,0,0,2558.48268710841,1602.43368559037,0,0,0,0,0,0,0,88085.6171875,5588.1552734375
"NGA",3,1,"LSMS-ISA2015",2015,3,19,1937,432,0,190053,15,3650,400,0,2433.33333333333,0,567.777799479167,0,0,2040,3771.4287109375,0,0,811.1111328125,0,3476.19036458333,0,1622.22229003906,0,0,2266.25073242188,0,0,0,0,0,1527.00728509536,2672.26277936557,0,1527.00728509536,1908.75906750693,3054.01457019072,3817.51813501385,1145.25550268379,3054.01457019072,5688.10221019763,381.75182127384,7253.28467671958,4275.62046717751,763.50364254768,1183.43065886962,0,1908.75906750693,1450.65689920594,1374.30651331653,668.628590026232,904.364692743561,5961.42991202932,0,0,0,0,0,0,0,0,0,0,0,0,0,0,0,0,0,0,0,71557.9765625,5588.1552734375
"NGA",3,1,"LSMS-ISA2015",2015,3,19,1937,432,0,190054,9,2027.77783203125,1333.33337402344,0,0,0,0,0,0,9333.33333333333,1980.42321777344,0,0,0,0,0,0,13518.5185546875,1111.11108398438,0,6317.2158203125,0,0,0,0,0,0,0,0,0,0,0,5793.65060763889,0,1013.88888888889,7415.873046875,0,0,2317.46028645833,695.238118489583,0,0,20857.1423611111,4692.85734049479,7066.66623263889,1969.84114583333,0,7821.42881944444,0,0,0,0,8508.84722222222,0,0,0,0,6490.69921875,1149.03352864583,29241.1476779514,0,0,0,0,0,0,0,140655.5,5588.1552734375
"NGA",3,1,"LSMS-ISA2015",2015,3,19,1937,432,0,190055,1,0,0,0,0,0,1825,0,3650,4800,681.428588867188,0,0,0,0,0,0,0,0,0,42713.95703125,0,0,0,0,0,0,0,0,10950,0,0,0,0,0,10428.5712890625,0,0,0,0,0,0,18250,0,0,4611.6591796875,0,15070.1103515625,0,0,0,0,0,0,44321.4296875,0,7300,0,0,0,0,0,0,0,0,0,0,164602.15625,5588.1552734375
"NGA",3,1,"LSMS-ISA2015",2015,3,19,1937,432,0,190056,6,4055.5556640625,0,0,1013.88891601563,0,0,0,0,1000,2114.6826171875,0,0,0,0,0,0,0,0,0,6088.90673828125,0,0,0,0,8690.47591145833,0,2607.14290364583,0,0,0,0,0,0,0,6083.33317057292,0,6952.380859375,3476.1904296875,2607.14290364583,0,0,3476.1904296875,695.238118489583,1651.42854817708,1537.2197265625,0,0,0,0,0,0,0,0,0,0,0,0,0,0,0,0,0,0,0,0,0,52049.77734375,5588.1552734375
"NGA",3,1,"LSMS-ISA2015",2015,3,19,1937,432,0,190057,8,0,0,0,1520.83337402344,0,0,0,0,625,1586.01196289063,0,0,0,0,0,0,9125,0,0,2839.06640625,0,7130.012121398,5347.50921311881,0,13368.7734974597,0,2673.75460655941,0,0,0,0,0,0,0,8021.2635755376,0,8199.51408136837,3565.006060699,1426.00249515993,0,0,4456.25757587375,891.25151517475,0,0,0,0,0,0,0,0,0,0,0,0,0,0,0,0,0,0,0,0,0,0,0,70775.25,5588.1552734375
"NGA",3,1,"LSMS-ISA2015",2015,3,19,1937,432,0,190058,9,0,5793.650390625,0,0,0,0,0,0,10866.6666666667,2183.06884765625,0,0,0,0,0,0,13518.5185546875,1377.77783203125,0,5842.54736328125,0,0,1738.09526909722,5098.41276041667,7676.58767361111,0,0,0,4345.23828125,0,0,10428.5711805556,0,0,5793.65082465278,1448.41265190972,3476.19048394097,1738.09526909722,926.984157986111,869.047634548611,0,16222.2225477431,3765.87293836806,0,0,0,0,0,0,0,0,0,0,0,0,0,0,0,1001.26017252604,0,0,0,0,203.796739366319,0,0,104314.6640625,5588.1552734375
"NGA",3,1,"LSMS-ISA2015",2015,3,19,1937,432,0,190059,5,0,0,0,4866.666796875,0,0,0,730,480,196.428573608398,0,0,0,0,0,0,0,0,0,2153.21826171875,0,0,0,0,5214.285546875,0,0,0,0,0,0,0,0,0,2607.14287109375,0,7508.571484375,0,1251.42861328125,0,0,7300,312.857153320312,1981.7142578125,1844.663671875,0,0,0,0,0,0,0,0,0,0,0,0,0,0,0,0,0,0,0,0,0,36446.98046875,5588.1552734375
"NGA",3,1,"LSMS-ISA2015",2015,3,19,1937,432,0,190060,11,1238.78796386719,1636.36364746094,0,1327.27272727273,0,774.242453835227,0,0,3109.09090909091,1353.76623535156,0,0,0,0,0,0,1769.69689941406,0,0,4436.86279296875,0,2488.63636363636,1611.68838778409,0,2370.12979403409,0,948.051935369318,0,948.051935369318,0,0,1422.07794744318,948.051935369318,1422.07790305398,3792.20774147727,2370.1298384233,5261.68832120028,948.051935369318,663.636363636364,616.233764648438,0,3555.19480202415,1896.10387073864,0,0,0,0,0,0,0,0,0,0,0,0,0,0,0,0,0,0,0,0,0,0,0,46908.09765625,5588.1552734375
"NGA",3,1,"LSMS-ISA2015",2015,3,19,1936,1994,0,190061,5,0,0,0,0,0,0,0,0,2680,136.142852783203,0,0,0,0,0,0,2433.33349609375,0,0,16517.306640625,0,0,0,0,0,0,2085.7142578125,0,0,0,0,0,0,0,2085.7142578125,0,6257.1427734375,0,312.857153320312,0,0,0,0,8759.99921875,4566.344140625,0,0,0,0,0,0,758.803466796875,0,0,0,0,0,0,0,7426.74609375,0,0,0,1042.85712890625,0,0,55062.9609375,6358.935546875
"NGA",3,1,"LSMS-ISA2015",2015,3,19,1936,1994,0,190062,5,0,0,0,0,0,0,0,0,1820,444,0,0,0,0,0,0,1946.66662597656,0,0,3587.880859375,0,0,0,0,0,0,0,0,2085.7142578125,0,0,0,0,2294.2857421875,0,2398.571484375,0,0,625.714306640625,0,0,3128.571484375,0,8759.99921875,0,0,3489.694140625,0,906.43349609375,0,0,4886.479296875,0,0,0,3754.285546875,4155.13383789062,0,10072.7763000488,0,0,0,0,81459.4028808594,0,0,135815.609375,6358.935546875
"NGA",3,1,"LSMS-ISA2015",2015,2,15,1510,0,0,190063,8,0,0,0,0,0,0,0,0,4475,1800.44641113281,0,0,1216.66662597656,0,0,0,0,950,0,1097.3251953125,0,0,0,0,0,0,1955.35717773438,0,0,0,0,0,0,0,0,0,1303.57141113281,0,977.678588867188,0,0,8147.3212890625,456.25,1060.47302246094,2503.68505859375,676.447875976563,1484.80493164063,0,0,0,0,0,0,0,0,0,3941.29968261719,0,0,0,0,0,0,844.785430908203,0,0,32891.11328125,6358.935546875
"NGA",3,1,"LSMS-ISA2015",2015,3,19,1936,1994,0,190064,2,0,0,0,12166.6669921875,0,0,0,912.5,2650,380.714294433594,0,0,0,0,0,0,0,0,0,8508.5654296875,0,0,0,0,12514.2861328125,0,0,0,3128.57153320313,0,0,0,0,0,6778.5712890625,0,10428.5715332031,0,6648.21435546875,0,0,9125,1042.85717773438,4954.28564453125,2305.82958984375,0,0,0,0,0,0,0,0,0,0,0,0,0,0,4813.18701171875,0,0,0,0,0,0,86357.8125,6358.935546875
"NGA",3,1,"LSMS-ISA2015",2015,3,19,1936,1994,0,190065,9,0,0,0,270.370361328125,0,0,0,405.555541992188,1222.22222222222,579.365051269531,0,0,0,0,0,0,0,0,0,2945.52368164063,0,0,0,0,5793.65060763889,0,0,0,0,0,0,0,0,0,3186.50792100694,0,4055.55560980903,0,695.238118489583,0,0,3186.50797526042,289.682535807292,1651.42849392361,1024.81315104167,0,0,0,0,0,0,0,0,0,0,0,0,0,0,1109.70692274306,0,0,0,0,0,0,26416.126953125,6358.935546875
"NGA",3,1,"LSMS-ISA2015",2015,3,19,1936,1994,0,190066,3,0,0,0,0,0,0,0,0,4666.66666666667,2753.17456054688,0,0,0,0,0,0,0,1466.66662597656,0,3588.697265625,0,0,0,0,7821.42838541667,0,0,0,2607.14290364583,0,0,22595.2376302083,0,0,9038.09537760417,3997.61897786458,9110.51595052083,0,1390.47623697917,0,0,10428.5712890625,6952.380859375,9085.71354166667,2954.76171875,0,0,0,0,0,0,0,0,0,0,0,0,0,5286.70638020833,0,0,0,0,305.695109049479,0,0,104049.5390625,6358.935546875
"NGA",3,1,"LSMS-ISA2015",2015,3,19,1936,1994,0,190067,9,0,0,0,0,0,0,0,0,5333.33333333333,1404.49743652344,0,0,0,0,0,0,5407.40771484375,1111.11108398438,0,8254.380859375,0,0,0,0,5214.28559027778,0,0,0,0,0,0,7531.74565972222,0,0,4461.11111111111,869.047634548611,579.365071614583,0,695.238118489583,0,0,4634.92057291667,2607.14290364583,7066.66623263889,1969.84114583333,0,0,0,0,0,0,0,0,0,0,0,0,0,6053.82568359375,2085.71419270833,0,0,0,203.796739366319,0,0,65483.421875,6358.935546875
"NGA",3,1,"LSMS-ISA2015",2015,3,19,1936,1994,0,190068,4,0,0,0,0,0,0,0,0,1700,330.357147216797,0,0,0,0,0,0,15208.333984375,0,0,11252.1640625,0,0,0,0,0,0,0,0,0,0,0,0,0,0,5866.0712890625,0,9776.78564453125,0,0,0,0,6517.85705566406,651.785705566406,9085.7138671875,6648.2138671875,0,11732.1435546875,0,0,0,0,0,0,0,0,0,0,0,0,7914.54052734375,0,0,0,0,0,0,86683.96875,6358.935546875
"NGA",3,1,"LSMS-ISA2015",2015,3,19,1936,1994,0,190069,4,0,0,0,0,0,0,0,0,1500,255.357147216797,0,0,0,0,0,0,0,0,0,12889.109375,0,0,0,0,11732.142578125,0,0,0,0,0,0,0,0,0,5866.0712890625,0,6517.85717773438,0,0,0,0,6517.85705566406,651.785705566406,6814.28515625,4432.142578125,0,0,0,0,0,0,0,0,0,0,0,0,0,0,4692.85693359375,0,0,0,0,0,0,61869.46484375,6358.935546875
"NGA",3,1,"LSMS-ISA2015",2015,3,19,1936,1994,0,190070,2,0,0,0,0,0,0,0,0,1000,460.714294433594,0,0,0,0,0,0,0,0,0,13993.41796875,0,0,0,0,23464.28515625,0,0,0,0,0,0,0,0,0,11732.142578125,0,14078.5712890625,0,0,0,0,7821.42846679688,1303.57141113281,13628.5703125,8864.28515625,0,0,0,0,0,0,0,0,0,0,0,0,0,0,9385.7138671875,0,0,0,0,0,0,105732.6875,6358.935546875
"NGA",3,1,"LSMS-ISA2015",2015,3,19,1902,52,0,190071,5,0,0,0,0,0,0,0,0,6200,1364.76196289063,0,0,0,0,0,0,4866.6669921875,0,0,8806.5498046875,0,0,0,0,6674.2859375,4692.85703125,0,0,2085.7142578125,0,0,0,0,0,3649.99990234375,2085.7142578125,3128.57138671875,3962.85703125,1042.85712890625,0,0,9385.7140625,6778.5712890625,5631.428515625,1369.90322265625,0,0,0,2055.4427734375,0,0,0,0,0,0,0,0,0,2085.7142578125,0,0,0,0,0,0,0,75867.6015625,10598.2255859375
"NGA",3,1,"LSMS-ISA2015",2015,3,19,1902,52,0,190072,4,0,0,0,0,0,0,0,0,3300,90.1785736083984,0,0,0,0,0,0,1216.66662597656,0,0,2146.52197265625,0,0,0,0,10569.2842875867,0,0,0,2642.32107189667,0,0,0,0,0,6209.45452901551,396.34817903185,3963.48160658106,0,0,924.812387750045,0,1321.16053594833,0,7926.96247062877,3470.96840770302,0,0,0,0,0,0,961.302527703262,0,0,0,0,0,0,0,3136.23165503719,59701.6991715379,0,0,714.024178855133,0,0,108691.4140625,10598.2255859375
"NGA",3,1,"LSMS-ISA2015",2015,3,19,1902,52,0,190073,5,0,0,0,0,0,0,0,0,5200,1284.76196289063,0,0,0,0,0,0,0,880,0,2422.14306640625,0,0,0,0,0,0,0,0,2085.7142578125,0,0,4692.85703125,0,0,3754.28564453125,2085.7142578125,4692.85712890625,0,1251.42861328125,0,0,12514.2859375,4692.8572265625,7268.57109375,2659.285546875,0,4692.857421875,0,0,0,0,0,0,0,0,0,4673.303515625,0,2129.16669921875,1877.1427734375,0,0,0,366.834130859375,0,0,69224.0625,10598.2255859375
"NGA",3,1,"LSMS-ISA2015",2015,3,19,1902,52,0,190074,7,0,0,0,0,0,0,0,0,1542.85714285714,74.4897994995117,0,0,0,0,0,0,1738.09533691406,0,0,5628.32958984375,0,0,0,0,14897.9587053571,0,0,0,0,0,0,0,0,0,6704.08147321429,0,5586.73465401786,0,0,0,0,4096.93875558036,372.448974609375,12979.5904017857,7597.95870535714,0,0,0,0,0,0,0,0,0,0,0,0,0,0,5363.26506696429,0,0,0,0,0,0,66582.7421875,10598.2255859375
"NGA",3,1,"LSMS-ISA2015",2015,3,19,1902,52,0,190075,7,0,0,0,0,0,0,0,0,714.285714285714,906.292541503906,0,0,0,0,0,0,0,0,0,5980.22802734375,0,0,0,0,11173.4698660714,0,0,0,0,0,0,0,0,0,2979.591796875,0,5959.18359375,0,0,0,0,4841.83663504464,372.448974609375,7787.75446428571,5065.30580357143,0,0,0,0,0,0,0,0,0,0,0,0,0,0,0,0,0,0,0,0,0,45780.39453125,10598.2255859375
"NGA",3,1,"LSMS-ISA2015",2015,3,19,1902,52,0,190076,5,0,0,0,0,0,0,0,0,2400,52.1428604125977,0,0,0,0,0,0,0,0,0,10311.287109375,0,0,0,0,26174.8623808681,0,0,0,0,0,0,0,0,0,12398.6185920341,0,8954.55803545059,0,0,0,0,6888.12153834074,688.812146077996,14402.7778769606,9367.8446019908,0,0,0,0,0,0,0,0,0,0,0,0,0,0,9918.89462091902,0,0,0,0,0,0,101557.921875,10598.2255859375
"NGA",3,1,"LSMS-ISA2015",2015,3,19,1902,52,0,190077,13,0,0,0,0,0,0,0,0,2984.61538461538,50.8241767883301,0,0,0,0,1203.29672475962,0,374.358947753906,0,0,2857.75048828125,0,8423.07692307692,0,6176.92307692308,0,0,2406.59344951923,0,2005.49444110577,2807.69230769231,0,4010.98888221154,2005.49444110577,882.417593149038,4692.85712139423,200.549447866587,7821.42841045673,4813.18689903846,1403.84615384615,842.307692307692,0,4813.18674879808,2807.69223257212,0,2458.80093149038,0,0,0,3609.89002403846,0,0,0,3321.09885817308,0,0,5535.16466346154,0,0,0,0,0,0,0,0,0,0,78509.5390625,10598.2255859375
"NGA",3,1,"LSMS-ISA2015",2015,3,19,1902,52,0,190078,3,0,0,0,0,0,202.777770996094,0,0,2666.66666666667,347.619049072266,0,0,0,0,0,0,0,0,0,8695.6162109375,0,0,0,0,13904.76171875,0,0,0,0,0,0,0,0,0,4345.23811848958,0,6952.38102213542,0,2085.71435546875,0,0,6952.38102213542,0,2617.14241536458,0,0,0,0,0,0,0,0,0,0,0,0,0,0,0,2874.5419921875,0,0,0,0,0,0,51644.83984375,10598.2255859375
"NGA",3,1,"LSMS-ISA2015",2015,3,19,1902,52,0,190079,4,0,0,0,9125,0,182.5,0,608.333312988281,2950,4908.03564453125,0,0,0,0,0,0,4562.5,0,0,4550.33642578125,0,0,0,0,0,0,0,0,1303.57141113281,0,0,0,0,1955.35717773438,3650,0,0,5214.28564453125,3389.28564453125,0,0,7430.35717773438,782.142883300781,2477.14282226563,0,0,6306.62353515625,0,0,0,0,0,0,0,0,0,0,0,0,0,0,0,0,0,0,0,59395.46875,10598.2255859375
"NGA",3,1,"LSMS-ISA2015",2015,3,19,1902,52,0,190080,4,0,0,0,7604.16650390625,0,212.91667175293,0,0,2025,170.357147216797,0,0,0,0,0,0,0,0,0,4254.28271484375,0,0,0,0,5475,0,0,0,0,1955.35717773438,0,0,0,0,3389.28564453125,0,4562.5,5214.28564453125,1694.64282226563,0,0,5475,391.071441650391,3715.71411132813,0,0,0,0,0,0,0,0,0,0,0,0,0,0,0,0,0,0,0,0,0,0,46139.578125,10598.2255859375
"NGA",3,1,"LSMS-ISA2015",2015,3,19,1914,934,0,190081,11,0,0,0,0,0,0,0,0,2090.90909090909,78.3116912841797,0,0,0,0,474.025967684659,0,663.636352539063,0,0,1442.67236328125,0,0,0,0,5688.31178977273,0,0,0,0,0,0,948.051935369318,0,0,2559.74032315341,0,5688.31170099432,0,829.545454545455,0,0,948.051935369318,0,3981.81782670455,2075.61097301136,0,0,0,934.292169744318,0,0,0,0,0,0,0,2296.61186079545,0,0,2250.529296875,0,0,0,1347.63912686435,0,0,34298.0703125,10212.8359375
"NGA",3,1,"LSMS-ISA2015",2015,3,19,1914,934,0,190082,8,0,0,0,0,0,0,0,0,7500,1877.82739257813,0,0,0,0,0,0,6083.33349609375,1200,0,4580.06591796875,0,0,0,0,0,0,0,0,2607.14282226563,0,0,6517.85693359375,0,0,5409.82153320313,0,4106.25,0,1042.85717773438,0,0,8473.21429443359,6191.96423339844,7949.99951171875,0,0,4399.5537109375,0,3853.95556640625,0,0,0,0,0,0,0,2623.4375,0,1193.97912597656,7039.28515625,0,0,0,229.271331787109,0,0,82879.8203125,10212.8359375
"NGA",3,1,"LSMS-ISA2015",2015,3,19,1914,934,0,190083,6,0,0,0,0,0,0,0,0,800,127.460319519043,0,0,0,0,0,0,0,0,0,4143.04931640625,0,0,0,0,28452.7422906477,0,3283.00891647344,0,0,0,0,0,0,0,4650.92914607558,0,8098.08840966023,0,547.168139182206,0,0,5909.41585293141,2188.67255672882,13347.9038323315,3720.74313344217,0,0,0,0,0,0,0,0,0,0,0,0,0,0,15758.4420178225,0,0,0,769.884750443588,0,0,91797.5078125,10212.8359375
"NGA",3,1,"LSMS-ISA2015",2015,3,19,1914,934,0,190084,10,0,0,0,0,0,0,0,0,4100,1221.54760742188,0,0,12166.66640625,0,0,0,3650,3000,0,1076.60913085938,0,5475,1460,0,4797.14296875,0,0,0,1564.2857421875,0,0,1564.2857421875,0,0,3962.8572265625,0,2607.14282226563,2346.428515625,625.714306640625,0,0,8342.85703125,3232.85708007812,0,0,0,0,0,1564.2857421875,0,0,0,0,0,0,0,2336.6517578125,0,0,0,0,0,0,0,0,3650,68744.328125,10212.8359375
"NGA",3,1,"LSMS-ISA2015",2015,3,19,1914,934,0,190085,7,0,0,0,0,0,0,0,0,914.285714285714,1019.72790527344,0,0,0,0,0,0,5214.28564453125,571.428588867188,0,1538.01306152344,0,13408.1629464286,0,0,11173.4698660714,0,0,0,1489.7958984375,0,0,7448.97935267857,0,0,2234.69391741071,744.89794921875,3724.48974609375,0,0,0,0,4543.87754603795,4022.44886997768,0,0,0,0,0,1468.17340959821,0,0,0,0,0,0,0,0,0,744.89794921875,2681.63253348214,0,0,0,0,0,0,62943.2578125,10212.8359375
"NGA",3,1,"LSMS-ISA2015",2015,3,19,1914,934,0,190086,5,0,0,0,12166.66640625,0,0,0,486.666656494141,3840,288.571441650391,0,0,0,0,0,0,12166.666015625,0,0,8528.66796875,0,0,0,0,2607.1427734375,0,0,0,0,0,0,0,0,0,10011.428515625,0,3650,0,1355.7142578125,0,0,9385.71416015625,1251.42861328125,11890.28515625,9223.31875,0,0,0,0,0,0,0,0,0,0,0,0,0,0,5992.4171875,0,0,0,0,0,0,92844.6875,10212.8359375
"NGA",3,1,"LSMS-ISA2015",2015,3,19,1914,934,0,190087,4,0,0,0,608.333312988281,0,0,0,912.5,1600,130.357147216797,0,0,0,0,0,0,0,0,0,2519.01708984375,0,0,0,0,6517.85693359375,0,0,0,1303.57141113281,0,0,0,0,0,3910.71435546875,0,3910.71435546875,5214.28564453125,2607.14282226563,0,0,1955.35711669922,651.785705566406,4954.28564453125,0,0,0,0,0,0,0,0,0,0,0,0,0,0,0,0,0,0,0,0,0,0,36795.91796875,10212.8359375
"NGA",3,1,"LSMS-ISA2015",2015,3,19,1914,934,0,190088,9,0,0,0,0,0,0,0,0,8244.44444444445,184.523818969727,0,0,0,0,5793.65060763889,0,1622.22216796875,0,0,1196.232421875,0,4634.92057291667,0,0,5793.65060763889,0,0,0,0,0,0,0,0,0,4634.92068142361,0,10428.5715060764,0,869.047634548611,0,0,4576.98410373264,2027.77780490451,0,0,0,0,0,1738.09526909722,0,0,0,0,0,0,0,0,0,0,5501.29383680556,0,0,0,0,0,0,57246.3359375,10212.8359375
"NGA",3,1,"LSMS-ISA2015",2015,3,19,1914,934,0,190089,5,0,0,0,486.666650390625,0,0,0,0,1200,104.285720825195,0,0,0,0,0,0,2433.33349609375,0,0,9001.7314453125,0,0,0,0,30747.1085343396,0,0,0,0,0,0,0,0,0,11068.9590673515,0,9470.10963860143,4304.59525509643,2951.72256487476,0,0,4919.53739438608,1475.86128243738,15001.2187662941,8363.21318572699,0,0,0,4848.13659784356,0,0,0,0,0,0,0,0,0,0,4427.58352670436,0,0,0,0,0,0,110804.0625,10212.8359375
"NGA",3,1,"LSMS-ISA2015",2015,3,19,1914,934,0,190090,7,0,0,0,0,0,0,0,0,3314.28571428571,37.2448997497559,0,0,0,0,0,0,0,0,0,3284.59155273438,0,0,0,0,8938.77566964286,0,0,0,1489.7958984375,0,0,2979.591796875,0,0,0,372.448974609375,6704.08154296875,0,446.938790457589,893.877580915179,0,2383.67347935268,0,6257.14229910714,3261.67438616071,0,0,0,1468.17340959821,0,0,0,0,0,0,0,8823.2470703125,0,0,3536.54603794643,0,0,0,1313.86525181362,0,0,55505.953125,10212.8359375
"NGA",3,1,"LSMS-ISA2015",2015,3,19,1941,518,0,190091,12,0,0,0,3041.66666666667,0,0,0,152.08332824707,2016.66666666667,86.9047622680664,0,0,0,0,0,0,3548.61108398438,0,0,3764.8876953125,0,0,0,0,0,0,0,0,1536.05031415646,0,0,0,0,0,4710.55432721323,0,3072.10070969312,0,1792.05873532602,0,0,2048.06709310783,358.411748200088,8921.71604299534,2611.2853969655,0,11520.377579969,0,0,0,0,0,0,0,0,0,0,0,0,3686.52064724018,0,0,0,0,0,0,52867.9609375,6209.0615234375
"NGA",3,1,"LSMS-ISA2015",2015,3,19,1941,518,0,190093,11,0,0,0,0,0,0,0,0,6000,2379.43725585938,0,0,0,0,0,0,0,1090.90905761719,0,4794.76220703125,0,0,1422.07794744318,0,0,0,0,0,0,0,0,4266.23366477273,0,0,3650,948.051935369318,1469.4804909446,2488.63636363636,758.441583806818,0,0,8058.44149502841,3081.16876775568,3412.98686079545,0,2245.92169744318,3172.44921875,0,0,0,0,0,0,0,0,0,790.043323863636,0,3311.07368607955,0,0,0,0,166.742786754261,0,0,53506.86328125,6209.0615234375
"NGA",3,1,"LSMS-ISA2015",2015,3,19,1941,518,0,190094,14,0,0,0,0,0,0,0,0,5642.85714285714,1626.87084960938,0,0,0,0,0,0,3476.19067382813,928.571411132813,0,5306.3876953125,0,0,1117.34695870536,0,3352.04073660714,0,0,0,2234.69391741071,0,0,4469.38783482143,0,0,4152.80622209821,744.89794921875,1787.75510951451,1303.57142857143,893.877580915179,186.224487304688,0,6704.08147321429,2756.12248883929,893.877511160714,0,3529.30552455357,0,0,0,0,0,0,0,0,0,0,0,0,680.820731026786,0,0,0,0,196.518293108259,0,0,51984.20703125,6209.0615234375
"NGA",3,1,"LSMS-ISA2015",2015,3,19,1941,518,0,190095,16,0,0,0,0,0,0,0,0,2750,205.922607421875,0,0,0,0,0,0,0,0,0,6417.9208984375,0,0,0,0,0,0,0,0,0,0,0,1629.46423339844,977.678588867188,0,1433.92858886719,0,2444.1964263916,0,798.4375,0,0,0,0,4692.85693359375,2853.96508789063,772.035583496094,5089.13720703125,0,0,0,0,0,0,0,0,0,3258.92846679688,0,1746.201171875,3868.09765625,0,0,0,1336.73393249512,0,0,40275.50390625,6209.0615234375
"NGA",3,1,"LSMS-ISA2015",2015,3,19,1941,518,0,190096,11,0,0,0,0,0,0,0,0,3090.90909090909,47.4025993347168,0,0,0,0,0,0,0,0,0,1956.47741699219,0,0,0,0,0,0,0,0,0,0,0,0,0,0,5791.95682332546,0,7371.58127960512,3685.79072858097,1053.08304737225,0,0,3159.24914211674,421.233242221251,9174.80488281731,3580.48221597562,0,14216.6218820851,0,1037.79889704289,0,0,0,0,0,0,0,0,0,0,0,0,0,0,0,0,0,54587.390625,6209.0615234375
"NGA",3,1,"LSMS-ISA2015",2015,3,19,1941,518,0,190097,10,0,0,0,0,0,0,0,0,800,52.1428604125977,0,0,0,0,0,0,5353.33349609375,0,0,8527.810546875,0,0,3629.24111500374,0,12097.469799576,0,0,0,0,0,0,4838.98802312999,0,0,10282.8493901843,0,5141.42485568486,0,1209.7470057825,0,0,3629.24098587926,1209.7470057825,8431.77056911383,0,4228.66557445549,0,0,0,0,0,0,0,0,0,0,0,0,0,6532.63337831432,0,0,0,0,0,0,75965.0703125,6209.0615234375
"NGA",3,1,"LSMS-ISA2015",2015,3,19,1941,518,0,190098,11,0,0,0,0,0,0,0,0,5818.18181818182,1797.83557128906,0,0,0,0,948.051935369318,0,6636.36376953125,727.272705078125,0,9335.1572265625,0,0,0,0,4266.23366477273,0,0,4977.27272727273,2844.15589488636,0,0,5688.31161221591,0,0,4503.24680397727,0,1374.67538174716,3318.18181818182,758.441583806818,355.519486860795,0,7584.41552734375,0,2844.15553977273,0,4491.84339488636,0,0,0,0,0,0,0,0,0,0,0,0,1919.42405007102,0,0,0,0,2536.87258078835,0,0,72725.6171875,6209.0615234375
"NGA",3,1,"LSMS-ISA2015",2015,3,19,1941,518,0,190099,7,0,0,0,869.047642299107,0,0,0,0,2428.57142857143,211.054412841797,0,0,0,0,0,0,1738.09533691406,0,0,4652.26611328125,0,0,0,0,16547.4135057765,4727.83227712367,3687.70942266608,0,2836.69950134471,2836.69950134471,0,2836.69950134471,2836.69950134471,7280.86178426202,6429.85211976641,0,6146.18212133167,5673.39900268942,1229.23640164864,5673.39879342603,0,1891.1329543935,189.113304370077,5673.39828823126,4140.33891291875,5600.0839147467,0,0,0,0,0,0,8510.09826412188,0,0,0,2290.59094780156,0,0,0,0,0,0,1891.1329543935,0,0,108827.6171875,6209.0615234375
"NGA",3,1,"LSMS-ISA2015",2015,3,19,1941,518,0,190100,8,0,0,0,0,0,0,0,0,3425,95.1785736083984,0,0,2281.25,0,977.678588867188,0,912.5,0,0,6592.7978515625,0,0,0,0,0,0,0,0,0,0,0,2607.14282226563,0,0,1303.57141113281,651.785705566406,4562.49990844727,0,684.375,0,0,0,0,5474.99951171875,3995.55151367188,2316.10693359375,1454.03918457031,0,0,0,0,0,0,0,0,0,9574.61108398438,0,280.337951660156,7736.1953125,0,0,0,1744.09989929199,0,0,56669.72265625,6209.0615234375
"NGA",3,1,"LSMS-ISA2015",2015,3,19,1925,2858,1,190101,7,0,0,0,2085.71428571429,0,0,0,0,3257.14285714286,1372.55102539063,173.809524536133,0,869.047642299107,0,0,0,1390.47619628906,457.142852783203,0,3772.27978515625,0,0,0,2234.69391741071,11918.3671875,0,2607.14285714286,0,0,0,0,0,0,0,5959.18359375,0,5810.2042061942,2458.16322544643,1787.75516183036,744.89794921875,0,14674.4896065848,446.938790457589,2595.91824776786,0,0,0,0,0,0,0,0,0,0,0,0,0,0,0,0,0,0,0,0,0,347.619049072266,64963.54296875,7707.80029296875
"NGA",3,1,"LSMS-ISA2015",2015,3,19,1925,2858,1,190102,11,6.63636350631714,0,0,663.636363636364,0,0,0,0,1672.72727272727,54.5454559326172,0,0,884.848455255682,0,0,0,1106.06066894531,616.666687011719,0,886.363464355469,0,0,0,0,5688.31178977273,0,0,0,521.428577769886,0,0,3318.18181818182,0,0,4266.23384232955,0,2844.15585049716,3318.18181818182,568.831187855114,189.610395951705,0,17159.7403675426,0,0,0,8532.46732954545,4266.23401988636,0,0,0,0,0,0,0,0,0,0,0,868.348455255682,0,0,0,0,155.547207919034,0,221.212112426758,57809.9765625,7707.80029296875
"NGA",3,1,"LSMS-ISA2015",2015,3,19,1925,2858,1,190103,9,0,0,0,3785.18532986111,0,0,0,0,1333.33333333333,769.047607421875,0,0,2162.962890625,0,0,0,2027.77783203125,22.2222213745117,0,5015.0126953125,0,5392.65238604004,3022.25576203829,3555.59504020067,16592.7765591728,0,0,0,2962.99571928537,0,0,4148.19413979319,0,0,3200.03550621386,0,1777.79746584686,4266.71378265347,1185.19830984643,770.378895867108,0,4740.79329363918,177.779754776568,0,0,0,0,0,0,0,0,0,0,0,0,0,0,0,0,0,0,0,0,0,0,0,66908.703125,7707.80029296875
"NGA",3,1,"LSMS-ISA2015",2015,3,19,1925,2858,1,190104,6,0,0,0,405.555541992188,0,0,0,0,0,173.809524536133,0,0,3041.66666666667,0,0,0,1622.22216796875,1013.88891601563,0,2125.74291992188,0,0,0,0,6952.380859375,0,0,0,0,0,0,5214.28580729167,3476.1904296875,0,3476.1904296875,2607.14282226563,7821.42846679688,3128.5712890625,695.238118489583,0,0,15208.3332519531,260.714294433594,0,2954.76171875,10950,0,0,0,0,0,0,0,0,0,0,0,0,0,0,0,0,0,0,0,0,71128.1171875,7707.80029296875
"NGA",3,1,"LSMS-ISA2015",2015,3,19,1925,2858,1,190105,11,0,0,0,0,0,0,0,0,3000,833.896118164063,0,0,0,0,1896.10387073864,0,2433.33349609375,1272.72729492188,0,1595.396484375,0,0,0,0,3792.20774147727,0,0,853.246715198864,568.831187855114,0,0,2844.15589488636,0,0,3033.76629083807,474.025967684659,1753.89608487216,0,948.051935369318,237.01298384233,0,8532.46741832386,663.636363636364,2477.921875,0,3412.98686079545,0,0,0,0,0,0,0,0,0,2133.11665482955,0,510.040616122159,0,3412.98686079545,0,0,0,0,0,0,46679.8046875,7707.80029296875
"NGA",3,1,"LSMS-ISA2015",2015,3,19,1925,2858,1,190106,5,0,0,0,730,0,0,0,0,3760,196.476196289063,0,0,0,0,1042.85712890625,0,973.333312988281,400,0,2550.8916015625,0,0,0,3128.571484375,9385.7140625,0,0,0,312.857153320312,0,0,2085.7142578125,0,0,3650,521.428564453125,834.285717773437,834.2857421875,417.14287109375,0,0,50578.5717773438,834.2857421875,5451.428125,1772.85703125,0,0,0,0,0,0,0,0,0,0,0,0,0,0,0,0,0,0,0,0,0,89460.7109375,7707.80029296875
"NGA",3,1,"LSMS-ISA2015",2015,3,19,1925,2858,1,190107,5,0,0,0,0,0,292,0,0,5560,312.857147216797,0,0,0,0,1564.2857421875,0,9733.333984375,0,0,2876.25634765625,0,0,0,12514.2859375,0,0,0,0,0,0,0,0,0,0,8655.71416015625,0,0,0,2085.7142578125,1355.7142578125,0,0,625.714306640625,5451.428125,5318.57109375,5617.826171875,18771.4296875,0,0,0,0,0,0,0,0,0,2336.6517578125,0,0,11262.85625,0,0,0,0,0,0,94334.6484375,7707.80029296875
"NGA",3,1,"LSMS-ISA2015",2015,3,19,1925,2858,1,190108,8,0,0,0,0,0,0,0,0,3362.5,462.440490722656,0,0,0,0,0,0,1825,600,0,1594.30725097656,0,0,0,0,10428.5712890625,0,0,0,1042.85717773438,0,0,0,0,0,4823.21435546875,0,1629.46426391602,2346.42846679688,0,130.357147216797,0,8147.32141113281,0,11357.1416015625,0,0,0,0,0,0,0,0,0,0,0,0,869.047607421875,0,0,0,0,0,0,114.635665893555,0,395.416656494141,49128.70703125,7707.80029296875
"NGA",3,1,"LSMS-ISA2015",2015,3,19,1925,2858,1,190109,9,0,0,0,2974.07400173611,0,0,0,0,3111.11111111111,641.402099609375,0,0,1622.22222222222,0,1738.09526909722,0,2433.33325195313,333.333343505859,0,2086.0615234375,0,0,3476.19053819444,1738.09526909722,6952.38107638889,0,0,0,0,0,0,4634.92057291667,2607.14279513889,0,4634.92057291667,0,3592.06344943576,3823.80946180556,1158.73014322917,0,0,6257.14279513889,289.682535807292,4038.09505208333,0,0,0,0,0,0,0,0,0,0,0,0,0,0,0,0,0,0,0,0,0,0,58142.8046875,7707.80029296875
"NGA",3,1,"LSMS-ISA2015",2015,3,19,1925,2858,1,190110,4,0,0,0,0,0,0,0,0,8300,3582.380859375,0,0,2737.5,0,3910.71435546875,0,3650,1100,0,3263.92236328125,0,0,0,0,15642.857421875,0,0,0,0,0,0,0,0,0,7560.71435546875,0,5475,0,1564.28576660156,0,0,17598.2141113281,391.071441650391,6814.28515625,4432.142578125,0,0,0,0,0,0,0,0,0,0,0,1620.41175842285,0,0,9385.7138671875,0,0,0,0,0,760.416687011719,97789.6171875,7707.80029296875
"NGA",3,1,"LSMS-ISA2015",2015,3,19,1912,1510,1,190111,12,0,1000,0,2027.77783203125,0,0,0,506.944458007813,6733.33333333333,5472.00390625,202.777770996094,0,0,0,1303.57145182292,0,811.111083984375,0,0,3042.1201171875,0,0,1955.35709635417,2607.14290364583,6517.857421875,0,0,0,651.785725911458,0,0,0,1738.09521484375,0,3997.6190999349,0,7169.64290364583,3476.1904296875,1216.66666666667,0,0,4519.04764811198,434.523803710938,0,0,0,0,0,0,0,0,0,0,0,0,0,0,0,0,0,0,0,0,0,0,202.777770996094,55586.33984375,5780.85009765625
"NGA",3,1,"LSMS-ISA2015",2015,3,19,1912,1510,1,190112,14,2607.14282226563,857.142883300781,0,608.333356584821,130.357142857143,173.809517996652,0,0,5528.57142857143,3904.86376953125,0,0,695.238071986607,608.333356584821,0,0,3476.19067382813,660.714294433594,0,1260.65417480469,0,0,0,0,6084.64972802438,0,121.692993664975,0,1054.67257437248,0,0,3245.14633811651,1825.39480277873,0,3650.78983492807,202.821646132282,3853.61134390962,1825.39480277873,1014.10821322279,0,0,3975.30433513879,0,0,710.473895596041,4804.81605968298,0,0,0,0,0,0,0,0,0,0,0,0,202.821646132282,0,0,0,0,407.681678775457,0,121.66667175293,53612.39453125,5780.85009765625
"NGA",3,1,"LSMS-ISA2015",2015,3,19,1912,1510,1,190113,14,2607.14282226563,0,2607.14285714286,1216.66671316964,0,782.142857142857,0,173.809524536133,5142.85714285714,4175.34033203125,0,0,4779.76171875,0,1489.7958984375,0,6952.38134765625,0,0,13602.294921875,0,4406.76869974611,3525.41490399332,1762.70745199666,4406.76869974611,0,0,0,3525.41470928595,0,0,11751.3822809846,0,4112.98391808022,7344.61436006793,0,7050.82980798664,6169.47601223384,8225.96769665152,0,0,3466.65789128005,293.784569519905,0,0,0,0,0,0,0,0,0,0,0,0,0,0,0,0,0,0,0,0,0,0,0,109572.1171875,5780.85009765625
"NGA",3,1,"LSMS-ISA2015",2015,3,19,1912,1510,1,190114,18,2264.35180664063,0,0,675.925944010417,0,135.185180664063,0,0,2255.55555555556,4511.931640625,2027.77783203125,0,10138.8888888889,0,1158.73014322917,0,6083.33349609375,777.777770996094,0,3043.09814453125,0,0,1520.83333333333,3621.03168402778,0,0,0,0,347.619059244792,0,0,2317.46028645833,0,0,1448.41265190972,347.619059244792,1593.25396050347,2027.77777777778,724.206325954861,550.396823459201,0,5793.65071614583,1071.82538519965,0,0,0,0,0,0,1551.25,0,0,0,0,0,0,965.608506944444,0,0,0,0,0,0,0,0,202.777770996094,57156.28125,5780.85009765625
"NGA",3,1,"LSMS-ISA2015",2015,3,19,1912,1510,1,190115,12,4562.5,1000,0,1520.83333333333,0,2027.77783203125,0,202.777770996094,0,1199.70239257813,0,0,101.388885498047,0,1738.09521484375,0,7604.16650390625,58.3333320617676,0,3494.71655273438,0,2607.14290364583,1955.35709635417,0,1955.35709635417,0,0,0,1825.0000406901,651.785725911458,0,0,3258.9287109375,3041.66666666667,2607.14290364583,0,13035.7141113281,0,0,1086.3095296224,0,4953.57145182292,217.261901855469,0,0,0,0,0,0,0,0,0,0,0,0,0,0,0,0,0,0,0,0,0,0,101.388885498047,60806.91796875,5780.85009765625
"NGA",3,1,"LSMS-ISA2015",2015,3,19,1912,1510,1,190116,18,2703.70385742188,666.666687011719,0,2703.70377604167,0,337.962972005208,0,0,3155.55555555556,3661.97094726563,675.925964355469,0,6759.25911458333,0,1448.41265190972,337.962972005208,7773.1474609375,3423.61108398438,0,3043.09814453125,0,0,0,0,8111.11111111111,0,0,0,869.047634548611,0,0,7242.06336805556,0,101.388888888889,3331.34928385417,1158.73014322917,289.682535807292,1853.96831597222,0,1882.93649631076,0,20857.1426866319,1071.82538519965,3476.19010416667,2536.85785590278,2401.88845486111,0,0,0,0,0,0,5214.28559027778,0,0,0,0,0,0,0,460.902723524306,0,0,0,0,1622.22216796875,99172.5703125,5780.85009765625
"NGA",3,1,"LSMS-ISA2015",2015,3,19,1912,1510,1,190117,4,912.5,3000,0,1825,0,2433.33325195313,0,912.5,8475,8364.28515625,304.166656494141,0,0,0,5214.28564453125,912.5,7604.1669921875,600,0,12231.40625,0,0,0,3910.71435546875,10428.5712890625,6517.85693359375,0,0,1303.57141113281,1955.35717773438,0,10428.5712890625,0,2607.14282226563,7169.64282226563,0,3258.92852783203,10428.5712890625,1042.85717773438,1303.57141113281,0,17598.2143554688,651.785705566406,0,0,0,0,0,0,0,0,0,0,0,0,0,0,0,899.810302734375,0,0,0,0,0,0,0,132294.328125,5780.85009765625
"NGA",3,1,"LSMS-ISA2015",2015,3,19,1912,1510,1,190118,15,3893.33325195313,0,0,1622.222265625,0,162.222216796875,0,81.1111068725586,7266.66666666667,1236.98413085938,0,0,567.777799479167,0,695.2380859375,0,4461.11083984375,26.6666660308838,0,2823.46801757813,0,4866.66666666667,1564.28567708333,1564.28567708333,5561.9046875,0,0,0,0,0,0,2780.95234375,2607.14296875,0,6604.76184895833,0,1738.09518229167,3650,851.666666666667,695.2380859375,0,5040.476171875,104.285717773438,0,0,0,0,0,0,0,0,0,0,0,0,0,0,0,0,0,0,0,0,0,0,0,60466.5625,5780.85009765625
"NGA",3,1,"LSMS-ISA2015",2015,3,19,1912,1510,1,190119,12,3041.66674804688,1000,0,3041.66666666667,0,0,0,0,13766.6666666667,7303.373046875,0,0,4562.5,0,0,152.083333333333,10138.888671875,3776.38891601563,0,3736.62963867188,0,0,0,0,12702.4077034315,0,0,0,0,0,0,0,3048.57797355573,0,4826.91495810664,2032.38525270391,4064.77054609791,3556.67421324244,1270.24075931497,1016.19262635195,0,0,0,0,3023.17308650394,8425.71098325631,0,0,0,0,4064.77088340732,0,0,0,0,0,254.048156587988,0,0,0,0,0,0,357.454657694778,0,506.944458007813,99670.140625,5780.85009765625
"NGA",3,1,"LSMS-ISA2015",2015,3,19,1912,1510,1,190120,6,6083.33349609375,0,0,3041.66666666667,0,1419.44449869792,0,811.111083984375,9266.66666666667,9937.8974609375,0,0,4055.5556640625,0,1738.09521484375,0,8719.4443359375,5236.11083984375,0,6084.240234375,0,0,5315.16253322026,13287.9066473003,31005.1141782275,17717.2075534696,2214.6509441837,0,5315.16235918865,1771.72078733548,0,15059.6266011091,4429.3018883674,0,21260.6501328811,3543.44157467096,4872.23220797603,6201.02283564549,2480.40913651244,2657.58117959432,0,20374.7889127311,442.93019683387,0,0,0,0,0,0,0,0,0,0,0,0,0,0,0,1468.48241593646,0,0,0,0,0,0,811.111083984375,216622.046875,5780.85009765625
"NGA",3,1,"LSMS-ISA2015",2015,3,19,1905,1290,0,190121,9,0,0,0,0,0,0,0,0,5200,529.41796875,0,0,0,0,5793.65060763889,0,5407.40771484375,1555.55554199219,0,4651.28857421875,0,3476.19053819444,6257.14279513889,3939.68272569444,6952.38107638889,0,1158.73014322917,0,1100.79367404514,0,0,3476.19053819444,0,0,1738.09529622396,0,347.619059244792,2317.46028645833,579.365071614583,782.142876519097,0,25781.7457139757,695.238118489583,0,0,0,0,0,0,0,0,0,0,0,0,0,0,0,1854.21327039931,0,0,0,0,380.226508246528,0,0,83974.5390625,18498.720703125
"NGA",3,1,"LSMS-ISA2015",2015,3,19,1905,1290,0,190122,11,0,0,0,2212.12127130682,0,0,0,0,2236.36363636364,47.4025993347168,0,0,0,0,0,0,0,0,0,4288.15869140625,0,7110.38991477273,0,0,7110.38991477273,0,0,0,0,0,0,0,0,0,2844.15580610795,0,9243.50648082386,0,3792.20774147727,0,0,948.051935369318,237.01298384233,0,2417.53231534091,3404.74289772727,0,0,0,0,0,0,0,0,0,0,0,0,0,4887.91548295455,0,0,0,0,0,363.636352539063,51143.58984375,18498.720703125
"NGA",3,1,"LSMS-ISA2015",2015,3,19,1905,1290,0,190123,5,0,0,0,3893.333203125,0,0,0,0,6060,2874.52392578125,0,0,0,0,0,973.33330078125,0,480,0,6907.91162109375,0,0,0,0,25028.571875,0,0,0,0,0,0,18771.428125,0,0,8342.85703125,0,5944.28564453125,7300,2607.1427734375,0,0,14912.85703125,625.714306640625,10902.85625,5318.57109375,5631.428515625,0,0,0,0,0,0,0,0,0,0,0,0,0,0,0,0,0,0,0,730,127304.8203125,18498.720703125
"NGA",3,1,"LSMS-ISA2015",2015,3,19,1905,1290,0,190124,8,0,0,0,0,1064.58337402344,0,0,0,2820,1776.875,0,0,0,0,0,0,3041.66674804688,125,0,1613.95910644531,0,0,0,0,5214.28564453125,0,0,0,0,0,0,0,0,0,1825,0,1629.46432495117,1108.03576660156,0,260.714294433594,0,18575.892578125,0,0,0,9385.7138671875,0,0,0,0,0,0,0,0,0,0,0,0,0,0,0,0,0,427.754821777344,0,0,48868.9453125,18498.720703125
"NGA",3,1,"LSMS-ISA2015",2015,3,19,1905,1290,0,190125,9,0,0,0,946.296332465278,0,0,0,0,3666.66666666667,140.97883605957,0,0,0,0,0,0,0,0,0,4071.16967773438,0,2780.95247395833,0,0,5503.96831597222,0,0,0,0,0,0,0,0,0,4692.85719129774,0,2317.46034071181,0,0,0,0,6952.380859375,347.619059244792,0,3939.68229166667,3121.01453993056,0,0,0,0,0,0,0,0,0,0,0,0,0,0,0,0,0,0,0,0,38481.046875,18498.720703125
"NGA",3,1,"LSMS-ISA2015",2015,3,19,1905,1290,0,190126,6,0,0,0,1419.44449869792,0,0,0,0,6633.33333333333,5607.142578125,0,0,0,0,3476.1904296875,0,0,1333.33337402344,0,17114.455078125,0,5214.28580729167,5909.52408854167,2607.14290364583,10428.5716145833,0,0,0,0,0,0,0,869.047607421875,0,6430.95235188802,1216.66666666667,1477.38098144531,3302.380859375,869.047607421875,434.523803710938,0,13904.7619628906,0,0,0,0,0,0,0,0,0,0,0,0,0,0,0,0,2316.568359375,0,0,0,0,8174.50642903646,0,0,98739.2578125,18498.720703125
"NGA",3,1,"LSMS-ISA2015",2015,3,19,1905,1290,0,190127,7,0,0,0,2085.71428571429,0,0,0,0,5371.42857142857,1664.45581054688,4171.4287109375,0,0,0,0,0,5214.28564453125,142.857147216797,0,4329.2236328125,0,0,0,0,13408.1629464286,0,0,0,0,0,0,0,3724.48967633929,0,8193.87751116071,0,4469.3876953125,5214.28571428571,2085.71428571429,0,0,15642.8570033482,223.469395228795,3893.87723214286,3798.97935267857,4022.44893973214,0,0,0,0,0,0,0,0,0,0,0,0,1022.79820033482,0,0,0,0,0,0,0,88679.7421875,18498.720703125
"NGA",3,1,"LSMS-ISA2015",2015,3,19,1905,1290,0,190128,7,0,0,0,556.190464564732,0,0,0,0,1185.71428571429,205.816329956055,0,0,0,0,0,0,1390.47619628906,108.571426391602,0,1226.583984375,0,0,0,8864.28571428571,0,0,0,0,0,0,0,0,0,0,1191.83673967634,0,0,0,0,372.448974609375,0,8864.28571428571,0,0,0,0,0,0,0,0,0,0,0,0,0,0,0,0,288.347603934152,0,0,0,0,488.862653459821,0,86.9047622680664,24830.328125,18498.720703125
"NGA",3,1,"LSMS-ISA2015",2015,3,19,1905,1290,0,190129,10,0,0,0,1460,0,0,0,0,2600,104.214279174805,0,0,0,0,0,0,243.33332824707,0,0,2887.66381835938,0,0,0,0,6952.1624702072,0,0,0,289.67342598299,2607.06081584572,0,0,0,1738.0406175518,3476.08113744735,0,3881.62405047091,0,926.955012468656,0,0,1042.82430295932,289.67342598299,4037.96809235905,2954.66881703828,6241.83281055762,0,0,0,0,0,0,0,0,0,0,0,0,0,0,0,0,0,0,0,0,41733.77734375,18498.720703125
"NGA",3,1,"LSMS-ISA2015",2015,3,19,1905,1290,0,190130,7,0,0,0,5214.28571428571,0,0,0,0,7048.57142857143,711.564575195313,0,0,0,0,2979.591796875,0,3823.80981445313,1314.28576660156,0,1844.52465820313,0,6330.20619714705,3617.26080559437,5651.97006055009,12057.5354479946,3391.18180987126,0,0,0,0,0,0,0,0,6480.92515200031,0,3315.82226269017,7686.6790337842,2411.50720282833,0,0,4521.57593791443,452.157600699296,0,5124.45231536316,0,0,0,0,0,0,0,0,0,0,0,0,0,1840.64147670601,0,0,0,0,0,0,521.428588867188,86339.984375,18498.720703125
"NGA",3,1,"LSMS-ISA2015",2015,3,19,1910,808,0,190131,5,0,1200,0,0,0,730,0,730,6360,1443.8095703125,0,0,0,0,1042.85712890625,0,1460,980,0,6513.17236328125,0,0,0,0,0,0,2085.7142578125,0,1042.85712890625,0,0,6257.14296875,0,0,5735.7142578125,0,4171.428515625,0,2085.7142578125,0,0,4380,521.428564453125,7268.57109375,5318.57109375,3754.285546875,17358.346875,0,0,0,0,0,0,0,0,0,0,0,5604.759765625,7508.57109375,0,0,0,0,0,730,94282.953125,7322.41064453125
"NGA",3,1,"LSMS-ISA2015",2015,3,19,1910,808,0,190132,8,0,1200,0,1520.83337402344,0,0,0,0,5150,425.982147216797,0,0,3041.66674804688,0,3910.71435546875,0,7604.1669921875,8531.25,1303.57141113281,5212.02587890625,0,3910.71435546875,2933.03564453125,1303.57141113281,0,0,0,0,814.73217010498,0,0,9776.7861328125,0,0,6257.14282226563,1955.35717773438,1433.92855834961,6843.75,1303.57141113281,1238.3928527832,0,33892.857421875,0,0,0,2346.42846679688,6766.27905273438,0,0,0,0,0,0,0,0,0,0,0,0,0,0,0,0,1044.00344848633,0,0,119720.7578125,7322.41064453125
"NGA",3,1,"LSMS-ISA2015",2015,3,19,1910,808,0,190133,10,0,840,0,486.666650390625,0,0,0,0,4860,1026.47619628906,0,0,0,0,2607.1427734375,0,4745,1200,0,4169.62060546875,0,1877.1427734375,3910.714453125,0,6257.14296875,5214.285546875,0,1042.85712890625,1251.42856445313,0,3128.571484375,3650,0,0,5005.7142578125,1825,2346.42856445313,1042.85712890625,521.428564453125,625.714306640625,0,41192.856640625,1042.85717773438,0,0,938.57138671875,0,0,0,0,0,0,0,0,0,0,0,0,0,0,0,511,0,0,0,0,101319.46875,7322.41064453125
"NGA",3,1,"LSMS-ISA2015",2015,3,19,1910,808,0,190134,12,0,800,0,405.555541992188,0,0,0,0,3500,848.849182128906,0,0,4055.5556640625,0,1303.57145182292,0,8111.111328125,6750,0,5024.1103515625,0,0,651.785725911458,2650.59513346354,4345.23811848958,0,0,0,1911.90474446615,0,0,3476.1904296875,0,1129.76188151042,5127.38096110026,2172.61905924479,2607.14286295573,0,869.047607421875,1868.45241292318,0,43886.9055175781,347.619059244792,0,0,0,3910.71451822917,0,0,0,0,0,0,0,0,0,0,0,0,1564.28564453125,0,0,0,543.154744466146,0,0,107861.5546875,7322.41064453125
"NGA",3,1,"LSMS-ISA2015",2015,3,19,1910,808,0,190135,4,18.25,0,0,1825,0,0,0,0,4150,65.1785736083984,0,0,0,0,0,0,7604.16650390625,1000,0,4705.1513671875,0,0,0,1955.35717773438,4562.5,0,1042.85717773438,0,0,0,0,0,0,0,6778.5712890625,0,4562.5,1303.57141113281,651.785705566406,325.892852783203,0,2607.14282226563,391.071441650391,4542.85693359375,2216.0712890625,0,0,0,0,0,0,0,0,0,0,0,2118.30346679688,0,924.779968261719,0,0,0,0,0,0,0,53351.01171875,7322.41064453125
"NGA",3,1,"LSMS-ISA2015",2015,3,19,1910,808,0,190136,10,0,18250,0,3406.666796875,0,0,0,0,5200,92.1428604125977,0,0,0,0,0,0,5475,0,0,14826.314453125,0,0,5214.285546875,4171.428515625,8342.85703125,0,0,0,0,0,0,2607.1427734375,0,1303.57138671875,5579.28579101563,0,3285,0,625.714306640625,677.85712890625,0,9124.99990234375,260.714282226562,0,0,0,0,0,0,0,0,0,0,0,0,0,812.293994140625,0,0,1237.79111328125,0,0,0,0,0,0,90493.0625,7322.41064453125
"NGA",3,1,"LSMS-ISA2015",2015,3,19,1910,808,0,190137,2,0,3000,0,6083.33349609375,0,0,0,1825,5900,5514.64306640625,0,0,0,0,0,0,0,1100,0,12706.7509765625,0,0,0,0,20857.142578125,0,0,0,5214.28564453125,0,0,20857.142578125,11732.142578125,0,11732.142578125,0,9124.99987792969,9125,3128.57153320313,0,0,18249.9997558594,1303.57141113281,0,4432.142578125,9385.7138671875,0,0,0,0,0,0,0,0,0,0,0,0,0,0,0,0,0,0,0,1216.66662597656,162489.234375,7322.41064453125
"NGA",3,1,"LSMS-ISA2015",2015,3,19,1910,808,0,190138,10,0,0,0,1703.3333984375,0,182.5,0,0,1360,156.428573608398,0,0,0,0,625.714306640625,0,3893.33325195313,0,0,1976.39709472656,0,0,0,0,0,0,0,0,0,0,0,0,0,0,1042.85712890625,0,365,3650,730,365,0,938.57138671875,0,2725.7140625,2659.285546875,3745.2171875,9385.71484375,0,0,0,0,0,0,0,0,0,0,0,0,0,0,0,0,0,0,0,35505.06640625,7322.41064453125
"NGA",3,1,"LSMS-ISA2015",2015,3,19,1910,808,0,190139,9,675.925964355469,666.666687011719,0,946.296332465278,0,1081.4814453125,0,0,5355.55555555556,1081.42858886719,0,0,1892.59266493056,0,0,0,3595.92602539063,2364.81494140625,0,5000.9619140625,0,0,2607.14279513889,0,0,0,0,0,1158.73014322917,0,0,8690.4765625,2896.82530381944,0,5967.46039496528,0,1853.96826171875,2375.39691840278,695.238118489583,0,0,21957.9366861979,0,1514.28559027778,6894.44444444444,0,10428.5720486111,0,0,0,0,0,0,0,0,0,0,0,0,0,0,0,0,0,0,405.555541992188,90107.6875,7322.41064453125
"NGA",3,1,"LSMS-ISA2015",2015,3,19,1910,808,0,190140,3,0,2000,0,1216.66666666667,0,0,0,0,800,640.476196289063,0,0,0,0,0,0,14600,1066.66662597656,0,7461.08544921875,0,0,0,0,0,0,0,0,2085.71435546875,0,0,0,0,0,9559.52376302083,0,6083.33341471354,6083.33333333333,0,0,0,11992.8573404948,0,0,5909.5234375,15642.8567708333,15642.8580729167,0,0,0,0,0,0,0,0,0,0,0,0,0,0,0,0,0.873414675394694,0,0,100785.765625,7322.41064453125
"NGA",3,1,"LSMS-ISA2015",2015,3,19,1908,284,0,190141,3,0,0,0,0,0,0,0,0,2633.33333333333,173.809524536133,0,0,0,0,3476.1904296875,0,0,0,0,3802.30200195313,0,0,0,0,6952.380859375,0,0,0,0,0,0,0,0,0,4866.66666666667,0,3476.1904296875,0,0,0,0,15642.8569335938,521.428588867188,3028.5712890625,2954.76171875,0,0,0,0,0,0,0,0,0,0,0,0,0,0,0,0,0,0,0,0,0,47528.48828125,8671.275390625
"NGA",3,1,"LSMS-ISA2015",2015,3,19,1908,284,0,190142,10,0,0,0,0,0,0,0,0,1920,52.1428604125977,0,0,0,0,0,0,0,0,0,1069.89990234375,0,0,0,0,6257.14296875,0,0,0,0,0,0,0,0,0,3910.7142578125,0,1459.99995117188,0,0,0,0,3650,260.714282226562,2725.7140625,3545.7140625,3745.2171875,0,0,0,0,0,0,0,0,0,2780.95234375,486.666650390625,0,0,0,0,0,0,0,0,0,31864.87890625,8671.275390625
"NGA",3,1,"LSMS-ISA2015",2015,3,19,1908,284,0,190143,2,0,0,0,0,0,0,0,0,3100,200,0,0,0,0,0,0,1825,250,0,2661.87231445313,0,0,0,0,0,0,0,0,0,0,0,0,0,0,5214.28564453125,0,1303.57141113281,0,0,0,0,18510.71484375,1303.57141113281,0,4432.142578125,9385.7138671875,0,0,0,0,0,0,0,0,0,0,0,0,1303.57141113281,0,0,0,0,0,0,0,49490.44140625,8671.275390625
"NGA",3,1,"LSMS-ISA2015",2015,3,19,1908,284,0,190144,5,0,0,0,0,0,0,0,0,1900,268.571441650391,0,0,0,0,0,0,2190,120,0,4980.8662109375,0,0,0,3545.714453125,12514.2859375,0,0,0,2085.7142578125,0,0,0,0,0,7300,521.428564453125,1564.2857421875,0,1042.85712890625,469.285693359375,0,4380.00004882812,625.714306640625,12719.99921875,8864.2859375,0,0,0,2055.4427734375,0,0,0,0,0,0,6083.3328125,0,0,0,0,0,0,0,684.40771484375,0,0,73916.1875,8671.275390625
"NGA",3,1,"LSMS-ISA2015",2015,3,19,1908,284,0,190145,5,0,0,0,0,0,0,0,0,3240,497.238098144531,0,0,0,0,3128.571484375,0,4380,0,0,1854.30053710938,0,0,0,6257.14296875,4171.428515625,0,0,0,2085.7142578125,0,0,0,0,12514.2859375,3337.14287109375,0,1042.85712890625,0,1042.85712890625,0,0,13557.1424804688,3232.85708007812,21805.7125,7091.428125,0,0,0,0,0,0,0,0,0,0,4692.856640625,0,0,0,0,0,0,0,0,0,0,93931.5234375,8671.275390625
"NGA",3,1,"LSMS-ISA2015",2015,3,19,1908,284,0,190146,7,0,0,0,0,0,0,0,0,3228.57142857143,729.693908691406,0,0,0,0,0,0,0,142.857147216797,0,1324.50036621094,0,0,0,0,0,0,0,0,0,0,0,0,2979.591796875,0,4096.93889508929,0,1489.7958984375,0,1191.83677455357,0,0,8193.87751116071,223.469395228795,5191.83649553571,5065.30580357143,0,0,0,2936.34681919643,0,0,0,0,0,0,5661.22433035714,0,0,3799.85013253348,5363.26506696429,0,0,0,0,0,0,51618.95703125,8671.275390625
"NGA",3,1,"LSMS-ISA2015",2015,3,19,1908,284,0,190147,4,0,0,0,0,0,0,0,0,1850,245.357147216797,0,0,0,0,0,0,0,160,0,1843.52172851563,0,0,0,0,0,0,0,0,0,0,0,0,0,0,782.142883300781,0,0,0,0,0,0,11080.3570556641,1042.85717773438,9085.7138671875,4432.142578125,0,0,0,0,0,0,0,0,0,0,869.047607421875,0,0,4232.08056640625,0,0,0,0,0,0,0,35623.22265625,8671.275390625
"NGA",3,1,"LSMS-ISA2015",2015,3,19,1908,284,0,190148,6,0,0,0,0,0,0,0,0,3600,1367.97619628906,0,0,0,0,2607.14290364583,0,14802.77734375,133.33332824707,0,1901.15100097656,0,0,0,2954.76204427083,6952.380859375,0,0,0,0,0,0,0,0,0,4953.57145182292,0,1042.85717773438,0,1390.47623697917,0,0,12601.1903483073,173.809529622396,4542.85677083333,4432.142578125,0,0,0,0,0,0,0,0,0,0,2607.14290364583,0,0,1907.00081380208,3128.5712890625,0,0,0,0,0,0,71099.140625,8671.275390625
"NGA",3,1,"LSMS-ISA2015",2015,3,19,1908,284,0,190149,9,0,0,0,0,0,0,0,0,1666.66666666667,310.132263183594,0,0,0,0,0,0,5407.40771484375,366.666656494141,0,1188.77770996094,0,0,0,0,2317.46028645833,0,0,0,0,0,0,0,0,0,1622.22222222222,0,579.365071614583,0,0,0,0,1042.85709635417,0,14133.3324652778,1969.84114583333,0,0,0,0,0,0,0,0,0,0,7724.8671875,0,0,2099.19249131944,0,0,0,0,190.113254123264,0,202.777770996094,40821.6796875,8671.275390625
"NGA",3,1,"LSMS-ISA2015",2015,3,19,1908,284,0,190150,9,0,0,0,0,0,0,0,0,3288.88888888889,389.973541259766,0,0,0,0,5793.65060763889,0,8787.037109375,666.666687011719,0,2031.24389648438,0,0,0,0,0,0,0,0,1158.73014322917,0,17380.953125,0,0,5793.65060763889,1680.15874565972,2896.82541232639,579.365071614583,0,1448.41265190972,144.841267903646,0,20857.1435546875,0,15142.8541666667,9849.20659722222,0,0,0,0,0,0,0,0,0,0,5214.28515625,0,0,0,0,0,0,0,203.796739366319,0,0,103307.6796875,8671.275390625
"NGA",3,1,"LSMS-ISA2015",2015,3,19,1934,386,0,190151,9,0,933.333312988281,0,1351.85188802083,0,0,0,0,7000,23654.021484375,0,0,2027.77777777778,0,0,0,5407.40771484375,1111.11108398438,0,2754.26049804688,0,0,0,0,0,0,0,0,1158.73014322917,0,0,10428.5716145833,1158.73014322917,6083.33355034722,4055.55555555556,1448.41270616319,1216.6666937934,2317.46028645833,0,1680.15877278646,0,38817.4599609375,0,7066.66623263889,1969.84114583333,2085.71419270833,20857.1440972222,0,0,0,0,0,0,0,0,1931.21701388889,0,0,0,0,2494.83029513889,289.682535807292,0,1828.63916015625,0,0,151128.578125,10405.5302734375
"NGA",3,1,"LSMS-ISA2015",2015,3,19,1934,386,0,190152,5,0,1200,0,3650,0,0,0,0,3608,225.952392578125,0,0,0,0,3128.571484375,0,0,0,0,5382.52001953125,0,0,0,1564.2857421875,10950,0,0,0,4171.428515625,0,0,0,0,0,4171.428515625,0,2398.57143554687,1042.85712890625,0,0,0,7821.428515625,312.857153320312,3634.285546875,3545.7140625,0,0,0,0,0,0,0,0,0,0,0,0,0,0,0,0,0,0,0,0,0,56807.90234375,10405.5302734375
"NGA",3,1,"LSMS-ISA2015",2015,3,19,1934,386,0,190153,6,0,0,0,1216.66666666667,0,0,0,0,3566.66666666667,901.3095703125,0,0,0,0,1738.09521484375,0,0,166.66667175293,0,2153.8447265625,0,0,0,3128.5712890625,7821.42838541667,0,0,0,0,0,0,6083.33333333333,3910.71419270833,0,8082.14290364583,0,3041.66666666667,3910.71419270833,1390.47623697917,0,0,13470.237874349,260.714294433594,3028.5712890625,2954.76171875,0,0,0,0,0,0,0,0,0,0,0,0,0,2708.38846842448,3128.5712890625,0,0,0,0,0,0,72663.5390625,10405.5302734375
"NGA",3,1,"LSMS-ISA2015",2015,3,19,1934,386,0,190154,6,0,0,0,2838.88899739583,0,1216.66666666667,0,0,8066.66666666667,3108.4921875,0,0,2433.33333333333,0,3476.1904296875,0,4055.5556640625,1000,0,6088.90673828125,0,0,0,0,0,13035.71484375,0,0,5214.28580729167,3476.1904296875,0,13904.76171875,8690.47591145833,6778.57161458333,10515.4762369792,1738.09521484375,6083.33325195313,9559.52376302083,2085.71435546875,1042.85717773438,0,21726.1901041667,260.714294433594,3028.5712890625,2954.76171875,3128.5712890625,11732.1432291667,0,0,0,651.78564453125,0,15642.8567708333,0,0,0,0,0,599.87353515625,0,0,0,0,0,0,1013.88885498047,175149.0625,10405.5302734375
"NGA",3,1,"LSMS-ISA2015",2015,3,19,1934,386,0,190155,7,0,0,0,1738.09528459821,0,347.619035993304,0,0,1657.14285714286,1107.27893066406,0,0,0,0,2234.69391741071,0,0,142.857147216797,0,2423.64575195313,0,2234.69391741071,2681.63253348214,0,8938.77566964286,0,0,0,0,0,0,0,2979.591796875,0,5959.18359375,0,3054.08164760045,5214.28571428571,1489.7958984375,0,0,13035.7142159598,223.469395228795,0,0,0,10056.1227678571,0,0,0,0,0,0,0,0,0,3338.07393973214,0,715.10205078125,5363.26506696429,0,0,0,262.024379185268,0,0,75197.1484375,10405.5302734375
"NGA",3,1,"LSMS-ISA2015",2015,3,19,1934,386,0,190156,8,0,750,0,608.333312988281,0,0,0,0,6300,2030.41662597656,304.166656494141,0,2281.25,0,0,0,7604.1669921875,1500,0,4924.78857421875,0,0,0,3324.10717773438,7821.4287109375,3258.92846679688,0,0,977.678588867188,0,0,7821.4287109375,1303.57141113281,0,2216.07147216797,2281.25,1173.21429443359,5214.28564453125,651.785705566406,488.839294433594,0,43995.5353088379,1336.16070556641,4542.85693359375,0,0,0,0,0,0,0,0,0,0,0,0,1520.83337402344,0,315.380187988281,0,0,0,0,0,0,0,114546.4921875,10405.5302734375
"NGA",3,1,"LSMS-ISA2015",2015,3,19,1934,386,0,190157,9,0,0,0,0,0,0,0,0,2155.55555555556,179.629623413086,0,0,0,0,0,675.925944010417,1622.22216796875,0,0,10280.8291015625,0,0,0,0,0,0,2780.95236545139,4171.42838541667,0,0,0,0,2317.46028645833,1390.47623697917,4055.55555555556,0,0,2143.65082465278,463.492078993056,0,0,11876.9842664931,376.587293836806,2019.04752604167,2954.76171875,2085.71419270833,7821.42881944444,0,0,0,0,0,0,0,0,0,0,0,7615.13932291667,0,0,0,0,0,0,270.370361328125,67257.2109375,10405.5302734375
"NGA",3,1,"LSMS-ISA2015",2015,3,19,1934,386,0,190158,9,0,666.666687011719,0,0,0,0,0,0,7266.66666666667,908.465576171875,0,0,1622.22222222222,0,0,337.962972005208,2568.5185546875,1088.88891601563,0,2554.68237304688,0,0,0,0,0,0,1158.73014322917,0,1158.73014322917,0,0,4055.55555555556,2896.82530381944,0,6778.57139756944,869.047634548611,3939.68256293403,0,0,0,0,28504.7618272569,1448.41267903646,14133.3324652778,3939.68229166667,0,7821.42881944444,0,0,0,0,0,0,0,0,0,0,0,0,4171.42838541667,0,0,0,0,0,216.296295166016,98106.5546875,10405.5302734375
"NGA",3,1,"LSMS-ISA2015",2015,3,19,1934,386,0,190159,12,0,100,0,1216.66666666667,0,0,0,0,4550,432.083343505859,0,0,811.111083984375,0,0,0,2737.5,450,0,1927.21435546875,0,0,0,29547.6197916667,0,0,0,0,1303.57145182292,0,0,2607.14290364583,1955.35709635417,0,4041.07141113281,651.785725911458,1520.83333333333,2954.76204427083,0,173.809529622396,0,3693.45235188802,0,0,5170.83333333333,0,11732.1432291667,0,0,0,0,0,0,0,0,0,0,0,0,0,345.677042643229,0,0,596.105509440104,0,304.166656494141,78822.8984375,10405.5302734375
"NGA",3,1,"LSMS-ISA2015",2015,3,19,1934,386,0,190160,11,0,1090.90905761719,0,940.151544744318,0,0,0,0,3690.90909090909,1066.23376464844,0,0,442.424227627841,0,0,0,4424.24267578125,50.9090919494629,0,5116.54736328125,0,0,0,2844.15589488636,5688.31178977273,0,0,0,0,0,0,0,0,0,2844.15580610795,0,2370.1298606179,1659.09090909091,568.831187855114,616.233753551136,0,6399.3505859375,237.01298384233,1651.94797585227,2417.53231534091,0,0,0,0,0,0,0,0,0,0,0,0,0,2201.12926136364,0,0,0,0,0,0,0,46320.21484375,10405.5302734375
"NGA",3,1,"LSMS-ISA2015",2015,3,19,1919,366,0,190161,7,0,0,0,0,0,0,0,0,2085.71428571429,197.142852783203,0,0,0,0,0,0,3476.19018554688,214.285720825195,0,1538.01306152344,0,0,0,0,0,0,0,0,0,0,0,0,0,0,1489.7958984375,0,1713.26534598214,0,0,0,0,22868.3677455357,0,18171.4252232143,8864.28571428571,0,0,0,0,0,0,0,0,0,0,0,0,0,0,0,0,0,0,262.024379185268,0,0,60880.51171875,11561.7001953125
"NGA",3,1,"LSMS-ISA2015",2015,3,19,1919,366,0,190162,7,0,0,0,2085.71428571429,0,0,0,0,4957.14285714286,1395.91833496094,347.619049072266,0,0,0,0,0,347.619049072266,800,0,2267.05639648438,0,0,0,0,10056.1227678571,0,1936.73465401786,0,0,0,0,5959.18359375,2830.61216517857,0,8193.87751116071,0,1862.24490792411,0,2085.71428571429,0,0,9609.18352399554,223.469395228795,5191.83649553571,5065.30580357143,1164.35100446429,0,0,0,0,0,0,0,0,0,0,0,0,1117.34695870536,2541.95382254464,0,0,0,0,0,69.523811340332,70108.5234375,11561.7001953125
"NGA",3,1,"LSMS-ISA2015",2015,3,19,1919,366,0,190163,7,0,0,0,0,0,0,0,0,5742.85714285714,1049.04760742188,0,0,0,0,2234.69391741071,0,6952.38134765625,1142.85717773438,0,3551.18530273438,0,0,0,0,5661.22433035714,0,0,0,1489.7958984375,0,0,3724.48967633929,0,0,6108.16336495536,744.89794921875,0,2681.63253348214,744.89794921875,0,0,36499.9993024554,1527.04080636161,9085.71372767857,0,4022.44893973214,0,0,0,0,0,0,0,0,0,0,0,0,1928.24351283482,0,0,0,0,262.024379185268,0,0,95153.6015625,11561.7001953125
"NGA",3,1,"LSMS-ISA2015",2015,3,19,1919,366,0,190164,7,0,0,0,0,0,0,0,0,785.714285714286,188.775512695313,0,0,0,0,0,0,0,148.571426391602,0,1730.10229492188,0,0,0,0,0,0,0,0,0,2234.69391741071,0,0,0,0,1340.81633649554,0,744.89794921875,0,0,0,0,1191.83677455357,0,12979.5904017857,3798.97935267857,0,0,0,0,0,0,0,0,0,0,0,0,0,3908.12765066964,0,0,0,0,262.024379185268,0,86.9047622680664,29401.03515625,11561.7001953125
"NGA",3,1,"LSMS-ISA2015",2015,3,19,1919,366,0,190165,11,0,0,0,0,0,0,0,0,2836.36363636364,100.357147216797,0,0,0,0,0,0,1437.87878417969,0,0,10372.95703125,0,0,213.845447494045,0,5702.54562193321,0,0,0,0,0,0,0,0,0,2851.2727221882,0,1758.28489406841,3326.48488678624,380.169714039648,0,0,4894.68496828248,142.56364277948,3312.16327306726,0,2559.94710368038,0,0,0,0,0,0,0,0,0,0,0,0,0,0,0,0,0,0,0,0,39889.5234375,11561.7001953125
"NGA",3,1,"LSMS-ISA2015",2015,3,19,1919,366,0,190166,7,0,0,0,869.047642299107,0,0,0,0,3257.14285714286,991.90478515625,0,0,0,0,0,0,0,0,0,2638.23681640625,0,0,0,0,0,0,0,0,0,0,0,0,0,1489.7958984375,6704.08168247768,0,1489.7958984375,2681.63253348214,595.918387276786,0,0,5214.28557477679,223.469395228795,3893.87723214286,2532.65290178571,0,3352.041015625,0,0,0,0,0,0,0,0,0,744.89794921875,0,0,0,0,0,0,0,0,0,36678.78125,11561.7001953125
"NGA",3,1,"LSMS-ISA2015",2015,3,19,1919,366,0,190167,6,0,0,0,0,0,0,0,0,4466.66666666667,1447.69836425781,0,0,0,0,0,0,0,1666.66662597656,0,15888.59765625,0,0,0,0,13904.76171875,0,0,0,0,0,0,13904.76171875,0,0,5475,0,521.428588867188,3302.380859375,869.047607421875,434.523803710938,0,18249.9997558594,1607.73807779948,6057.142578125,2954.76171875,4692.85709635417,0,0,0,0,0,0,0,0,0,0,0,0,0,0,0,0,0,0,0,0,95444.03125,11561.7001953125
"NGA",3,1,"LSMS-ISA2015",2015,3,19,1919,366,0,190168,6,0,0,0,2027.77783203125,0,0,0,0,4433.33333333333,1701.3095703125,0,0,2027.77783203125,0,0,0,0,666.666687011719,0,2827.58666992188,0,0,0,3128.5712890625,6952.380859375,0,3910.71419270833,0,0,0,0,6083.33333333333,0,0,7126.19059244792,0,1738.09525553385,3302.380859375,1390.47623697917,0,0,14773.8094075521,521.428588867188,4542.85677083333,4432.142578125,0,0,0,0,0,0,0,0,0,0,0,3476.1904296875,0,2337.96875,0,1382.70817057292,0,0,0,0,0,78783.7109375,11561.7001953125
"NGA",3,1,"LSMS-ISA2015",2015,3,19,1919,366,0,190169,12,0,0,0,0,0,0,0,0,1580,53.5912742614746,0,0,0,0,0,0,0,0,0,2552.28247070313,0,0,195.535705566406,0,6083.33333333333,0,0,0,0,0,0,0,0,0,2607.14282226563,1303.57145182292,1911.90474446615,0,521.428588867188,0,0,4562.5,217.261901855469,1514.28564453125,0,3901.26822916667,0,0,0,0,0,0,0,0,0,0,0,0,0,3128.5712890625,0,0,0,0,0,0,30132.677734375,11561.7001953125
"NGA",3,1,"LSMS-ISA2015",2015,3,19,1919,366,0,190170,9,0,0,0,0,0,0,0,0,6288.88888888889,1315.92590332031,270.370361328125,0,1351.85188802083,0,2896.82530381944,270.370361328125,2703.70385742188,444.444458007813,0,11409.63671875,0,0,0,0,6604.76171875,0,0,0,1448.41267903646,1158.73014322917,0,4634.92057291667,1448.41265190972,0,3360.31751844618,579.365071614583,1216.66666666667,1100.79361979167,0,347.619059244792,0,175373.80327691,898.015855577257,5047.61848958333,0,5214.28559027778,0,0,0,0,0,0,0,0,0,0,0,0,0,0,691.354112413194,0,0,0,0,0,236077.109375,11561.7001953125
"NGA",3,1,"LSMS-ISA2015",2015,3,19,1928,526,0,190171,6,0,1000,0,2433.33333333333,0,0,0,0,5133.33333333333,210.793655395508,0,0,0,0,0,0,6083.33349609375,133.33332824707,0,2869.5986328125,0,0,0,0,13904.76171875,0,0,0,0,0,0,0,0,0,5214.28564453125,0,3041.66670735677,3476.1904296875,1042.85717773438,0,0,4779.76188151042,260.714294433594,6057.142578125,4432.142578125,3121.01432291667,0,0,0,0,0,0,0,0,0,0,0,0,0,0,0,0,0,0,0,0,63194.25,9056.6650390625
"NGA",3,1,"LSMS-ISA2015",2015,3,19,1928,526,0,190172,14,0,857.142883300781,0,2780.95228794643,0,0,0,0,2957.14285714286,37.2448997497559,0,0,434.523821149554,0,0,695.238071986607,6952.38134765625,85.7142868041992,0,4979.96240234375,0,0,0,2793.36746651786,10428.5714285714,0,0,0,0,744.89794921875,0,2234.69391741071,0,0,2979.59186662946,0,1489.7958984375,3910.71428571429,0,0,0,7821.42857142857,223.469395228795,6489.79520089286,0,0,0,0,0,0,0,0,0,0,0,0,0,0,0,0,0,0,0,0,0,0,58896.6328125,9056.6650390625
"NGA",3,1,"LSMS-ISA2015",2015,3,19,1928,526,0,190173,8,0,0,0,456.25,0,0,0,0,5500,645.59521484375,0,0,1520.83337402344,0,1303.57141113281,0,1520.83337402344,500,0,3107.287109375,0,0,0,3882.5520448659,3045.13878828858,0,0,0,0,0,0,0,2283.85416386521,0,4110.93740659202,761.284697072146,1598.6979347455,0,0,380.642348536073,0,19032.117278539,761.284712330935,5306.04989994509,1294.18392196148,0,0,0,0,0,0,891.781296454217,0,0,0,0,0,0,0,0,0,0,0,0,0,0,57902.890625,9056.6650390625
"NGA",3,1,"LSMS-ISA2015",2015,3,19,1928,526,0,190174,6,0,1000,0,811.111083984375,0,0,0,0,11733.3333333333,1327.46032714844,0,0,3041.66666666667,0,2607.14290364583,0,7300,333.333343505859,0,14213.0166015625,0,0,0,0,5475,0,0,0,1738.09521484375,869.047607421875,0,3476.1904296875,0,0,6430.95247395833,1303.57145182292,1477.38094075521,0,434.523803710938,521.428588867188,0,48666.6661783854,1129.76190185547,3028.5712890625,1477.380859375,4692.85709635417,0,0,0,0,0,0,0,0,0,0,0,0,0,2062.98518880208,0,0,0,0,0,0,125151.484375,9056.6650390625
"NGA",3,1,"LSMS-ISA2015",2015,3,19,1928,526,0,190175,8,0,750,0,760.416687011719,0,0,0,0,5875,1331.39880371094,0,0,0,0,1303.57141113281,304.166656494141,4562.5,500,0,2504.0673828125,0,0,0,1173.21423339844,8799.107421875,0,0,0,0,0,0,1955.35717773438,0,0,3910.71429443359,977.678558349609,847.321441650391,1303.57141113281,325.892852783203,325.892852783203,0,28678.5714111328,586.607162475586,6814.28515625,0,0,0,0,0,0,0,0,5866.0712890625,0,0,0,0,0,650.29719543457,0,0,0,0,0,0,0,80105.703125,9056.6650390625
"NGA",3,1,"LSMS-ISA2015",2015,3,19,1928,526,0,190176,8,0,0,0,1520.83337402344,0,0,0,0,2325,630.386901855469,0,0,0,0,0,0,0,0,0,1613.95910644531,0,0,0,0,5866.0712890625,0,0,0,0,0,0,0,0,0,4823.21438598633,0,977.678558349609,4562.5,782.142883300781,0,0,6517.85723876953,195.535720825195,3407.142578125,1141.58605957031,3519.64282226563,0,0,0,0,0,0,0,0,0,0,0,0,2675.82556152344,0,0,0,0,0,0,0,40559.375,9056.6650390625
"NGA",3,1,"LSMS-ISA2015",2015,3,19,1928,526,0,190177,3,0,2000,0,2433.33333333333,0,0,0,0,4333.33333333333,628.809509277344,0,0,0,0,0,0,0,866.666687011719,0,5289.79833984375,0,0,0,3128.5712890625,0,0,0,0,0,0,0,0,0,0,7647.619140625,0,2607.14282226563,6083.33333333333,1390.47623697917,0,0,18076.1904296875,347.619059244792,6057.142578125,2954.76171875,0,7821.42903645833,0,0,0,0,5193.2294921875,0,0,0,0,2525.66959635417,0,9181.07137044271,0,0,0,0,0,0,0,88566.1953125,9056.6650390625
"NGA",3,1,"LSMS-ISA2015",2015,3,19,1928,0,0,190178,3,0,2000,0,0,0,608.333333333333,0,0,2893.33333333333,833.333312988281,0,0,3041.66666666667,0,0,0,8516.6669921875,1600,0,6293.61669921875,0,0,0,0,7300,0,0,0,0,0,0,0,0,0,10602.3807779948,0,0,0,0,0,0,15295.2381184896,0,9085.71354166667,5909.5234375,0,0,0,0,0,0,0,0,0,0,0,0,0,10319.8294270833,0,0,0,0,6735.11979166667,0,0,91034.7578125,9056.6650390625
"NGA",3,1,"LSMS-ISA2015",2015,3,19,1928,526,0,190179,6,0,1000,0,1216.66666666667,0,0,0,0,3900,240.515869140625,0,0,0,0,0,405.555541992188,1216.66662597656,0,0,1794.3486328125,0,0,3128.5712890625,0,7821.42838541667,0,0,0,0,1738.09521484375,0,0,3476.1904296875,0,7821.4287109375,0,0,3476.1904296875,1042.85717773438,0,0,14339.2854817708,260.714294433594,4542.85677083333,0,4692.85709635417,0,0,0,0,0,0,0,0,0,0,0,0,2752.68684895833,0,0,0,0,0,0,0,64866.9140625,9056.6650390625
"NGA",3,1,"LSMS-ISA2015",2015,3,19,1928,526,0,190180,9,0,666.666687011719,0,0,0,0,0,0,1888.88888888889,122.301597595215,0,0,0,0,0,0,0,411.111114501953,0,2227.89770507813,0,0,0,0,0,0,0,0,0,0,0,0,0,0,2665.07934570313,0,405.555555555556,0,0,231.746039496528,0,14773.8093532986,115.873019748264,10095.2369791667,2954.76171875,0,0,0,0,0,0,0,0,0,0,0,0,0,563.790690104167,0,460.902723524306,0,0,0,0,0,37583.62109375,9056.6650390625
"NGA",3,1,"LSMS-ISA2015",2015,3,19,1932,562,0,190181,11,0,1090.90905761719,0,663.636363636364,0,0,0,0,6872.72727272727,2195.1298828125,0,0,1659.09090909091,0,0,0,2765.1513671875,1163.63635253906,0,4338.826171875,0,0,0,0,7584.41548295455,0,0,0,1896.10387073864,0,0,0,1422.07794744318,1279.8701171875,3412.98699396307,0,2607.14284446023,3318.18181818182,0,0,0,11992.856977983,0,0,2417.53231534091,11945.4545454545,0,0,0,0,0,0,0,0,0,0,0,0,1538.93838778409,0,377.102228338068,0,0,1518.55047052557,0,442.424224853516,72502.734375,6551.63037109375
"NGA",3,1,"LSMS-ISA2015",2015,3,19,1932,562,0,190182,3,0,0,0,3244.4443359375,0,0,0,0,2866.66666666667,1047.69836425781,0,0,0,0,0,0,0,0,0,5655.17333984375,0,5561.90494791667,3128.5712890625,0,0,0,0,0,2607.14290364583,0,0,0,3476.1904296875,0,7821.4287109375,0,869.047607421875,6083.33333333333,2085.71435546875,0,0,11297.6189778646,521.428588867188,0,0,0,15642.8580729167,0,6851.47591145833,0,0,0,0,0,0,0,0,0,15667.3997395833,0,0,0,0,0,0,405.555541992188,94833.6484375,6551.63037109375
"NGA",3,1,"LSMS-ISA2015",2015,3,19,1932,562,0,190183,10,0,600,0,1946.6666015625,0,0,0,0,2020,183.809524536133,0,0,608.333349609375,0,1564.2857421875,0,4866.6669921875,100,0,8222.98046875,0,0,0,834.2857421875,10428.57109375,0,0,0,4692.85703125,521.428564453125,0,3650,0,3650,4171.428515625,0,1460,4171.428515625,417.14287109375,3389.285546875,0,3650,521.428564453125,2725.7140625,2659.285546875,0,0,0,0,0,0,0,0,0,0,0,0,0,0,0,0,0,0,0,0,0,67055.6015625,6551.63037109375
"NGA",3,1,"LSMS-ISA2015",2015,3,19,1932,562,0,190184,6,0,0,0,811.111083984375,0,0,0,0,4566.66666666667,1566.66662597656,0,0,0,0,1738.09521484375,0,4055.5556640625,1000,0,6566.384765625,0,0,0,0,6952.380859375,0,0,0,0,0,0,4345.23795572917,0,0,3041.66670735677,1738.09521484375,695.238118489583,3302.380859375,0,0,0,23029.7614746094,1216.66666666667,7571.427734375,0,4692.85709635417,0,0,0,0,0,0,0,0,0,0,1738.09521484375,0,965.181193033854,0,0,0,0,0,0,0,79593.4609375,6551.63037109375
"NGA",3,1,"LSMS-ISA2015",2015,3,19,1932,562,0,190185,6,0,1000,0,4866.66666666667,0,0,0,0,2700,289.682525634766,0,0,0,0,0,0,0,733.333312988281,0,2869.5986328125,0,0,1303.57145182292,0,10428.5716145833,0,0,0,4345.23795572917,869.047607421875,0,0,6952.380859375,0,2607.14282226563,0,2172.61901855469,3476.1904296875,1390.47623697917,0,0,6952.380859375,260.714294433594,4542.85677083333,0,1560.50716145833,0,0,0,0,0,0,0,0,0,0,0,0,4035.40364583333,0,0,0,0,0,0,0,63356.37890625,6551.63037109375
"NGA",3,1,"LSMS-ISA2015",2015,3,19,1932,562,0,190186,6,0,0,0,3244.4443359375,0,811.111083984375,0,0,10366.6666666667,960.793640136719,0,0,2433.33333333333,0,0,0,4055.5556640625,1000,0,4131.390625,0,0,3128.5712890625,3128.5712890625,0,0,0,0,5214.28580729167,0,0,6952.380859375,0,2172.61897786458,9559.52376302083,0,4345.23811848958,3041.66666666667,2085.71435546875,1042.85717773438,0,32154.7611490885,434.523803710938,3028.5712890625,0,0,11732.1432291667,0,0,0,0,0,0,0,0,0,3894.41959635417,0,4765.74544270833,0,0,0,0,0,0,1115.27783203125,124800.1640625,6551.63037109375
"NGA",3,1,"LSMS-ISA2015",2015,3,19,1932,562,0,190187,8,0,750,0,0,0,0,0,0,3450,1183.33325195313,0,0,1140.625,0,0,0,608.333312988281,400,0,5512.76171875,0,0,0,3910.71435546875,5214.28564453125,0,0,0,0,0,0,0,0,0,6191.96423339844,0,1629.46432495117,0,0,0,0,4692.85717773438,0,3407.142578125,2216.0712890625,0,0,0,0,0,0,0,0,0,0,0,0,0,0,0,0,0,0,229.271331787109,0,0,40536.8203125,6551.63037109375
"NGA",3,1,"LSMS-ISA2015",2015,3,19,1932,562,0,190188,11,0,545.454528808594,0,553.030317826705,0,0,0,0,6509.09090909091,1818.83117675781,0,0,663.636363636364,0,2370.12979403409,0,0,909.090881347656,0,3581.66430664063,0,0,1611.68838778409,0,8011.03888494318,2844.15589488636,0,0,2133.11683238636,0,0,4740.25958806818,142.207796963778,0,0,379.220791903409,711.038973721591,1801.29865056818,758.441583806818,355.519486860795,0,26071.4283114347,474.02597878196,3303.89595170455,0,2559.740234375,0,0,0,0,0,0,0,0,0,0,1769.69691051136,0,635.779829545455,0,0,0,0,0,0,0,75253.4765625,6551.63037109375
"NGA",3,1,"LSMS-ISA2015",2015,3,19,1932,562,0,190189,6,0,1000,0,4055.5556640625,0,0,0,0,5000,249.126998901367,0,0,1013.88891601563,0,0,0,0,2214.44458007813,0,9380.3369140625,0,0,3910.71419270833,0,0,0,0,0,0,0,0,7821.42838541667,0,0,5214.28564453125,0,3041.66666666667,6952.380859375,1738.09521484375,1129.76188151042,0,9559.52376302083,434.523803710938,4542.85677083333,0,0,15642.8580729167,0,0,0,0,0,0,0,0,0,0,0,0,0,0,0,0,0,0,0,82901.453125,6551.63037109375
"NGA",3,1,"LSMS-ISA2015",2015,3,19,1932,562,0,190190,7,0,0,0,2259.52385602679,0,0,0,0,2685.71428571429,526.5986328125,0,0,0,0,0,0,0,314.285705566406,0,3520.46313476563,0,0,2681.63253348214,0,6406.12220982143,0,0,0,0,0,0,0,0,0,7076.53041294643,0,1117.34692382813,0,0,0,0,5959.18359375,223.469395228795,2595.91824776786,2532.65290178571,0,6704.08203125,0,0,0,0,0,0,0,0,0,1669.03696986607,0,2939.54338727679,9203.77008928571,0,0,0,262.024379185268,0,0,58677.8984375,6551.63037109375
"NGA",3,1,"LSMS-ISA2015",2015,3,19,1923,0,0,190191,3,0,2800,0,608.333333333333,0,0,0,0,7266.66666666667,2600,0,0,4055.5556640625,0,3476.1904296875,0,4055.5556640625,1000,0,8885.931640625,0,6778.57161458333,0,8864.28580729167,13904.76171875,0,0,5214.28580729167,2433.33333333333,0,0,8690.47591145833,0,0,5214.28564453125,1738.09521484375,3823.8095703125,0,695.238118489583,0,0,64309.5242513021,1216.66666666667,0,0,0,0,0,0,0,0,0,15642.8567708333,0,0,0,0,0,0,0,0,0,0,365,0,0,173639.4375,7129.71533203125
"NGA",3,1,"LSMS-ISA2015",2015,3,19,1923,284,0,190192,13,0,923.076904296875,0,1123.07692307692,0,0,0,0,5461.53846153846,330.256378173828,0,0,1123.07692307692,0,0,0,3275.64086914063,1138.46154785156,0,2050.599609375,0,0,0,0,0,0,0,0,1609.30933587913,0,0,0,1810.47298434608,804.654667939567,2735.82596197748,0,1408.14568793639,4224.43706380917,0,120.698205877369,0,9052.36507249497,241.396411754739,0,2735.8257355685,10138.6489535614,6696.73460400698,0,0,0,0,0,0,0,0,0,0,0,0,0,1732.48003832624,0,0,2774.38246439762,0,187.179473876953,61698.2890625,7129.71533203125
"NGA",3,1,"LSMS-ISA2015",2015,3,19,1923,284,0,190193,5,0,5214.28564453125,0,4866.666796875,0,0,0,0,4760,11039.2861328125,0,0,3650,0,0,0,4380,440,0,7665.4755859375,0,3128.571484375,1564.2857421875,0,12514.2859375,0,0,0,3128.571484375,0,0,5214.285546875,0,1251.42861328125,5422.85712890625,0,1981.42856445313,4171.428515625,834.2857421875,1355.7142578125,0,29200,312.857153320312,0,0,3745.2171875,0,0,0,0,0,0,0,0,0,0,0,0,0,0,0,0,0,0,0,0,115840.9375,7129.71533203125
"NGA",3,1,"LSMS-ISA2015",2015,3,19,1923,284,0,190194,7,0,1714.28576660156,0,1738.09528459821,0,0,0,0,3571.42857142857,571.530639648438,0,0,1390.47614397321,0,0,0,3650,2000,0,3808.25634765625,0,0,0,0,0,2979.591796875,0,0,744.89794921875,0,0,4469.38783482143,0,0,7225.51004464286,0,1117.34692382813,0,0,1042.85714285714,0,14525.5100446429,0,10383.6729910714,3798.97935267857,0,10056.1227678571,0,0,0,0,0,0,0,0,0,0,0,2851.43736049107,0,0,0,0,1193.14679827009,0,0,78832.53125,7129.71533203125
"NGA",3,1,"LSMS-ISA2015",2015,3,19,1923,284,0,190195,8,0,0,0,3041.66674804688,0,912.5,0,0,6500,2411.755859375,0,0,5322.91650390625,0,2607.14282226563,304.166656494141,6083.33349609375,650,0,6572.86572265625,0,0,0,0,16294.642578125,0,0,0,5214.28564453125,0,10428.5712890625,5540.1787109375,5540.1787109375,5083.9287109375,9124.99975585938,3258.92846679688,15316.9641113281,0,1825,1433.92858886719,0,39433.0361328125,325.892852783203,7949.99951171875,4432.142578125,4692.85693359375,0,0,0,0,0,0,0,0,0,0,0,0,1387.17004394531,7039.28515625,0,0,0,0,0,1064.58325195313,179792.921875,7129.71533203125
"NGA",3,1,"LSMS-ISA2015",2015,3,19,1923,284,0,190196,8,0,1050,0,0,1216.66662597656,0,0,0,10137.5,1845.5654296875,0,0,1520.83337402344,0,1955.35717773438,0,2281.25,3000,0,7106.86767578125,0,0,2216.07153320313,0,5214.28564453125,0,0,0,651.785705566406,0,0,4562.5,0,1303.57141113281,2607.14282226563,651.785705566406,651.785705566406,2476.78564453125,651.785705566406,1890.17861938477,0,32915.178314209,521.428588867188,0,0,4692.85693359375,0,0,0,0,0,0,0,0,0,0,0,0,888.896423339844,0,0,0,0,0,0,0,92010.078125,7129.71533203125
"NGA",3,1,"LSMS-ISA2015",2015,3,19,1923,284,0,190197,11,0,763.636352539063,0,884.848455255682,0,0,0,0,8363.63636363636,1725.60595703125,0,0,2765.15145596591,0,4740.25958806818,0,5530.30322265625,3666.6669921875,0,5168.630859375,0,0,4266.23366477273,0,18961.0383522727,0,0,1659.09090909091,2085.71426669034,0,2370.12979403409,6162.33735795455,0,10428.5713778409,3318.18181818182,1896.10391512784,1185.06494140625,5688.31178977273,2844.15589488636,3934.41552734375,0,54038.9615589489,1564.28568892045,0,0,2553.55735085227,5260.10511363636,0,0,0,0,0,0,0,0,0,0,0,622.336647727273,0,0,0,0,0,0,331.818176269531,162779.15625,7129.71533203125
"NGA",3,1,"LSMS-ISA2015",2015,3,19,1923,284,0,190198,8,0,1500,0,1064.58337402344,0,0,0,0,3750,514.166687011719,0,0,1825,0,0,0,608.333312988281,800,0,2214.08862304688,0,0,0,0,5214.28564453125,0,0,0,1303.57141113281,0,0,0,2607.14282226563,651.785705566406,4692.85711669922,651.785705566406,4236.60708618164,2281.25,391.071441650391,260.714294433594,0,9776.78558349609,0,0,0,8212.5,0,0,0,0,0,0,0,0,0,0,0,0,0,0,0,0,0,483.156608581543,0,228.125,53267.8125,7129.71533203125
"NGA",3,1,"LSMS-ISA2015",2015,3,19,1923,284,0,190199,9,0,2896.8251953125,0,946.296332465278,0,0,0,0,1911.11111111111,171.428573608398,0,0,0,0,0,0,4731.48193359375,22.2222213745117,0,2780.39282226563,0,0,1962.04239719786,0,10464.2257078016,0,0,0,3924.08479439573,0,0,0,0,0,4578.0987547404,0,1373.42965482168,2616.0564269504,0,0,0,1308.0282134752,327.0070533688,5697.98541617425,0,2348.76362145508,0,0,0,0,0,0,0,0,0,0,0,0,0,0,1040.57665832511,0,0,0,0,0,49100.05859375,7129.71533203125
"NGA",3,1,"LSMS-ISA2015",2015,3,19,1923,284,0,190200,6,0,0,0,3041.66666666667,0,405.555541992188,0,0,5466.66666666667,1654.88098144531,0,0,0,0,0,0,1825,433.333343505859,0,2827.58666992188,0,0,1564.28564453125,0,7821.42838541667,0,3910.71419270833,0,2607.14290364583,0,0,3476.1904296875,0,0,7126.19059244792,1738.09521484375,3041.66666666667,6083.33333333333,1738.09521484375,0,0,20422.619140625,260.714294433594,0,2954.76171875,4692.85709635417,0,0,0,0,0,0,0,0,0,0,1947.20979817708,0,0,0,0,0,0,0,0,0,85040,7129.71533203125
"NGA",3,1,"LSMS-ISA2015",2015,3,20,2021,3300,1,200001,7,10428.5712890625,1714.28576660156,0,2085.71428571429,2607.14285714286,0,0,0,1771.42857142857,3625.17016601563,0,0,0,0,0,0,13035.7138671875,0,0,2048.57006835938,0,0,1272.42182592259,0,1197.57346677686,0,0,0,2469.99524038361,2993.93352662782,0,5239.38374081621,0,598.786733388432,3368.17518177365,1496.96676331391,6736.35054008123,2619.6918704081,1796.36019989683,0,0,0,299.393366694216,0,0,0,0,0,0,0,0,0,0,0,0,0,0,0,0,0,0,0,0,0,0,0,67405.6328125,3231.93041992188
"NGA",3,1,"LSMS-ISA2015",2015,3,20,2021,3300,1,200002,3,0,5600,0,1013.88891601563,0,811.111083984375,4055.5556640625,0,2900,580.952392578125,0,0,0,0,0,0,3244.44458007813,1333.33337402344,0,6294.03662109375,0,2780.95247395833,2780.95247395833,5214.28580729167,8690.47591145833,0,0,0,0,0,0,0,2607.14290364583,3476.1904296875,6604.76171875,0,6430.95235188802,2085.71435546875,2085.71435546875,0,0,23464.2859700521,869.047607421875,0,0,0,0,0,0,0,0,0,0,0,0,0,0,0,0,0,0,0,0,0,0,0,92923.8046875,3231.93041992188
"NGA",3,1,"LSMS-ISA2015",2015,3,20,2021,3300,1,200003,6,304.166656494141,4000,0,912.5,0,0,0,0,2833.33333333333,443.293609619141,0,0,1723.61116536458,0,0,0,9125,1847.22229003906,0,2120.16137695313,0,0,1390.47623697917,2954.76204427083,13904.76171875,0,0,0,1042.85717773438,0,0,6517.857421875,0,695.238118489583,3693.45247395833,1042.85717773438,4171.42862955729,869.047607421875,869.047607421875,869.047607421875,0,17380.9519042969,434.523803710938,0,0,0,0,0,0,0,0,0,0,0,0,0,0,0,0,0,0,0,0,0,0,506.944458007813,79652.5390625,3231.93041992188
"NGA",3,1,"LSMS-ISA2015",2015,3,20,2021,3300,1,200004,12,0,0,0,1723.61116536458,0,0,0,0,4858.33333333333,165.515884399414,0,0,2027.77783203125,0,6517.857421875,0,6083.33349609375,0,0,7824.45361328125,0,3041.66666666667,3910.71419270833,2824.40462239583,2085.71435546875,0,0,0,0,651.785725911458,0,0,0,716.964274088542,1911.90478515625,0,782.142862955729,0,521.428588867188,0,0,2650.5952351888,152.083333333333,0,0,0,0,0,0,0,0,0,0,0,0,0,0,0,0,0,0,0,0,0,0,0,48450.28515625,3231.93041992188
"NGA",3,1,"LSMS-ISA2015",2015,3,20,2021,3300,1,200005,6,0,7000,0,0,0,1723.61116536458,0,0,18833.3333333333,3709.92065429688,7097.22216796875,0,14194.4440104167,0,0,0,14802.77734375,10138.888671875,0,23503.46875,0,0,1390.47623697917,1564.28564453125,19119.0481770833,0,0,0,2607.14290364583,2607.14290364583,0,13035.71484375,21726.1901041667,7473.80932617188,7213.09505208333,2172.61897786458,5648.80944824219,2607.14290364583,2694.04756673177,11732.1430664063,0,37369.0465494792,521.428588867188,0,0,0,0,0,0,0,0,0,0,0,0,0,0,0,0,0,0,0,0,0,0,0,240485.78125,3231.93041992188
"NGA",3,1,"LSMS-ISA2015",2015,3,20,2021,3300,1,200006,5,1216.66674804688,7200,0,3650,0,973.33330078125,0,0,6120,417.142883300781,0,0,4866.666796875,0,0,0,4866.6669921875,0,0,5201.6552734375,0,6778.57109375,0,5005.714453125,11471.42890625,0,0,0,1460,3650,0,0,0,4692.85703125,8134.285546875,1564.2857421875,7508.57138671875,3650,2607.1427734375,0,0,7925.71416015625,1042.85712890625,0,1251.42861328125,0,0,0,0,0,0,0,0,0,0,0,0,0,0,0,0,0,0,0,0,0,101254.9765625,3231.93041992188
"NGA",3,1,"LSMS-ISA2015",2015,3,20,2021,3300,1,200007,9,0,2666.66674804688,0,2027.77777777778,0,0,0,67.5925903320313,8111.11111111111,1182.53967285156,0,0,0,0,0,337.962972005208,2298.14819335938,0,0,8678.6044921875,0,0,0,2780.95247395833,2607.14279513889,0,0,0,869.047634548611,2317.46028645833,7242.06336805556,0,0,608.333333333333,17380.9523654514,0,5214.28569878472,4055.55555555556,2896.82530381944,1738.09526909722,0,3592.06342230903,347.619059244792,0,0,0,0,0,0,0,0,0,0,0,0,0,0,0,0,0,0,0,0,0,0,0,77020.7890625,3231.93041992188
"NGA",3,1,"LSMS-ISA2015",2015,3,20,2021,3300,1,200008,10,1216.66674804688,2400,0,608.333349609375,0,608.333349609375,0,0,5500,2252.54760742188,0,0,1825,0,0,0,1216.66674804688,1216.66674804688,0,3925.20825195313,0,0,2785.05565883771,6498.46338775863,15472.5316141189,1856.7038443621,0,0,0,0,0,10521.3213855037,0,3713.40768872419,2599.38534706411,0,5570.11141533167,3713.40768872419,3094.50624356455,0,0,12378.0249742582,309.450634263859,0,0,0,0,0,0,0,0,0,0,0,0,0,0,0,0,0,0,0,0,0,0,121.666664123535,89403.453125,3231.93041992188
"NGA",3,1,"LSMS-ISA2015",2015,3,20,2021,3300,1,200009,10,2433.33349609375,2400,0,3650,0,121.666662597656,0,0,6100,1428.8095703125,0,0,6083.333203125,0,0,18250,1216.66674804688,3433.33349609375,0,5536.8193359375,0,1564.2857421875,0,5475,13035.7140625,0,0,0,0,2607.1427734375,0,40671.4296875,12514.2859375,0,2450.7142578125,0,625.714282226563,2607.1427734375,1303.57138671875,0,0,6257.14296875,625.714306640625,0,0,0,0,0,0,0,0,9780.665625,0,0,0,0,0,0,0,0,0,0,0,0,0,304.166687011719,150476.640625,3231.93041992188
"NGA",3,1,"LSMS-ISA2015",2015,3,20,2021,3300,1,200010,9,8111.111328125,666.666687011719,0,405.555555555556,0,811.111111111111,0,0,4688.88888888889,8169.0478515625,0,0,0,0,0,0,675.925964355469,2222.22216796875,0,4346.8544921875,0,0,0,6083.33333333333,20277.7777777778,0,0,0,0,0,4634.92057291667,11587.3012152778,0,0,3476.19037543403,0,2896.82535807292,3476.19053819444,1448.41265190972,0,0,0,463.492078993056,0,0,0,0,0,0,0,0,0,0,0,0,0,0,0,0,0,0,0,0,0,0,0,84441.8203125,3231.93041992188
"NGA",3,1,"LSMS-ISA2015",2015,3,20,2018,1134,0,200011,5,0,0,0,0,0,243.333325195313,0,0,3520,52.1428604125977,0,0,0,0,0,0,0,800,0,3838.951171875,0,0,0,7821.42890625,5214.285546875,0,1251.42861328125,0,0,0,0,9385.7140625,0,2085.7142578125,2085.7142578125,1042.85712890625,4171.428515625,0,1042.85712890625,0,0,0,521.428564453125,7300.00078125,6257.14296875,0,0,0,0,0,0,0,0,0,0,0,0,0,0,7739.140625,0,0,0,0,0,73,64446.5703125,2747.14086914063
"NGA",3,1,"LSMS-ISA2015",2015,3,20,2018,1134,0,200012,8,0,0,0,0,0,76.0416641235352,0,0,3300,80.1785736083984,0,0,0,0,0,0,0,0,0,4911.02294921875,0,0,0,0,0,0,0,0,0,0,0,5214.28564453125,0,0,651.785705566406,651.785705566406,2607.14288330078,0,1629.46423339844,0,0,0,325.892852783203,4562.50048828125,3128.57153320313,1372.50769042969,0,0,0,0,0,0,0,0,0,2346.42846679688,0,0,0,3224.64208984375,0,0,0,0,0,0,34082.25,2747.14086914063
"NGA",3,1,"LSMS-ISA2015",2015,3,20,2018,1134,0,200013,3,8111.111328125,0,0,0,0,0,0,0,3133.33333333333,454.841278076172,0,0,0,0,0,0,13788.8896484375,0,0,11825.7890625,0,0,0,0,0,0,0,0,0,0,0,12166.6666666667,0,0,0,0,6257.14290364583,4866.66666666667,0,0,0,14947.619140625,347.619059244792,5214.2861328125,6257.142578125,0,0,0,0,0,0,0,0,0,0,6952.380859375,12911.5638020833,0,0,0,0,0,0,0,0,0,107235.0546875,2747.14086914063
"NGA",3,1,"LSMS-ISA2015",2015,3,20,2018,1134,0,200014,3,0,0,0,0,0,0,0,0,3333.33333333333,214.365097045898,0,0,0,0,0,0,0,0,0,8286.0986328125,0,0,11471.4283854167,0,6083.33333333333,0,0,0,0,0,0,3476.1904296875,0,0,3997.619140625,0,2607.14282226563,2085.71435546875,0,0,0,6604.76188151042,521.428588867188,5214.2861328125,0,0,0,0,0,0,0,0,0,0,0,6952.380859375,0,0,0,0,0,0,0,0,0,0,60848.078125,2747.14086914063
"NGA",3,1,"LSMS-ISA2015",2015,3,20,2018,1134,0,200015,7,0,0,0,0,0,0,0,0,1608.57142857143,126.632652282715,0,0,0,0,0,0,0,0,0,2638.23681640625,0,0,0,0,0,0,0,0,0,0,0,0,0,0,615.293041692446,0,1230.58608338489,0,0,0,0,246.117225642687,492.234451285374,2461.17238588921,7383.51687864976,0,0,0,0,0,0,0,0,0,0,1107.52745810059,0,0,0,0,0,0,0,0,0,434.523834228516,18344.412109375,2747.14086914063
"NGA",3,1,"LSMS-ISA2015",2015,3,20,2018,1134,0,200016,8,0,0,0,0,0,0,0,0,1195,130.357147216797,0,0,0,0,0,0,0,0,0,1337.37487792969,0,0,0,0,0,0,0,0,0,0,0,0,0,0,782.142883300781,0,586.607147216797,0,0,0,0,1303.57144165039,325.892852783203,1303.57153320313,2346.42846679688,0,0,0,2607.142578125,0,0,0,0,0,0,0,0,0,0,806.160522460938,0,0,0,0,0,0,12724.25,2747.14086914063
"NGA",3,1,"LSMS-ISA2015",2015,3,20,2018,1134,0,200017,4,0,0,0,0,0,0,0,0,3250,130.357147216797,0,0,0,0,0,0,0,0,0,3508.4931640625,0,1825,2085.71435546875,0,0,0,1955.35717773438,0,0,0,0,0,0,0,6126.78588867188,0,1955.35717773438,4562.5,0,0,0,3258.92858886719,260.714294433594,0,0,0,0,0,0,0,0,0,0,0,0,0,1738.09521484375,0,0,0,0,0,0,0,0,0,30657.3046875,2747.14086914063
"NGA",3,1,"LSMS-ISA2015",2015,3,20,2018,1134,0,200018,10,0,0,0,0,0,60.8333312988281,0,0,2240,100.642860412598,0,0,0,0,0,0,0,0,0,1919.4755859375,0,0,0,3910.714453125,0,0,1564.2857421875,0,0,0,0,4171.428515625,0,1564.2857421875,1042.85712890625,521.428564453125,1825,0,0,0,0,0,417.14287109375,4171.42890625,4380.000390625,0,0,0,0,0,0,0,0,0,0,0,2297.5447265625,0,0,0,0,0,0,0,0,121.666664123535,30308.736328125,2747.14086914063
"NGA",3,1,"LSMS-ISA2015",2015,3,20,2018,1134,0,200019,4,0,0,0,0,0,304.166656494141,0,0,2250,130.357147216797,0,0,0,0,0,0,0,0,0,4798.68896484375,0,0,0,5866.0712890625,0,0,0,0,0,0,0,11080.357421875,0,0,7169.64270019531,0,3258.92858886719,0,651.785705566406,651.785705566406,0,0,651.785705566406,9125.0009765625,7821.4287109375,0,0,0,0,0,0,0,0,0,0,0,0,0,0,6449.2841796875,0,0,0,0,0,152.08332824707,60361.36328125,2747.14086914063
"NGA",3,1,"LSMS-ISA2015",2015,3,20,2018,1134,0,200020,3,0,0,0,0,0,0,0,0,5466.66666666667,354.920654296875,0,0,0,0,0,0,4866.66650390625,0,0,9420.3779296875,0,17207.1432291667,0,0,0,0,0,0,0,0,0,11297.6184895833,0,0,2433.33333333333,0,6778.57145182292,0,0,0,0,5735.71427408854,1042.85717773438,0,8342.857421875,0,0,0,0,0,0,0,0,0,0,4634.92057291667,0,0,0,0,0,0,0,0,0,0,77581.6484375,2747.14086914063
"NGA",3,1,"LSMS-ISA2015",2015,3,20,2005,970,0,200021,5,0,0,0,0,0,0,0,0,2200,710.952331542969,0,0,0,0,0,0,0,0,0,12107.35546875,0,1564.2857421875,1564.2857421875,0,3650,0,1564.2857421875,1460,0,0,0,8342.85703125,0,1564.2857421875,5214.2857421875,0,6257.14282226563,0,2085.7142578125,1564.2857421875,0,2607.1427734375,417.14287109375,0,0,0,0,0,0,0,0,0,0,0,0,0,0,0,0,0,0,0,0,0,0,0,52874.0234375,6302.2646484375
"NGA",3,1,"LSMS-ISA2015",2015,3,20,2005,970,0,200022,5,0,0,0,0,0,0,0,0,2360,88.6428604125977,0,0,0,0,0,0,0,400,0,3587.880859375,0,0,0,0,0,0,0,0,0,0,0,8342.85703125,0,2085.7142578125,0,0,0,0,1042.85712890625,0,0,2085.7142578125,208.571435546875,7300.00078125,2502.8572265625,0,0,0,977.48251953125,0,0,0,0,0,0,0,0,0,0,0,0,0,0,0,0,0,30982.578125,6302.2646484375
"NGA",3,1,"LSMS-ISA2015",2015,3,20,2005,970,0,200023,3,0,0,0,0,0,202.777770996094,0,0,2533.33333333333,295.476196289063,0,0,0,0,0,0,6083.33349609375,0,0,5655.17333984375,0,0,0,0,0,0,2607.14290364583,0,0,0,0,6952.380859375,0,0,3128.5712890625,0,0,0,1390.47623697917,0,0,0,347.619059244792,6952.38151041667,6257.142578125,0,0,0,0,0,0,0,0,0,0,0,0,0,0,4299.52278645833,0,0,0,0,0,0,46705.328125,6302.2646484375
"NGA",3,1,"LSMS-ISA2015",2015,3,20,2005,970,0,200024,9,0,0,0,0,0,0,0,0,2311.11111111111,165.132278442383,0,0,0,0,0,0,2433.33325195313,600,0,4580.548828125,0,3186.50802951389,0,0,4403.17447916667,0,0,0,0,0,0,0,0,0,695.238118489583,0,289.682535807292,0,0,0,0,2201.58734809028,115.873019748264,0,2085.71419270833,1316.92209201389,0,0,2317.46006944444,0,0,0,0,0,0,0,0,0,1025.03059895833,0,0,0,0,0,0,0,27727.31640625,6302.2646484375
"NGA",3,1,"LSMS-ISA2015",2015,3,20,2005,970,0,200025,3,0,0,0,0,0,0,0,0,4966.66666666667,173.809524536133,0,0,0,0,0,0,0,1233.33337402344,0,6587.990234375,0,4519.04752604167,4866.66666666667,1216.66666666667,8690.47591145833,0,1738.09521484375,0,0,0,0,0,0,0,3997.619140625,0,521.428588867188,2954.76204427083,0,0,0,4171.42850748698,347.619059244792,0,0,0,0,0,0,0,0,0,0,0,0,0,0,0,1537.5458984375,0,0,0,0,0,0,0,47523.15625,6302.2646484375
"NGA",3,1,"LSMS-ISA2015",2015,3,20,2005,970,0,200026,4,0,0,0,0,0,0,0,0,3550,215.357147216797,0,0,0,0,0,0,5475,250,0,4940.99267578125,0,0,0,2216.07153320313,0,19553.572265625,1955.35717773438,0,0,0,0,0,0,0,2998.21435546875,0,0,2216.07153320313,391.071441650391,0,0,3258.92858886719,260.714294433594,2607.14306640625,2346.42846679688,0,0,0,0,0,0,0,0,0,0,0,0,0,0,0,0,0,0,0,0,0,52234.921875,6302.2646484375
"NGA",3,1,"LSMS-ISA2015",2015,3,20,2005,970,0,200027,2,0,0,0,0,0,0,0,0,4500,660.714294433594,0,0,0,0,0,0,0,0,0,5739.46533203125,0,0,0,0,0,0,2607.14282226563,0,0,0,0,0,0,0,3128.57153320313,0,5214.28576660156,0,1564.28576660156,0,0,9907.14294433594,782.142883300781,5214.2861328125,6257.14306640625,0,0,0,0,0,11937.9697265625,0,0,0,0,0,0,0,8428.671875,0,0,0,0,0,0,0,65941.828125,6302.2646484375
"NGA",3,1,"LSMS-ISA2015",2015,3,20,2005,970,0,200028,7,0,0,0,3476.19056919643,0,0,0,0,2000,203.061233520508,0,0,8690.47600446429,0,0,0,5214.28564453125,1428.57141113281,0,4117.8291015625,0,0,0,0,8193.87779017857,0,893.877580915179,0,2383.67354910714,0,0,11173.4698660714,0,595.918387276786,4096.93875558036,0,4469.3876953125,2979.591796875,968.367327008929,0,0,89387.7541852679,223.469395228795,4469.38811383929,0,0,0,0,0,0,0,0,0,0,0,0,0,0,0,0,0,0,0,0,0,695.238098144531,155661.359375,6302.2646484375
"NGA",3,1,"LSMS-ISA2015",2015,3,20,2005,970,0,200029,8,0,0,0,4562.5,0,0,0,0,11750,581.398803710938,456.25,0,7604.16650390625,0,0,760.416687011719,22812.5,2906.25,0,9286.1787109375,0,0,0,1955.35717773438,6517.85693359375,0,3258.92846679688,0,1955.35717773438,0,0,9125,0,1955.35717773438,6843.75,0,6322.32147216797,2607.14282226563,1303.57141113281,0,0,7495.53558349609,586.607116699219,3258.92846679688,0,0,0,0,0,0,0,0,0,0,0,0,0,0,0,0,0,0,0,0,0,2281.25,116186.625,6302.2646484375
"NGA",3,1,"LSMS-ISA2015",2015,3,20,2005,970,0,200030,5,0,0,0,2433.3333984375,0,0,0,0,1560,292.952392578125,0,0,4866.666796875,0,0,243.333325195313,0,730,0,8372.3193359375,0,0,0,0,0,0,1042.85712890625,0,1251.42861328125,0,0,7821.42890625,0,0,4171.428515625,0,5110,0,834.2857421875,0,0,15642.8571289062,521.428564453125,4171.42890625,8760.00078125,0,0,0,0,0,0,0,0,0,0,0,0,0,0,0,0,0,0,0,0,0,67825.7421875,6302.2646484375
"NGA",3,1,"LSMS-ISA2015",2015,3,20,2003,784,0,200031,8,0,0,0,760.416687011719,0,0,0,0,3650,977.678588867188,0,0,0,0,0,0,2737.5,500,0,2308.45727539063,0,1825,2933.03564453125,0,0,0,456.25,0,0,0,0,0,0,0,1759.82147216797,0,325.892852783203,0,325.892852783203,0,0,1368.75,260.714294433594,0,0,1481.53735351563,2185.60107421875,0,0,0,0,0,0,0,0,0,0,0,0,0,0,0,0,0,0,0,23856.548828125,6625.45751953125
"NGA",3,1,"LSMS-ISA2015",2015,3,20,2003,784,0,200032,7,0,0,0,869.047642299107,0,0,0,0,2828.57142857143,151.632659912109,260.714294433594,0,0,0,0,0,0,428.571441650391,0,2823.42431640625,0,4841.83649553571,3352.04073660714,0,0,0,1117.34695870536,0,0,0,0,0,0,0,2607.14285714286,0,521.428571428571,0,372.448974609375,0,0,1713.26531110491,297.959193638393,0,0,0,0,0,0,0,0,0,0,0,0,0,0,0,0,1842.65262276786,0,0,0,0,0,0,24028.083984375,6625.45751953125
"NGA",3,1,"LSMS-ISA2015",2015,3,20,2003,784,0,200033,8,760.416687011719,750,0,0,0,0,0,0,3525,65.1785736083984,0,0,3041.66674804688,0,0,0,9125,1260.41674804688,0,2942.36376953125,0,6517.85693359375,4888.39306640625,0,6517.85693359375,0,0,0,0,0,0,6517.85693359375,0,0,651.785705566406,0,1108.03573608398,1955.35717773438,651.785705566406,0,0,0,325.892852783203,0,0,0,0,0,0,0,0,0,0,0,0,0,0,0,0,0,0,0,0,0,0,0,50604.86328125,6625.45751953125
"NGA",3,1,"LSMS-ISA2015",2015,3,20,2003,784,0,200034,5,4380,0,0,2920,0,0,0,0,6120,4677.28564453125,0,0,3650,486.666650390625,0,0,1946.66662597656,2773.33325195313,0,3609.38208007813,0,15642.8578125,4692.85703125,0,5735.714453125,0,0,0,1564.2857421875,0,0,0,0,2294.2857421875,13557.1421875,0,5735.7142578125,2294.2857421875,0,0,0,28678.5712890625,312.857153320312,0,0,0,0,0,0,0,0,0,0,0,0,0,1807.61875,0,0,0,0,0,0,0,0,1216.66674804688,114096.1875,6625.45751953125
"NGA",3,1,"LSMS-ISA2015",2015,3,20,2003,784,0,200035,7,4519.0478515625,0,0,2607.14285714286,0,0,0,0,2371.42857142857,9694.2177734375,0,0,0,0,0,0,2607.14282226563,428.571441650391,0,5234.36083984375,0,0,0,0,8193.87779017857,0,0,0,0,0,0,5214.28571428571,0,1340.81626674107,1191.83677455357,893.877580915179,4916.32659040179,1489.7958984375,0,0,0,72404.0807756696,223.469395228795,3724.48967633929,4469.38783482143,0,0,0,0,0,0,0,0,0,0,0,0,0,0,0,0,0,0,0,0,2607.14282226563,134131.296875,6625.45751953125
"NGA",3,1,"LSMS-ISA2015",2015,3,20,2003,784,0,200036,3,0,0,0,0,0,0,0,0,0,376.587310791016,0,0,0,0,0,0,0,400,0,4721.82177734375,0,19119.0481770833,10428.5716145833,0,0,0,2954.76204427083,0,0,0,0,0,0,0,3128.5712890625,0,6430.95247395833,0,2085.71435546875,0,0,13904.76171875,521.428588867188,0,0,0,0,0,0,0,0,0,0,0,0,0,0,0,0,2149.76139322917,0,0,0,0,0,4866.66650390625,71088.640625,6625.45751953125
"NGA",3,1,"LSMS-ISA2015",2015,3,20,2003,784,0,200037,9,0,0,0,1351.85188802083,0,0,0,0,4755.55555555556,271.825408935547,0,0,0,0,0,0,0,1444.44445800781,0,4580.548828125,0,0,0,1969.84136284722,0,0,0,0,0,0,0,869.047634548611,0,0,1738.09521484375,0,289.682535807292,4055.55555555556,0,0,0,753.174601236979,173.809529622396,1738.09537760417,2085.71419270833,0,3885.51302083333,0,0,0,0,0,0,0,0,0,0,0,0,0,0,0,0,0,0,0,29962.755859375,6625.45751953125
"NGA",3,1,"LSMS-ISA2015",2015,3,20,2003,784,0,200038,10,0,0,0,0,0,0,0,0,1240,52.1428604125977,0,0,0,0,0,0,0,500,0,2611.3681640625,0,5214.285546875,5214.285546875,0,0,0,0,0,0,0,0,0,0,0,1042.85712890625,0,1564.28572998047,0,521.428564453125,0,0,1564.28569335938,260.714282226562,0,0,0,0,0,0,0,0,0,0,0,0,0,0,0,0,0,0,0,0,0,0,0,19785.65234375,6625.45751953125
"NGA",3,1,"LSMS-ISA2015",2015,3,20,2003,784,0,200039,5,0,0,0,0,0,0,0,0,3800,104.285720825195,0,0,12166.66640625,0,0,0,0,600,0,2422.14306640625,0,7300,4692.85703125,0,10428.57109375,0,0,0,0,0,0,10428.57109375,0,0,4692.85703125,0,2085.7142578125,6257.14296875,1042.85712890625,0,0,2085.7142578125,521.428564453125,0,0,0,0,0,0,0,0,0,0,0,0,0,0,0,0,0,0,0,0,0,0,0,68628.8046875,6625.45751953125
"NGA",3,1,"LSMS-ISA2015",2015,3,20,2003,784,0,200040,4,1520.83337402344,0,0,1825,0,0,0,0,3500,190.357147216797,0,0,0,0,0,0,0,3500,0,10306.234375,0,11732.142578125,0,11732.142578125,0,0,1955.35717773438,0,0,0,0,1955.35717773438,0,0,4953.5712890625,0,1303.57141113281,0,2607.14282226563,0,0,2998.21429443359,521.428588867188,0,3128.57153320313,0,0,0,0,0,0,0,0,0,0,0,0,0,0,0,0,0,0,0,0,0,63729.91796875,6625.45751953125
"NGA",3,1,"LSMS-ISA2015",2015,3,20,2030,1050,0,200041,7,0,0,0,0,0,0,0,0,4142.85714285714,37.2448997497559,0,0,0,0,0,0,5214.28564453125,1142.85717773438,0,3730.52587890625,0,5959.18359375,5586.73493303571,4469.38783482143,0,0,0,0,0,0,0,1489.7958984375,0,0,1638.77553013393,0,1489.7958984375,0,372.448974609375,0,0,2607.14282226563,372.448974609375,5959.18415178571,0,0,0,0,0,0,0,0,0,0,0,0,0,0,0,2763.97879464286,0,0,0,0,0,521.428588867188,47498.078125,5979.0712890625
"NGA",3,1,"LSMS-ISA2015",2015,3,20,2030,1050,0,200042,5,0,0,0,0,0,0,0,0,2800,104.285720825195,0,0,0,0,0,0,0,1000,0,4376.76708984375,0,13557.1421875,4692.85703125,0,0,0,2085.7142578125,0,0,0,0,0,0,834.2857421875,3232.85712890625,312.857153320312,1251.42856445313,0,0,0,0,19292.8568359375,312.857153320312,0,0,0,0,0,0,0,0,0,0,0,0,0,0,0,1499.10712890625,2579.713671875,0,0,0,0,0,1216.66674804688,59149.39453125,5979.0712890625
"NGA",3,1,"LSMS-ISA2015",2015,3,20,2030,1050,0,200043,2,0,0,0,0,0,0,0,0,7000,130.357147216797,0,0,0,0,0,0,0,500,0,18575.37890625,0,0,0,0,0,0,2607.14282226563,0,0,0,0,20857.142578125,0,0,2085.71435546875,0,0,0,2607.14282226563,0,0,3910.71423339844,1303.57141113281,18250.001953125,9385.7138671875,0,0,0,0,0,0,0,0,0,0,0,0,0,0,12898.568359375,0,0,0,0,0,6083.33349609375,106194.7890625,5979.0712890625
"NGA",3,1,"LSMS-ISA2015",2015,3,20,2030,1050,0,200044,10,0,0,0,608.333349609375,0,0,0,0,2230,52.1428604125977,0,0,0,0,0,0,0,300,0,2887.66381835938,0,3389.285546875,4692.85703125,2607.1427734375,4171.428515625,0,0,0,0,0,0,0,0,0,2711.42861328125,0,521.428564453125,0,260.714282226562,0,0,2346.42858886719,156.428576660156,0,0,0,0,0,0,0,0,0,0,0,0,0,0,0,0,5159.42734375,0,0,0,0,0,0,32094.7109375,5979.0712890625
"NGA",3,1,"LSMS-ISA2015",2015,3,20,2030,1050,0,200045,7,0,0,0,0,0,0,0,0,2400,296.768707275391,0,0,1738.09528459821,0,0,0,0,0,0,13232.3349609375,0,0,0,0,0,0,1534.74368537776,0,0,0,0,0,0,1151.05780008046,3222.96184856063,0,2685.80145058098,0,1151.05780008046,0,0,2302.11560016091,537.160296857663,2302.11574434945,2762.538545295,0,0,0,0,0,0,0,0,0,0,0,0,0,0,3796.49250025406,0,0,0,0,0,0,39113.24609375,5979.0712890625
"NGA",3,1,"LSMS-ISA2015",2015,3,20,2030,1050,0,200046,8,0,0,0,2281.25,0,0,0,0,2012.5,130.357147216797,0,0,0,0,0,0,3193.75,125,0,2800.52319335938,0,0,0,0,0,0,0,0,0,0,0,0,0,0,1759.82147216797,0,977.678558349609,2346.42846679688,0,0,0,2020.5357208252,195.535720825195,1303.57153320313,2346.42846679688,1481.53735351563,0,0,191.781494140625,0,0,0,0,0,0,0,0,0,0,0,0,0,0,0,0,0,23166.69921875,5979.0712890625
"NGA",3,1,"LSMS-ISA2015",2015,3,20,2030,1050,0,200047,7,0,0,0,869.047642299107,0,0,0,0,4714.28571428571,234.693878173828,0,0,0,0,0,0,3128.57153320313,342.857147216797,0,2823.42431640625,0,0,0,2532.65318080357,9683.67299107143,3128.57142857143,0,0,0,0,0,1489.7958984375,0,670.408133370536,2011.22453962054,0,2607.14285714286,2607.14285714286,744.89794921875,0,0,4320.408203125,223.469395228795,1117.34702845982,1787.75516183036,0,0,0,0,0,0,0,0,0,0,0,0,0,0,0,0,0,0,0,0,0,45037.3671875,5979.0712890625
"NGA",3,1,"LSMS-ISA2015",2015,3,20,2030,1050,0,200048,6,0,0,0,0,0,0,0,0,2866.66666666667,386.90478515625,0,0,0,0,0,304.166666666667,0,166.66667175293,0,6191.79296875,0,0,0,0,0,0,0,0,0,0,0,6952.380859375,0,0,2607.14282226563,0,1738.09521484375,0,1303.57145182292,0,0,9559.52351888021,434.523803710938,6083.333984375,7300.00065104167,0,0,0,0,0,0,0,0,0,0,0,0,0,0,2149.76139322917,0,0,0,0,0,2027.77783203125,50072.31640625,5979.0712890625
"NGA",3,1,"LSMS-ISA2015",2015,3,20,2030,1050,0,200049,5,0,0,0,0,0,0,0,0,3080,257.238098144531,0,0,0,0,0,0,0,600,0,6977.7119140625,0,0,0,0,0,0,0,0,0,0,0,0,0,0,2467.27497017565,0,6168.1872959825,0,0,0,0,0,336.44659422325,8971.90959111191,6728.93175500838,0,0,0,0,0,0,0,0,0,0,2990.63625405379,0,0,0,2774.22416412909,0,0,0,0,0,2920,44272.55859375,5979.0712890625
"NGA",3,1,"LSMS-ISA2015",2015,3,20,2030,1050,0,200050,3,0,0,0,0,0,0,0,0,5400,750.396789550781,0,0,0,0,0,0,0,2666.66674804688,0,20178.92578125,0,0,0,0,0,0,0,0,0,0,0,0,0,4345.23795572917,6083.33333333333,0,17380.9523111979,0,0,0,0,19119.0472005208,521.428588867188,17380.9518229167,8342.857421875,0,0,0,482.469156901042,0,0,0,0,0,0,0,0,0,0,5572.939453125,0,0,0,0,0,6083.33349609375,114308.5390625,5979.0712890625
"NGA",3,1,"LSMS-ISA2015",2015,3,20,2032,1390,1,200051,11,1106.06066894531,2727.27270507813,0,1659.09090909091,0,221.21211381392,0,165.909088134766,5727.27272727273,885.714294433594,0,0,1659.09090909091,0,1896.10387073864,0,6083.3330078125,309.090911865234,0,2503.63061523438,0,0,0,0,18961.0383522727,7110.38991477273,0,0,568.831187855114,0,11376.6235795455,3318.18181818182,1185.06489701705,3081.16876775568,8153.24644886364,0,1990.90909090909,3318.18181818182,1232.46750710227,284.415593927557,0,2938.96107066761,142.207796963778,948.052024147727,853.246715198864,0,3179.05610795455,0,0,0,0,0,0,0,0,0,619.393954190341,0,0,0,0,0,0,0,0,0,94205.234375,2693.275390625
"NGA",3,1,"LSMS-ISA2015",2015,3,20,2032,1390,1,200052,7,0,4285.71435546875,0,2607.14285714286,0,869.047642299107,0,0,7585.71428571429,201.122451782227,0,0,695.238071986607,0,0,2172.61900111607,0,0,0,3129.44506835938,0,0,3352.04073660714,0,7448.97935267857,11173.4698660714,0,0,0,2979.591796875,0,0,2234.69391741071,0,21006.1227678571,0,2979.591796875,2607.14285714286,1862.24483816964,446.938790457589,0,3650,595.918387276786,1489.79603794643,0,0,0,0,0,0,0,0,0,0,0,0,2532.65304129464,0,0,0,0,0,0,0,0,0,85905.2109375,2693.275390625
"NGA",3,1,"LSMS-ISA2015",2015,3,20,2032,1390,1,200053,4,4562.5,7500,0,1520.83337402344,0,3802.08325195313,0,456.25,9850,539.107177734375,0,0,4562.5,0,0,0,18250,0,0,13755.3271484375,0,1694.64282226563,912.5,0,6517.85693359375,3910.71435546875,0,0,1564.28576660156,4562.5,0,0,4562.5,5214.28564453125,52142.857421875,0,11080.3571777344,0,3389.28564453125,0,0,13035.7143554688,521.428588867188,0,0,0,0,0,0,0,0,0,0,0,0,0,1320.95239257813,0,0,0,0,0,0,0,0,0,175228.484375,2693.275390625
"NGA",3,1,"LSMS-ISA2015",2015,3,20,2032,1390,1,200055,4,9125,6000,0,0,0,2433.33325195313,0,0,76500,15121.427734375,0,0,212916.671875,0,0,304166.65625,18250,235916.671875,0,12194.6943359375,0,0,0,0,6517.85693359375,2607.14282226563,0,0,0,13035.7138671875,0,26071.427734375,0,2607.14282226563,5866.0712890625,0,13035.7138671875,11732.142578125,1303.57141113281,0,0,80821.4296875,391.071441650391,0,0,0,0,0,0,0,0,0,0,0,0,0,0,0,0,0,0,0,0,0,0,912.5,1057526.25,2693.275390625
"NGA",3,1,"LSMS-ISA2015",2015,3,20,2032,1390,1,200056,8,0,3000,0,760.416687011719,0,0,0,0,27250,1396.42858886719,0,0,7604.16650390625,0,0,0,1520.83337402344,2500,0,4800.26611328125,0,0,0,6843.75,16294.642578125,6517.85693359375,0,0,0,5866.0712890625,0,16946.427734375,0,0,39107.14453125,0,2607.14282226563,0,9776.7861328125,0,0,0,651.785705566406,0,3128.57153320313,0,0,0,0,0,0,0,0,0,0,0,0,0,0,8061.60595703125,0,0,0,0,0,228.125,164862.015625,2693.275390625
"NGA",3,1,"LSMS-ISA2015",2015,3,20,2032,1390,1,200057,7,3476.19067382813,342.857147216797,0,521.428571428571,0,1390.47614397321,0,0,5628.57142857143,47517.07421875,0,0,2607.14285714286,0,0,0,6952.38134765625,2857.14282226563,0,2697.44409179688,0,0,968.367327008929,1489.7958984375,0,0,0,0,1117.34695870536,0,0,2234.69391741071,0,2532.65304129464,0,1489.7958984375,7672.44880022321,744.89794921875,893.877580915179,0,0,42086.7350725446,297.959193638393,0,0,0,7493.48995535714,0,0,0,0,0,0,0,0,0,2743.70731026786,0,0,0,0,0,0,0,0,0,145756.46875,2693.275390625
"NGA",3,1,"LSMS-ISA2015",2015,3,20,2032,1390,1,200058,2,3041.66674804688,4800,0,7300,0,0,0,0,5200,3352.38110351563,0,0,7300,0,0,0,36500,2433.33325195313,18250,6807.44921875,0,3128.57153320313,3128.57153320313,0,0,0,0,0,3128.57153320313,0,0,0,0,1564.28576660156,2085.71435546875,2607.14282226563,8603.57141113281,1303.57141113281,2085.71435546875,0,0,58399.9995117188,782.142883300781,0,0,0,0,0,0,0,0,0,0,0,0,0,0,0,0,0,0,0,0,0,0,0,181802.6875,2693.275390625
"NGA",3,1,"LSMS-ISA2015",2015,3,20,2032,1390,1,200059,3,1216.66662597656,0,0,1216.66666666667,0,0,0,0,1733.33333333333,1390.47619628906,0,0,0,0,0,0,811.111083984375,866.666687011719,0,6755.48486328125,0,0,0,0,0,0,0,0,0,0,0,0,0,0,0,0,0,0,0,0,0,3476.1904296875,0,0,2085.71435546875,506.944458007813,5828.26953125,0,0,0,0,0,0,0,0,0,5909.52376302083,0,8815.20133463542,835.940999348958,1728.38509114583,0,0,611.390218098958,0,0,43787.96484375,2693.275390625
"NGA",3,1,"LSMS-ISA2015",2015,3,20,2032,1390,1,200060,3,24.3333339691162,0,0,0,0,405.555541992188,0,0,5113.33333333333,480.952392578125,0,0,0,0,0,0,0,0,0,1841.22265625,0,4519.04752604167,2433.33333333333,0,8690.47591145833,5214.28580729167,0,0,0,2607.14290364583,0,0,0,0,4692.85725911458,0,2085.71427408854,3041.66666666667,869.047607421875,0,0,5909.52400716146,695.238118489583,0,0,0,0,0,0,0,0,0,0,0,0,0,0,0,0,0,0,0,0,0,0,0,48623.72265625,2693.275390625
"NGA",3,1,"LSMS-ISA2015",2015,3,20,2032,1772,0,200061,5,0,0,0,0,0,121.666662597656,0,0,3660,177.285720825195,0,0,0,0,0,0,7786.66650390625,400,0,3587.880859375,0,0,0,1564.2857421875,0,0,0,0,0,1042.85712890625,0,7300,0,0,2607.14282226563,0,1564.28569335938,0,1042.85712890625,0,0,1042.85712890625,834.2857421875,5214.285546875,3754.285546875,0,0,0,0,0,0,0,0,0,0,0,0,0,0,5159.42734375,0,0,0,0,0,1338.33337402344,48198.40234375,4686.29931640625
"NGA",3,1,"LSMS-ISA2015",2015,3,20,2032,1772,0,200062,6,0,0,0,2027.77783203125,0,202.777770996094,0,0,5000,86.9047622680664,0,0,0,0,0,0,5272.22216796875,333.333343505859,0,6288.97509765625,0,8690.47591145833,9125,0,8690.47591145833,0,2607.14290364583,0,0,0,0,26071.4296875,0,0,1738.09521484375,0,869.047607421875,13035.71484375,869.047607421875,0,0,0,434.523803710938,0,0,0,0,0,0,0,0,0,0,0,0,0,0,0,0,0,0,0,0,0,0,0,91342.953125,4686.29931640625
"NGA",3,1,"LSMS-ISA2015",2015,3,20,2032,1772,0,200063,9,0,0,0,1081.4814453125,0,0,0,0,1244.44444444444,280.158752441406,0,0,0,0,0,0,0,333.333343505859,0,2901.52026367188,0,0,0,0,0,0,0,0,0,0,0,4634.92057291667,1738.09526909722,0,1042.85709635417,0,0,0,0,0,0,1158.73014322917,289.682535807292,4634.92100694444,2085.71419270833,0,0,0,0,0,0,0,0,0,0,0,579.365017361111,0,0,0,0,0,0,0,0,0,22005.22265625,4686.29931640625
"NGA",3,1,"LSMS-ISA2015",2015,3,20,2032,1772,0,200064,11,0,0,0,1659.09090909091,0,0,0,0,5285.45454545455,131.168838500977,0,0,0,0,0,0,5198.48486328125,490.909088134766,0,1796.724609375,0,1232.46750710227,0,0,0,0,1422.07794744318,0,0,0,0,0,0,0,1753.89608487216,0,711.038973721591,0,1185.06489701705,0,0,1374.67531516335,142.207796963778,0,1137.66237571023,0,1589.52805397727,0,0,0,0,0,0,0,0,0,0,0,254.003173828125,1172.59712357955,0,0,0,0,0,0,26537.048828125,4686.29931640625
"NGA",3,1,"LSMS-ISA2015",2015,3,20,2032,1772,0,200065,6,0,0,0,1013.88891601563,0,0,0,0,2950,153.571426391602,0,0,0,0,0,0,2433.33325195313,1000,0,3293.9951171875,0,4866.66666666667,1564.28564453125,0,3476.1904296875,0,1303.57145182292,0,0,0,0,0,0,0,5214.28580729167,0,1998.8096110026,1564.28564453125,434.523803710938,0,0,521.428588867188,173.809529622396,0,0,0,0,0,0,0,0,0,0,0,0,0,0,0,0,0,0,0,0,0,0,0,31962.6484375,4686.29931640625
"NGA",3,1,"LSMS-ISA2015",2015,3,20,2032,1772,0,200066,4,3650,0,0,3650,0,0,0,0,3750,3830.35717773438,0,0,0,0,0,0,12470.8330078125,0,0,10465.3994140625,0,5475,13687.5,0,0,0,0,0,0,0,0,0,0,1303.57141113281,5605.35705566406,0,7430.35717773438,1955.35717773438,2085.71435546875,0,0,24116.0710449219,391.071441650391,0,0,0,0,0,0,0,0,0,0,0,0,0,0,0,0,0,0,0,0,0,0,0,99866.59375,4686.29931640625
"NGA",3,1,"LSMS-ISA2015",2015,3,20,2032,1772,0,200067,6,0,0,0,304.166666666667,0,0,0,0,3266.66666666667,86.9047622680664,0,0,709.722249348958,0,0,0,1622.22216796875,709.722229003906,0,52447.953125,0,0,0,0,8690.47591145833,0,1303.57145182292,0,0,1303.57145182292,0,0,0,0,4605.95235188802,0,1390.47619628906,3128.5712890625,2346.42854817708,0,0,2607.14290364583,260.714294433594,1738.09537760417,1564.28564453125,0,0,0,0,0,0,0,0,0,0,3910.7138671875,0,0,1347.02384440104,0,0,0,0,0,0,0,93344.390625,4686.29931640625
"NGA",3,1,"LSMS-ISA2015",2015,3,20,2032,1772,0,200068,12,0,0,0,405.555541992188,0,0,0,0,1833.33333333333,43.4523811340332,0,0,0,0,0,0,2940.27758789063,0,0,2334.46606445313,0,0,0,0,4345.23795572917,0,1738.09521484375,0,0,0,0,3476.1904296875,0,782.142822265625,3476.1904296875,0,4649.40466308594,695.238118489583,521.428588867188,0,0,7169.64274088542,260.714294433594,1738.09537760417,1042.85717773438,0,0,0,0,0,0,0,0,0,0,0,3476.1904296875,0,0,0,0,0,0,0,0,0,40928.51171875,4686.29931640625
"NGA",3,1,"LSMS-ISA2015",2015,3,20,2032,1772,0,200069,5,0,0,0,0,0,0,0,0,4448,104.285720825195,0,0,0,0,0,0,1216.66674804688,800,0,4086.84643554688,0,0,0,0,0,0,2085.7142578125,0,0,0,0,7300,0,1460,4067.1427734375,0,6570,1564.2857421875,834.2857421875,0,0,9385.7142578125,312.857153320312,7300.00078125,8760.00078125,0,0,0,0,0,0,0,0,0,0,0,0,0,0,0,0,0,0,0,0,0,60295.80078125,4686.29931640625
"NGA",3,1,"LSMS-ISA2015",2015,3,20,2032,1772,0,200070,1,0,0,0,1216.66662597656,0,0,0,0,2800,1720.71435546875,0,0,0,0,0,0,0,0,0,12110.7158203125,0,0,0,0,0,0,0,0,0,0,0,0,0,0,0,0,0,0,0,0,0,15642.8569335938,0,5214.2861328125,6257.14306640625,0,0,0,0,0,0,0,0,0,0,6952.380859375,5909.52392578125,0,11478.3608398438,0,0,0,0,201.7587890625,0,0,69504.40625,4686.29931640625
"NGA",3,1,"LSMS-ISA2015",2015,3,20,2015,1746,0,200071,6,0,0,0,0,0,0,0,0,3766.66666666667,43.4523811340332,0,0,0,0,0,0,4461.111328125,333.333343505859,0,2989.90063476563,0,0,0,0,0,0,0,0,0,0,0,0,0,0,707.302811588242,0,884.128473795199,0,884.128473795199,0,0,0,442.064236897599,5304.77133706851,3182.86240600111,0,0,0,0,0,0,0,0,0,0,0,0,0,0,4374.13380890157,0,0,0,0,0,0,27373.857421875,7069.84814453125
"NGA",3,1,"LSMS-ISA2015",2015,3,20,2015,1746,0,200072,10,0,0,0,0,0,0,0,0,1984,52.1428604125977,0,0,1216.66669921875,0,0,0,2190,704.166687011719,0,1976.39709472656,0,0,0,0,2607.1427734375,0,521.428564453125,0,0,0,0,0,0,0,2033.57143554687,0,521.428564453125,1877.1427734375,0,0,0,1616.42857666016,104.285717773438,1042.8572265625,1877.1427734375,0,0,0,0,0,0,0,0,0,0,0,312.857153320312,0,0,0,0,0,0,0,0,0,20637.658203125,7069.84814453125
"NGA",3,1,"LSMS-ISA2015",2015,3,20,2015,1746,0,200074,6,0,0,0,0,0,0,0,0,2500,86.9047622680664,0,0,0,0,0,0,4055.5556640625,166.66667175293,0,2510.58959960938,0,0,0,0,0,0,1303.57145182292,0,0,0,0,6952.380859375,0,0,1738.09521484375,0,869.047607421875,0,869.047607421875,0,0,2172.61905924479,260.714294433594,6083.333984375,3128.5712890625,0,0,0,0,0,0,0,0,0,0,0,0,0,0,2149.76139322917,0,0,0,0,0,608.333312988281,35455.19140625,7069.84814453125
"NGA",3,1,"LSMS-ISA2015",2015,3,20,2015,1746,0,200075,2,0,0,0,1520.83337402344,0,0,0,0,5900,260.714294433594,0,0,0,0,0,0,0,500,0,4826.9970703125,0,0,0,0,0,0,0,0,0,0,0,0,0,0,9979.70340538563,0,7108.82992895277,0,0,0,0,0,820.249633705295,10936.6623168239,9842.99485486466,0,0,0,0,0,0,0,0,0,0,10936.6613059074,0,0,0,0,0,0,0,0,0,0,62633.6484375,7069.84814453125
"NGA",3,1,"LSMS-ISA2015",2015,3,20,2015,1746,0,200076,4,0,0,0,0,0,0,0,0,3500,292.261901855469,0,0,0,0,0,0,0,750,0,6528.42041015625,0,0,0,0,0,0,1303.57141113281,0,0,0,0,5214.28564453125,0,0,5735.71435546875,0,1955.35711669922,0,1303.57141113281,0,0,9124.99993896484,521.428588867188,5214.2861328125,4692.85693359375,0,0,0,0,0,0,0,0,0,0,0,0,0,0,3224.64208984375,0,0,0,0,0,3193.75,52555.14453125,7069.84814453125
"NGA",3,1,"LSMS-ISA2015",2015,3,20,2015,1746,0,200077,5,0,0,0,0,0,0,0,0,2440,104.285720825195,0,0,4866.666796875,0,0,0,2433.33349609375,1486.66662597656,0,2513.60571289063,0,0,0,0,0,0,2085.7142578125,0,0,0,0,0,0,1564.2857421875,4692.85703125,0,1251.42861328125,0,1877.1427734375,0,0,10949.9998046875,312.857153320312,5214.285546875,7508.57109375,0,0,0,0,0,0,0,0,0,0,0,0,0,1113.46728515625,1289.8568359375,0,0,0,0,0,0,51705.0234375,7069.84814453125
"NGA",3,1,"LSMS-ISA2015",2015,3,20,2015,1746,0,200078,3,0,0,0,0,0,0,0,0,1833.33333333333,173.809524536133,0,0,0,0,0,0,0,0,0,4150.94140625,0,0,0,0,0,0,3476.1904296875,0,0,0,0,0,0,0,4692.85709635417,0,0,0,0,0,0,0,347.619059244792,3476.19075520833,2085.71435546875,1975.38313802083,0,0,0,0,0,0,0,0,0,0,0,0,1537.5458984375,0,0,0,0,0,0,0,23749.583984375,7069.84814453125
"NGA",3,1,"LSMS-ISA2015",2015,3,20,2015,1746,0,200079,5,0,0,0,1460,0,0,0,0,2660,124.285720825195,0,0,0,0,0,0,4866.6669921875,600,0,3952.79418945313,0,0,0,0,3650,0,3128.571484375,0,0,0,0,0,0,0,2815.71435546875,0,730,0,0,0,0,3545.71430664063,208.571435546875,3128.5716796875,5005.714453125,0,0,0,0,0,0,0,0,0,0,0,0,0,53.4798522949219,7739.140625,0,0,0,0,0,0,43669.22265625,7069.84814453125
"NGA",3,1,"LSMS-ISA2015",2015,3,20,2022,1130,0,200081,5,0,0,0,0,1216.66669921875,0,0,0,2440,152.952377319336,0,0,0,0,0,0,0,0,0,5652.22705078125,0,15642.8578125,0,0,5214.285546875,0,0,0,0,0,0,7821.42890625,0,0,2920,0,6257.14287109375,2085.7142578125,0,0,0,45364.2845703125,1042.85712890625,0,0,0,0,0,0,0,0,0,0,0,0,0,0,0,0,0,0,0,0,0,0,0,95810.421875,4039.9130859375
"NGA",3,1,"LSMS-ISA2015",2015,3,20,2022,1130,0,200082,4,0,0,0,0,0,0,0,0,2450,130.357147216797,0,0,0,0,0,0,0,1500,0,7065.28369140625,0,11986.5638504028,3995.52145431586,0,0,0,0,0,0,0,0,0,0,0,2930.04904968307,0,6259.65015045189,0,0,0,0,0,399.552151737298,0,0,0,0,0,0,0,0,0,0,0,0,0,0,0,0,0,0,0,0,0,0,0,36716.9765625,4039.9130859375
"NGA",3,1,"LSMS-ISA2015",2015,3,20,2022,1130,0,200083,7,0,0,0,0,0,0,0,0,1657.14285714286,74.4897994995117,0,0,0,0,0,0,0,3321.42846679688,0,5980.22802734375,0,6704.08147321429,2234.69391741071,0,0,0,744.89794921875,0,0,0,0,5214.28571428571,0,0,1564.28571428571,0,1862.24490792411,893.877580915179,297.959193638393,0,0,10428.5715680804,223.469395228795,0,0,0,0,0,0,0,0,0,0,0,0,0,0,0,618.679129464286,0,0,0,0,0,0,0,41820.3359375,4039.9130859375
"NGA",3,1,"LSMS-ISA2015",2015,3,20,2022,1130,0,200084,5,0,0,0,0,0,0,0,0,1640,144.285720825195,0,0,0,0,0,0,0,800,0,5775.32763671875,0,2711.428515625,0,0,0,0,1251.42861328125,0,0,0,0,0,0,0,2815.71435546875,0,1042.85712890625,3754.285546875,0,0,0,3441.42861328125,208.571435546875,0,1877.1427734375,0,0,0,0,0,0,0,0,0,0,0,0,0,0,0,0,0,0,0,0,0,25462.470703125,4039.9130859375
"NGA",3,1,"LSMS-ISA2015",2015,3,20,2022,1130,0,200085,5,0,0,0,1216.66669921875,0,0,0,0,4120,144.285720825195,0,0,3650,0,0,0,1216.66674804688,800,0,3952.79418945313,0,6152.85703125,312.857153320312,0,0,0,3128.571484375,0,0,0,0,0,0,0,2294.2857421875,0,834.285717773437,0,0,0,0,15225.7141601563,208.571435546875,0,0,0,0,0,0,0,0,0,0,0,0,0,625.714306640625,0,0,0,0,0,0,0,0,0,43883.26953125,4039.9130859375
"NGA",3,1,"LSMS-ISA2015",2015,3,20,2022,1130,0,200086,4,0,0,0,0,0,0,0,0,4250,180.357147216797,0,0,0,0,0,0,1216.66662597656,0,0,11263.4482421875,0,5475,5866.0712890625,0,0,0,4692.85693359375,0,0,0,0,13035.7138671875,0,2607.14282226563,4823.21435546875,0,2607.14282226563,4562.5,651.785705566406,0,0,0,521.428588867188,0,0,0,0,0,0,0,0,0,0,0,0,0,0,0,0,0,0,0,0,0,0,0,61753.32421875,4039.9130859375
"NGA",3,1,"LSMS-ISA2015",2015,3,20,2022,1130,0,200087,7,0,0,0,0,0,0,0,0,3628.57142857143,398.520416259766,0,0,10428.5714285714,0,0,0,8690.4765625,1738.09533691406,0,6075.14453125,0,7448.97935267857,14897.9587053571,5586.73493303571,0,0,0,0,0,0,0,5214.28571428571,0,0,4469.3876953125,0,1117.34692382813,2234.69391741071,744.89794921875,0,0,11173.4690290179,372.448974609375,0,0,0,0,0,0,0,0,0,0,0,0,0,0,0,0,0,0,0,0,0,0,0,84219.578125,4039.9130859375
"NGA",3,1,"LSMS-ISA2015",2015,3,20,2022,1130,0,200088,6,0,0,0,0,0,0,0,0,6966.66666666667,86.9047622680664,0,0,6083.33333333333,0,0,0,8111.111328125,4222.22216796875,0,3923.15161132813,0,8690.47591145833,0,0,4345.23795572917,0,0,0,0,0,0,6952.380859375,0,0,3910.71419270833,0,2172.61905924479,0,0,0,0,31720.2371419271,173.809529622396,0,5214.28580729167,0,0,0,0,0,0,0,0,0,0,0,0,0,0,4299.52278645833,0,0,0,0,0,0,96872.6640625,4039.9130859375
"NGA",3,1,"LSMS-ISA2015",2015,3,20,2022,1130,0,200089,11,0,0,0,0,0,0,0,0,1945.45454545455,63.9935073852539,0,0,0,0,0,0,4203.03076171875,181.818176269531,0,3805.59985351563,0,4740.25958806818,6399.35085227273,0,0,0,0,0,0,0,0,3792.20774147727,0,0,3697.40252130682,0,1185.06494140625,0,711.038973721591,0,0,4740.25967684659,237.01298384233,0,0,1497.28125,0,0,0,0,0,0,0,0,0,0,0,0,0,1172.59712357955,0,0,0,0,0,0,38372.375,4039.9130859375
"NGA",3,1,"LSMS-ISA2015",2015,3,20,2022,1130,0,200090,9,0,0,0,0,0,0,0,0,1711.11111111111,91.2698440551758,0,0,1351.85188802083,0,0,0,4055.5556640625,600,0,6317.2158203125,0,2259.52387152778,0,0,0,0,0,0,0,0,0,0,0,0,1564.28575303819,0,579.365071614583,2085.71419270833,289.682535807292,0,0,1448.41270616319,115.873019748264,0,1390.47623697917,0,0,0,0,0,0,0,0,0,0,0,0,0,0,0,0,0,0,0,0,0,23860.3359375,4039.9130859375
"NGA",3,1,"LSMS-ISA2015",2015,3,20,2001,1354,0,200091,8,0,0,0,0,0,1064.58337402344,0,0,1857.5,3099.25610351563,0,0,0,0,0,0,3041.66674804688,0,0,4712.08740234375,0,4804.12371904781,2402.06185952391,1120.9621812754,12170.4461283259,0,0,0,0,0,4804.12371904781,5604.81088857848,0,0,3042.61153208147,0,2802.40541377166,6365.46399411105,400.343628631821,0,0,640.549839124251,80.0687298905314,0,0,6405.49805810914,0,0,0,0,0,0,0,0,0,0,0,0,739.382618342155,0,0,0,0,0,0,334.583343505859,65492.53515625,2908.73754882813
"NGA",3,1,"LSMS-ISA2015",2015,3,20,2001,1354,0,200092,5,0,1440,0,2433.3333984375,0,0,0,0,4120,1559.61901855469,0,0,2920,0,0,0,730,1693.33325195313,0,3360.658203125,0,0,0,0,5735.714453125,0,0,3650,1772.85717773438,521.428564453125,0,6257.14296875,0,0,4380,2085.7142578125,3649.99995117188,4171.428515625,156.428576660156,625.714306640625,0,3858.571484375,208.571435546875,2085.714453125,0,3294.01875,0,0,0,0,0,0,0,0,0,0,0,996.79755859375,0,0,0,0,0,0,0,243.33332824707,61950.37109375,2908.73754882813
"NGA",3,1,"LSMS-ISA2015",2015,3,20,2001,1354,0,200093,12,0,0,0,2027.77783203125,0,101.388885498047,0,0,3325,339.682525634766,0,0,2027.77783203125,0,0,0,1013.88891601563,911.805603027344,0,1525.88439941406,0,0,0,0,3476.1904296875,0,869.047607421875,0,434.523803710938,869.047607421875,0,3476.1904296875,0,0,2172.61905924479,1303.57145182292,1303.57141113281,3258.9287109375,651.785725911458,521.428588867188,0,6517.85713704427,217.261901855469,1738.09537760417,0,3202.51790364583,0,0,0,0,0,0,0,0,0,0,0,0,0,0,0,0,0,0,0,152.08332824707,41437.921875,2908.73754882813
"NGA",3,1,"LSMS-ISA2015",2015,3,20,2001,1354,0,200094,6,0,0,0,1419.44449869792,0,0,0,0,1133.33333333333,180.238098144531,0,0,0,0,0,0,2230.55541992188,0,0,9296.958984375,0,6517.857421875,0,9125,0,0,0,0,695.238118489583,0,0,0,0,869.047607421875,3823.80944824219,0,3476.1904296875,17380.9518229167,0,0,0,3041.66666666667,434.523803710938,6309.52408854167,0,0,0,0,0,0,0,0,0,0,0,0,0,0,0,0,0,0,0,0,0,506.944458007813,66441.2890625,2908.73754882813
"NGA",3,1,"LSMS-ISA2015",2015,3,20,2001,1354,0,200095,6,0,2400,0,0,0,811.111083984375,0,0,2133.33333333333,253.571426391602,0,0,2027.77783203125,0,0,0,3041.66674804688,400,0,22360.578125,0,0,0,0,0,0,0,0,2607.14290364583,0,0,0,0,0,5214.28580729167,0,0,0,3476.1904296875,0,0,2607.14286295573,869.047607421875,6309.52408854167,0,0,6952.380859375,0,0,0,0,0,0,0,0,0,0,0,6580.87255859375,0,0,0,0,0,0,0,68044.625,2908.73754882813
"NGA",3,1,"LSMS-ISA2015",2015,3,20,2001,1354,0,200096,2,0,0,0,1216.66662597656,0,0,0,0,3250,2247.380859375,0,0,0,0,1303.57141113281,0,0,200,0,5739.46533203125,0,0,0,0,9125,0,3910.71435546875,0,0,1303.57141113281,0,0,0,0,7039.28576660156,0,2607.14282226563,0,0,0,0,9124.99987792969,521.428588867188,7821.42919921875,0,5490.03076171875,0,0,0,0,0,0,0,0,0,0,0,0,4005.23754882813,0,0,0,0,0,0,608.333312988281,65514.2578125,2908.73754882813
"NGA",3,1,"LSMS-ISA2015",2015,3,20,2001,1354,0,200097,13,0,923.076904296875,0,0,0,655.128230168269,0,0,5969.23076923077,3775.09130859375,0,0,7487.1796875,0,0,0,9358.974609375,2961.53857421875,0,10707.3857421875,0,0,0,0,0,8021.97776442308,1203.29672475962,1403.84615384615,1604.39558293269,0,8021.97776442308,4010.98888221154,0,3409.34074519231,12835.1647385817,3409.34067007212,5013.73617788462,0,2406.59344951923,3008.24188701923,0,42115.3834885817,601.648362379808,2005.49444110577,0,4223.10036057692,13449.8533653846,0,0,0,0,0,0,0,0,0,0,0,0,2976.59254807692,0,0,0,0,0,561.538452148438,162120.109375,2908.73754882813
"NGA",3,1,"LSMS-ISA2015",2015,3,20,2001,1354,0,200098,4,0,1800,0,3041.66674804688,0,1520.83337402344,0,0,700,360.714294433594,0,0,0,0,0,1520.83337402344,912.5,225,0,5445.25537109375,0,3128.57153320313,3128.57153320313,3128.57153320313,16946.4282226563,0,0,0,1303.57141113281,0,0,9125,1303.57141113281,0,7169.64282226563,0,14991.0715332031,9776.78564453125,5214.28564453125,0,0,0,2607.14282226563,0,0,0,0,0,0,0,0,0,0,0,0,0,0,0,0,0,0,0,0,0,0,0,93350.015625,2908.73754882813
"NGA",3,1,"LSMS-ISA2015",2015,3,20,2001,1354,0,200099,11,0,1090.90905761719,0,0,0,0,0,0,581.818181818182,237.012985229492,0,0,553.030317826705,0,0,0,663.636352539063,0,0,2544.2578125,0,0,0,0,0,0,0,0,0,0,0,0,0,0,2844.15589488636,0,0,0,0,0,0,2607.14288884943,948.051935369318,1012.98703835227,0,0,5688.31178977273,0,0,0,0,0,0,0,0,0,0,0,10688.0877130682,7113.09730113636,0,0,0,0,0,0,36572.5,2908.73754882813
"NGA",3,1,"LSMS-ISA2015",2015,3,20,2001,1354,0,200100,9,9.46296310424805,0,0,0,0,0,0,0,1011.11111111111,458.121704101563,0,0,0,0,0,202.777777777778,1892.59265136719,0,0,2612.046875,0,3910.71440972222,0,1738.09526909722,11587.3012152778,0,0,0,0,1158.73014322917,40555.5555555556,0,0,1158.73014322917,2143.65071614583,0,3070.63487413194,9559.5234375,579.365071614583,0,0,579.365071614583,289.682535807292,1682.53982204861,0,0,0,0,0,0,0,0,0,0,0,0,0,0,0,0,0,0,0,0,0,270.370361328125,84470.375,2908.73754882813
"NGA",3,1,"LSMS-ISA2015",2015,3,20,2025,760,0,200101,7,0,0,0,608.333356584821,0,695.238071986607,0,0,1071.42857142857,725.918395996094,0,0,0,0,7448.97935267857,0,3476.19067382813,0,0,8122.13427734375,0,0,2885.82828056397,0,11882.8218481006,0,1697.54594508742,0,0,0,0,6790.18378034967,0,0,6450.67449646927,0,9845.76656334491,0,1188.28218666965,0,0,2376.5643733393,424.386486271855,0,5931.56282696048,0,0,0,0,0,0,0,0,0,0,0,4526.78921169437,0,520.145520483208,27056.5653218062,0,0,0,0,0,869.047668457031,104594.375,4686.29931640625
"NGA",3,1,"LSMS-ISA2015",2015,3,20,2025,760,0,200102,11,0,1090.90905761719,0,1106.06063565341,0,0,0,0,836.363636363636,237.012985229492,0,0,0,0,237.01298384233,0,774.242431640625,0,0,1605.82971191406,0,4740.25958806818,0,3412.98686079545,0,0,0,0,0,0,0,0,0,0,3175.97407670455,0,2654.54545454545,0,0,0,0,4266.23375355114,237.01298384233,0,0,0,0,0,0,0,0,0,0,0,0,0,0,0,0,0,0,0,0,0,0,0,24374.443359375,4686.29931640625
"NGA",3,1,"LSMS-ISA2015",2015,3,20,2025,760,0,200103,7,0,5142.85693359375,0,869.047642299107,0,347.619035993304,0,0,4857.14285714286,334.693878173828,0,0,0,0,1489.7958984375,173.809517996652,1390.47619628906,285.714294433594,0,5219.06298828125,0,2234.69391741071,0,0,8193.87779017857,0,3128.57142857143,0,0,1489.7958984375,0,0,0,0,4096.93868582589,1489.7958984375,4096.93875558036,2979.591796875,0,372.448974609375,0,15270.4078543527,372.448974609375,0,0,3137.16043526786,0,0,0,0,0,0,0,0,0,0,0,0,521.428571428571,0,0,0,0,0,0,0,67494.3203125,4686.29931640625
"NGA",3,1,"LSMS-ISA2015",2015,3,20,2025,760,0,200104,12,3041.66674804688,1500,0,2027.77783203125,0,506.944458007813,0,0,1883.33333333333,2446.42846679688,0,0,1013.88891601563,0,869.047607421875,0,1013.88891601563,133.33332824707,0,2566.05224609375,0,0,0,0,8690.47591145833,0,0,0,0,0,0,0,0,0,3389.28564453125,0,0,3041.66666666667,1303.57145182292,0,0,3041.66666666667,434.523803710938,0,1042.85717773438,4575.025390625,0,0,0,0,0,0,0,0,0,0,0,0,4008.62618001302,3318.43619791667,0,0,0,0,0,0,49848.49609375,4686.29931640625
"NGA",3,1,"LSMS-ISA2015",2015,3,20,2025,760,0,200105,13,935.8974609375,802.197814941406,0,467.94873046875,0,467.94873046875,0,0,2138.46153846154,218.9560546875,0,0,0,0,0,0,2807.6923828125,153.846160888672,0,6174.7548828125,0,3549.62304337866,3752.45874022854,0,7099.24608675733,0,0,0,405.671218547088,0,0,6085.0680861899,0,507.089004403812,2434.02716525808,0,2028.3560363953,7099.24608675733,253.544502201906,0,0,1977.64717580503,253.544502201906,736.321081885705,0,0,2028.35601761525,0,0,0,1.52126705814342,0,0,0,0,0,2704.47464569479,0,4.62860171594859,1902.30791024077,0,0,0,0,0,935.8974609375,57926.734375,4686.29931640625
"NGA",3,1,"LSMS-ISA2015",2015,3,20,2025,760,0,200106,9,0,0,0,405.555555555556,0,675.925944010417,0,0,1111.11111111111,237.566131591797,0,0,0,0,0,0,675.925903320313,111.111114501953,0,1788.68823242188,0,0,0,0,5214.28559027778,0,3476.19053819444,0,869.047634548611,0,4634.92057291667,0,0,0,3765.87299262153,0,3765.87293836806,5214.28559027778,579.365071614583,0,0,5503.96809895833,173.809529622396,2063.4921875,1595.33268229167,0,0,0,0,0,0,0,0,0,0,0,0,0,0,0,0,0,0,0,0,0,41862.3203125,4686.29931640625
"NGA",3,1,"LSMS-ISA2015",2015,3,20,2025,760,0,200107,4,0,9000,0,0,0,3650,0,0,4800,2982.14306640625,0,0,6083.33349609375,0,0,0,20683.333984375,250,0,16434.671875,0,0,2607.14282226563,0,0,0,0,4562.5,2607.14282226563,5214.28564453125,0,10428.5712890625,0,0,0,5866.0712890625,2998.21432495117,5214.28564453125,0,1564.28576660156,0,61528.5705566406,0,1303.57153320313,0,0,8742.404296875,2784.96557617188,0,6830.71435546875,0,0,0,0,0,0,5318.57177734375,0,883.72607421875,0,1296.28881835938,0,0,917.085327148438,0,1064.58337402344,195616.453125,4686.29931640625
"NGA",3,1,"LSMS-ISA2015",2015,3,20,2025,760,0,200108,10,0,720,0,608.333349609375,0,0,0,0,2920,705.476196289063,0,0,1216.66669921875,0,1042.85712890625,121.666662597656,9003.3330078125,40,0,5240.3505859375,0,0,0,0,1564.2857421875,0,782.14287109375,0,0,1042.85712890625,0,0,0,0,2346.428515625,782.14287109375,782.142846679688,2085.7142578125,782.14287109375,104.285717773438,0,11210.7146240234,156.428576660156,1564.28583984375,625.714306640625,1647.009375,0,0,0,0,0,0,0,0,0,0,1042.85712890625,0,319.542138671875,0,0,0,0,0,0,0,48457.37890625,4686.29931640625
"NGA",3,1,"LSMS-ISA2015",2015,3,20,2025,760,0,200109,9,0,266.666656494141,0,946.296332465278,0,540.74072265625,0,0,1777.77777777778,742.19580078125,0,0,0,0,0,270.370361328125,0,0,0,5955.3330078125,0,2954.76193576389,3244.44444444444,5677.77766927083,11587.3012152778,0,0,0,0,1738.09526909722,0,4055.55555555556,0,0,6373.01573350694,0,3649.99991861979,6604.76171875,0,0,0,1738.09524197049,289.682535807292,841.269911024306,0,926.984157986111,5239.74088541667,0,0,0,0,0,0,4345.23828125,0,1158.73014322917,0,410.689181857639,0,0,0,0,0,0,0,405.555541992188,71741.078125,4686.29931640625
"NGA",3,1,"LSMS-ISA2015",2015,3,20,2025,760,0,200110,9,0,4400,0,4731.48133680556,0,2703.70377604167,0,0,5444.44444444444,9251.587890625,675.925964355469,0,20277.7777777778,0,0,675.925944010417,11490.740234375,3814.81518554688,0,41141.046875,0,0,0,4055.55555555556,28968.2534722222,0,0,0,2027.77777777778,0,31285.7152777778,75317.4583333333,0,26361.1111111111,24333.3330078125,23753.9680989583,15353.1746961806,9269.84114583333,11587.3012152778,11007.9366319444,0,8690.47591145833,1158.73014322917,0,13496.1111111111,0,0,0,0,0,0,0,0,0,0,0,0,0,0,10867.2326388889,0,0,0,0,0,405.555541992188,402547,4686.29931640625
"NGA",3,1,"LSMS-ISA2015",2015,3,20,2025,1304,0,200111,8,2281.25,0,0,4562.5,0,304.166656494141,0,0,0,4938.39306640625,0,0,0,0,0,304.166656494141,1064.58337402344,0,0,2273.083984375,0,5475,0,0,9862.697265625,0,0,0,0,0,0,0,0,0,2281.25,0,4497.32153320313,2607.14282226563,651.785705566406,0,0,0,1629.46423339844,0,0,0,9862.697265625,0,0,0,977.678588867188,0,0,0,0,0,0,0,0,2445.12719726563,0,0,0,0,0,0,56018.3125,4524.70263671875
"NGA",3,1,"LSMS-ISA2015",2015,3,20,2025,1304,0,200112,10,2433.33349609375,1200,0,2433.3333984375,0,0,0,0,0,2694.04760742188,0,0,0,0,0,0,1216.66674804688,0,0,2333.642578125,0,2346.428515625,3128.571484375,2346.428515625,15642.85703125,0,0,0,1877.1427734375,0,0,0,0,0,9907.142578125,0,9907.1427734375,7039.2859375,0,0,0,7821.428515625,1042.85712890625,0,0,0,0,0,0,0,0,0,0,0,0,0,0,0,0,0,0,0,0,0,0,0,73370.3046875,4524.70263671875
"NGA",3,1,"LSMS-ISA2015",2015,3,20,2025,1304,0,200113,8,0,0,0,2281.25,0,760.416687011719,0,0,1562.5,1101.78564453125,0,0,0,0,7821.4287109375,0,0,0,0,4651.85400390625,0,0,977.678588867188,2541.96435546875,7821.4287109375,0,0,0,0,1303.57141113281,0,0,0,1303.57141113281,2411.60717773438,0,3258.92858886719,6322.32141113281,325.892852783203,0,0,2281.25003051758,325.892852783203,4732.14306640625,3036.625,11965.4794921875,2607.14282226563,0,0,0,0,0,5866.0712890625,0,0,0,0,184.810134887695,4.0537896156311,0,0,0,0,0,0,152.08332824707,75601.75,4524.70263671875
"NGA",3,1,"LSMS-ISA2015",2015,3,20,2025,1304,0,200114,12,0,3000,0,2534.72216796875,0,506.944458007813,0,0,716.666666666667,3170.634765625,0,0,608.333333333333,0,0,0,1013.88891601563,0,0,2167.93115234375,0,1770.15205270679,1327.61408123751,0,2124.1825625321,0,4646.6491978645,0,4646.6491978645,0,0,11948.5262367525,6195.53227195788,0,7080.60821082715,2655.22816247503,6859.33922814447,5310.45632495005,1770.15205270679,0,0,3097.76613597894,885.076026353394,0,0,0,0,0,0,0,0,0,0,0,0,0,0,0,0,0,0,0,0,0,0,0,74037.046875,4524.70263671875
"NGA",3,1,"LSMS-ISA2015",2015,3,20,2025,1304,0,200115,5,0,4800,0,1703.3333984375,0,243.333325195313,0,0,1980,424.285736083984,0,0,0,0,0,0,2676.66650390625,813.666625976563,0,3838.951171875,0,7821.42890625,6257.14296875,33892.85703125,0,0,0,0,0,0,0,7300,0,0,3858.5712890625,0,6778.571484375,16685.7140625,0,1042.85712890625,0,7821.4287109375,521.428564453125,0,0,1668.571484375,8342.85703125,0,0,0,0,0,0,0,0,0,0,0,0,0,0,0,0,0,0,486.666656494141,118958.3359375,4524.70263671875
"NGA",3,1,"LSMS-ISA2015",2015,3,20,2025,1304,0,200116,9,0,0,0,811.111111111111,0,67.5925903320313,0,0,2044.44444444444,730.687805175781,0,0,0,0,579.365071614583,0,5948.1484375,88.8888854980469,0,2803.71801757813,0,0,0,1077.83813772222,2514.9555824729,0,1149.69402515449,0,0,1437.11746637666,0,0,0,359.279366594164,3592.79361718893,718.558733188329,1077.83808896951,2514.9555824729,1077.83813772222,0,0,6107.74922678857,359.279366594164,2874.23519301915,0,1513.11601974968,0,0,0,0,0,0,0,0,0,0,0,0,3592.79385032804,0,0,0,0,0,0,135.185180664063,43177.1796875,4524.70263671875
"NGA",3,1,"LSMS-ISA2015",2015,3,20,2025,1304,0,200117,5,0,0,0,2433.3333984375,0,0,0,0,2340,212.285720825195,0,0,0,0,0,0,6570,0,0,5602.71875,0,6069.2594205031,3684.90768033515,0,13005.5561453911,0,0,0,1300.55563489086,0,0,5418.98145862456,0,0,4985.46290408837,0,2167.59267462247,0,0,0,0,2709.4907781404,541.898154397323,0,0,8670.37047035716,0,0,0,0,0,0,9754.16669380314,0,0,0,0,0,0,0,0,0,0,0,0,486.666656494141,75953.2421875,4524.70263671875
"NGA",3,1,"LSMS-ISA2015",2015,3,20,2025,1304,0,200118,7,0,1028.57141113281,0,1738.09528459821,0,173.809517996652,0,0,5642.85714285714,1143.77551269531,173.809524536133,0,0,0,1489.7958984375,0,9733.3330078125,914.285705566406,0,3541.19189453125,0,0,1489.7958984375,4469.38783482143,0,0,1862.24483816964,2532.65318080357,0,0,0,5959.18359375,372.448974609375,372.448974609375,3426.53055245536,893.877546037946,1564.28571428571,2532.65318080357,1117.34695870536,223.469395228795,0,10801.0203683036,0,0,0,0,4995.65959821429,0,0,0,0,542.002476283482,0,0,0,0,0,0,1897.158203125,0,0,0,0,131.012189592634,0,434.523834228516,71197.234375,4524.70263671875
"NGA",3,1,"LSMS-ISA2015",2015,3,20,2025,1304,0,200119,5,1654.66662597656,0,0,657,0,1216.66669921875,0,0,2000,305.952392578125,0,0,0,0,0,0,1216.66674804688,0,0,1200,0,5840,0,0,20857.1421875,0,0,0,0,0,0,7821.42890625,0,0,3962.85703125,0,3128.57138671875,4171.428515625,0,0,0,2711.42856445313,521.428564453125,0,0,0,0,0,0,0,0,0,0,0,0,0,0,0,1564.2857421875,7824.40703125,0,0,0,0,0,1216.66674804688,67870.6015625,4524.70263671875
"NGA",3,1,"LSMS-ISA2015",2015,3,20,2025,1304,0,200120,5,0,0,0,2433.3333984375,0,121.666662597656,0,0,4240,649.285766601563,0,0,973.33330078125,0,3128.571484375,243.333325195313,13140,560,0,3303.73510742188,0,0,0,0,5735.714453125,0,4275.7142578125,0,1042.85712890625,0,0,0,0,0,4692.85703125,2607.1427734375,4692.85708007813,3650,0,0,0,8864.2857421875,52.1428588867187,2085.714453125,0,3294.01875,0,0,0,0,0,0,0,0,0,0,0,0,0,4127.762109375,0,0,0,0,0,243.33332824707,74157.65625,4524.70263671875
"NGA",3,1,"LSMS-ISA2015",2015,3,20,2019,344,0,200121,4,0,0,0,0,0,304.166656494141,0,0,2950,714.880981445313,3041.66674804688,0,6083.33349609375,0,0,4562.5,0,0,0,7656.84716796875,0,0,0,0,0,0,0,0,0,0,0,0,0,260.714294433594,2867.85717773438,0,3258.92858886719,0,260.714294433594,0,0,3910.71423339844,1173.21429443359,6517.85693359375,3128.57153320313,0,2584.95849609375,0,0,0,0,0,0,0,0,0,0,0,33.3778474330902,6543.07836914063,0,0,0,0,0,0,55853.38671875,14220.494140625
"NGA",3,1,"LSMS-ISA2015",2015,3,20,2019,344,0,200122,9,0,0,0,946.296332465278,0,0,0,0,1588.88888888889,235.714294433594,0,0,0,0,0,0,946.296325683594,0,0,1385.18127441406,0,3362.94862377466,1561.36897324165,3603.15931081728,8887.79292864626,0,1321.15840445724,0,0,1201.05306581157,0,0,0,0,2702.36936485475,0,2101.84286151352,4083.58066539999,600.526532905784,0,0,3122.73802786352,300.263266452892,0,0,0,0,0,0,0,0,0,0,0,0,1601.40408612355,2691.10953149277,0,0,0,0,0,0,0,0,270.370361328125,42514.06640625,14220.494140625
"NGA",3,1,"LSMS-ISA2015",2015,3,20,2019,344,0,200123,9,0,0,0,0,0,0,0,0,2244.44444444444,694.047607421875,0,0,0,0,579.365071614583,0,540.74072265625,0,0,4134.9814453125,0,0,0,0,4055.55555555556,0,695.238118489583,0,0,869.047634548611,0,0,0,0,2201.58723958333,1738.09526909722,1738.09524197049,1738.09526909722,579.365071614583,0,0,4345.23811848958,289.682535807292,5214.28602430556,0,3660.02083333333,0,0,0,0,0,0,0,0,0,0,0,0,0,0,0,0,0,0,0,135.185180664063,35453.0703125,14220.494140625
"NGA",3,1,"LSMS-ISA2015",2015,3,20,2019,344,0,200124,8,0,0,0,0,0,76.0416641235352,0,0,3537.5,1124.10717773438,0,0,0,0,1303.57141113281,0,608.333312988281,300,0,2376.10693359375,0,0,0,1955.35717773438,2607.14282226563,0,3258.92858886719,0,1173.21432495117,0,0,0,0,0,1173.21423339844,1955.35717773438,2933.03570556641,0,651.785705566406,0,0,5866.07141113281,325.892852783203,5678.57177734375,0,0,0,0,0,0,0,0,0,0,0,0,0,0,0,0,0,0,0,0,0,152.08332824707,37056.3125,14220.494140625
"NGA",3,1,"LSMS-ISA2015",2015,3,20,2019,344,0,200125,10,0,0,0,365,0,243.333325195313,0,0,1100,72.1428604125977,0,0,0,0,0,0,608.333312988281,400,0,2896.92919921875,0,5186.63821322937,4630.9271734992,2778.55609441129,0,0,0,0,0,0,0,0,0,0,2161.09923642715,0,2593.31913102875,13614.9253383547,0,0,0,1358.40523040593,617.456916354806,0,0,0,0,0,0,0,0,0,0,0,0,0,0,0,0,0,0,0,0,0,0,0,38627.06640625,14220.494140625
"NGA",3,1,"LSMS-ISA2015",2015,3,20,2019,344,0,200126,7,0,0,0,0,0,0,0,0,342.857142857143,131.632659912109,0,0,0,0,0,0,0,142.857147216797,0,2004.85327148438,0,7335.56940397701,0,4584.73080532493,0,0,0,0,0,0,0,0,0,0,1681.06795393521,0,2598.01412702609,5654.50131053288,382.06088861748,0,0,2674.42621851768,764.121777234959,0,0,0,0,0,0,0,0,0,0,0,0,0,0,0,0,0,0,0,0,0,0,0,28296.693359375,14220.494140625
"NGA",3,1,"LSMS-ISA2015",2015,3,20,2019,344,0,200127,10,0,0,0,0,0,121.666662597656,0,0,6100,1148.45239257813,0,1825,0,0,0,0,4136.6669921875,160,0,6153.13916015625,0,0,0,1564.2857421875,3650,0,1616.42856445313,0,0,0,0,2085.7142578125,0,0,2502.85708007812,1042.85712890625,4432.14282226563,0,521.428564453125,0,0,2607.14282226563,260.714282226562,9085.71484375,0,0,0,0,0,0,0,0,0,0,0,0,0,0,0,0,0,0,0,0,0,121.666664123535,49135.8828125,14220.494140625
"NGA",3,1,"LSMS-ISA2015",2015,3,20,2019,344,0,200128,4,912.5,0,0,0,0,304.166656494141,0,0,1750,1040.77380371094,0,0,3041.66674804688,0,0,0,1520.83325195313,2000,0,11294.6630859375,0,5390.14889367026,3503.59674910454,6063.91742592622,0,0,0,0,0,0,0,0,0,673.768611708783,8085.22346824268,0,8758.9921339029,10106.5292210827,673.768611708783,0,0,1212.78352577322,2156.05965625775,0,0,0,0,0,0,0,0,0,0,0,0,0,0,0,0,0,0,0,0,0,0,0,68489.390625,14220.494140625
"NGA",3,1,"LSMS-ISA2015",2015,3,20,2019,344,0,200129,7,0,0,0,347.619035993304,0,0,0,0,1242.85714285714,131.632659912109,0,0,0,0,0,0,695.238098144531,0,2383.67354910714,4998.36962890625,0,6038.90751897239,2167.81289560025,8438.98570446028,0,0,0,0,0,0,0,0,0,0,2942.03170716667,0,4103.36010265462,5884.06341433333,387.10944066044,0,0,1548.43776264176,387.10944066044,0,0,0,15484.3773173824,0,0,0,0,0,0,0,0,0,0,0,0,5808.85290066213,0,0,0,0,0,0,62990.43359375,14220.494140625
"NGA",3,1,"LSMS-ISA2015",2015,3,20,2019,344,0,200130,8,0,0,0,1064.58337402344,0,0,0,0,1612.5,165.178573608398,0,0,0,0,0,0,6083.33349609375,0,0,8303.65234375,0,5744.67194134044,4445.28163630533,4376.89305347045,8206.67433013141,0,3214.28068605047,0,0,0,0,0,0,1367.7790099403,2598.78008226548,0,5949.83868858798,24072.9107780015,683.88950497015,0,0,2188.44642859524,341.944752485075,993.04513359943,11151.6804664397,0,0,0,0,0,0,0,0,0,0,0,0,0,0,0,0,0,0,0,0,456.25,93021.625,14220.494140625
"NGA",3,1,"LSMS-ISA2015",2015,3,20,2009,240,0,200131,12,0,0,0,1216.66666666667,0,1520.83333333333,0,0,833.333333333333,126.785713195801,0,0,3041.66666666667,506.944458007813,0,0,405.555541992188,0,0,8041.36328125,0,3041.66666666667,3106.84537760417,1303.57145182292,21726.1907552083,8690.47591145833,0,0,2607.14290364583,0,0,7821.42838541667,0,1303.57145182292,3997.61897786458,0,2607.14284261068,3041.66666666667,434.523803710938,0,0,3302.38094075521,217.261901855469,0,0,0,0,0,0,0,0,0,0,0,0,0,0,0,0,0,432.096272786458,0,0,0,0,202.777770996094,79529.515625,11150.16015625
"NGA",3,1,"LSMS-ISA2015",2015,3,20,2009,240,0,200132,7,0,0,0,0,0,86.9047589983259,0,0,3157.14285714286,666.836791992188,0,0,2607.14285714286,0,0,0,7647.61962890625,428.571441650391,0,3604.78051757813,0,0,0,0,5214.28571428571,0,2607.14285714286,0,893.877580915179,0,0,0,0,0,2979.591796875,1117.34695870536,1862.24487304688,2979.591796875,1117.34695870536,0,0,8640.8163016183,372.448974609375,4469.38811383929,0,1568.58021763393,0,0,0,0,0,0,0,0,0,0,0,0,658.9482421875,0,0,0,0,0,0,173.809524536133,52854.421875,11150.16015625
"NGA",3,1,"LSMS-ISA2015",2015,3,20,2009,240,0,200133,9,0,0,0,0,0,0,0,0,1822.22222222222,461.640197753906,0,0,1351.85188802083,0,0,0,5948.1484375,987.037109375,0,4134.9814453125,0,2317.46028645833,0,0,0,0,1738.09526909722,0,0,0,0,0,0,0,2317.46028645833,579.365071614583,1639.92502170139,0,0,0,0,4055.55552842882,289.682535807292,5793.65060763889,1390.47623697917,0,2297.74088541667,0,0,0,0,0,0,0,0,0,0,0,481.194878472222,0,0,0,0,0,0,135.185180664063,37741.671875,11150.16015625
"NGA",3,1,"LSMS-ISA2015",2015,3,20,2009,240,0,200134,7,0,0,0,0,0,86.9047589983259,0,0,3928.57142857143,651.870727539063,0,0,2607.14285714286,0,0,0,347.619049072266,2195.23803710938,0,3604.78051757813,0,0,0,0,5214.28571428571,0,2979.591796875,0,1117.34695870536,0,0,0,0,0,2979.591796875,1489.7958984375,2979.591796875,2979.591796875,0,0,0,5214.28564453125,0,5959.18415178571,0,0,0,0,0,0,0,0,0,0,0,0,0,0,618.679129464286,0,0,0,0,303.948277064732,0,173.809524536133,45431.828125,11150.16015625
"NGA",3,1,"LSMS-ISA2015",2015,3,20,2009,240,0,200135,5,0,0,0,0,0,0,0,0,980,288.571441650391,0,0,3650,0,0,0,730,60,0,3173.87915039063,0,2294.2857421875,3754.285546875,3754.285546875,0,0,0,0,0,0,0,5214.285546875,0,0,3232.8572265625,0,0,12514.2859375,1042.85712890625,0,0,2085.7142578125,1564.2857421875,0,0,5005.7140625,0,0,0,0,0,0,0,0,0,0,0,0,3166.38076171875,0,0,0,0,0,0,0,52511.6875,11150.16015625
"NGA",3,1,"LSMS-ISA2015",2015,3,20,2009,240,0,200136,10,0,0,0,1095,0,0,0,0,980,292.142883300781,0,0,0,0,0,365,0,0,0,8930.2265625,0,1686.65858014201,0,2759.98659100821,2299.98892349643,0,0,0,0,1533.32591644553,5749.9725774175,26833.2041239779,0,0,6363.30252395209,0,3833.31492545205,12266.6073315643,383.331479111384,0,0,0,383.331479111384,0,0,0,0,0,0,0,0,0,6899.96657517678,0,0,0,0,0,766.663028428415,0,0,0,0,0,0,0,83422.0234375,11150.16015625
"NGA",3,1,"LSMS-ISA2015",2015,3,20,2009,240,0,200137,8,304.166656494141,0,0,1520.83337402344,0,0,0,0,1450.5,394.345245361328,0,0,0,0,0,0,1520.83337402344,50,0,1882.94213867188,0,0,2030.06225637033,5075.15555712751,0,0,2537.57777856375,0,0,0,0,0,0,0,9558.20949959659,0,0,10150.311114255,845.859216413042,0,0,3806.36659955616,1015.03112818516,3684.70207987618,0,0,10150.311114255,0,0,0,0,0,0,0,0,0,0,0,4410.46438852428,0,0,0,0,0,0,0,60387.671875,11150.16015625
"NGA",3,1,"LSMS-ISA2015",2015,3,20,2009,240,0,200138,6,0,0,0,1013.88891601563,0,0,0,0,1723.33333333333,170.238098144531,0,0,0,0,0,0,0,0,0,7529.775390625,0,0,0,0,17380.9518229167,0,0,0,0,0,0,6083.33333333333,0,0,3041.66666666667,869.047607421875,869.047607421875,6952.380859375,434.523803710938,0,0,4258.33333333333,434.523803710938,3785.71451822917,0,6952.380859375,0,0,0,0,0,0,0,0,0,0,0,0,2638.65063476563,0,0,0,0,0,0,405.555541992188,64543.34375,11150.16015625
"NGA",3,1,"LSMS-ISA2015",2015,3,20,2009,240,0,200139,4,0,0,0,0,0,0,0,0,1325,589.880981445313,0,0,0,0,0,0,0,75,0,8141.46533203125,0,4069.68658404318,0,4069.68658404318,14243.9027725584,0,0,0,2034.84329202159,0,0,0,0,0,6104.52960447207,0,3391.40543686185,0,0,0,0,1356.56215033068,1627.87465912942,0,0,0,0,0,0,0,0,0,0,0,0,0,0,0,831.329160409411,0,0,0,0,0,0,0,47861.16796875,11150.16015625
"NGA",3,1,"LSMS-ISA2015",2015,3,20,2009,240,0,200140,5,0,0,0,0,0,0,0,0,3660,870.952331542969,0,0,4380,0,0,0,730,1456.66674804688,0,5331.55908203125,0,0,0,3128.571484375,0,0,4692.8572265625,0,0,0,0,0,0,0,1668.571484375,2085.7142578125,1564.28569335938,3650,1564.2857421875,0,0,7300,521.428564453125,5214.285546875,0,0,0,0,0,0,0,0,0,0,0,0,0,0,866.15078125,0,0,0,0,0,0,243.33332824707,48928.66015625,11150.16015625
"NGA",3,1,"LSMS-ISA2015",2015,3,20,2008,1474,0,200141,8,0,0,0,0,0,0,0,0,800,115.178573608398,0,0,0,0,0,0,0,175,0,1337.37487792969,0,0,0,0,5251.25868420216,0,4501.07894738378,0,0,0,0,0,0,0,5251.25868420216,0,0,7501.79785646497,1125.26973684595,0,0,525.125866510601,900.215805503018,3267.90678502641,0,6001.43838282823,0,0,0,0,0,0,0,0,0,0,0,0,4757.11745902844,0,0,0,0,0,0,0,41510.01953125,6948.650390625
"NGA",3,1,"LSMS-ISA2015",2015,3,20,2008,1474,0,200142,3,0,0,0,0,0,0,0,0,1466.66666666667,547.619079589844,0,0,0,0,0,0,3650,266.666656494141,0,16216.46484375,0,0,0,5214.28580729167,6430.95247395833,0,0,0,0,0,0,0,0,0,4171.4287109375,0,1738.09521484375,10428.5716145833,2433.33333333333,0,0,2607.14290364583,869.047607421875,0,0,0,0,0,0,0,0,0,0,0,0,0,0,0,2130.28092447917,0,0,0,0,0,0,0,58170.55859375,6948.650390625
"NGA",3,1,"LSMS-ISA2015",2015,3,20,2008,1474,0,200143,11,0,0,0,0,0,0,0,0,445.818181818182,65.5844192504883,0,0,0,0,0,0,1548.48486328125,275.757568359375,0,2427.9560546875,0,1326.98284807218,1769.31047407513,4423.27614028282,7582.75926751542,0,0,0,0,0,0,0,0,631.896580850991,2401.20701053692,0,1263.79316170198,2022.06918961925,0,0,0,3159.48297858084,315.948290425496,0,0,0,2527.58632340396,0,0,0,0,0,0,0,0,0,0,0,0,4741.02917050172,0,0,0,0,0,221.212112426758,37150.15234375,6948.650390625
"NGA",3,1,"LSMS-ISA2015",2015,3,20,2008,1474,0,200144,6,0,0,0,0,0,202.777770996094,0,0,4866.66666666667,1227.18249511719,0,0,4055.5556640625,0,2607.14290364583,0,2027.77783203125,3341.66674804688,0,12588.8173828125,0,0,0,0,7126.19075520833,0,3128.57145182292,0,1042.85717773438,0,0,5214.28580729167,0,0,5388.09521484375,0,3476.1904296875,3476.1904296875,869.047607421875,0,0,8255.95239257813,434.523803710938,5214.2861328125,0,3660.0205078125,0,0,0,0,0,0,0,0,0,0,0,830.664632161458,434.523844401042,0,0,0,0,0,0,202.777770996094,79671.7734375,6948.650390625
"NGA",3,1,"LSMS-ISA2015",2015,3,20,2008,0,0,200145,9,0,0,0,946.296332465278,0,0,0,0,953.333333333333,502.380981445313,0,0,0,0,0,0,0,0,0,1425.51184082031,0,7267.53416896496,3114.65733217103,5623.68672848565,5623.68672848565,0,0,0,0,0,0,0,0,0,3287.69391627485,0,4758.50442475426,6921.46100075733,43.2591326110701,0,0,0,432.591312547333,0,6046.23989959333,0,0,0,0,0,0,0,0,0,0,0,0,0,0,0,0,0,0,0,0,0,46946.8359375,6948.650390625
"NGA",3,1,"LSMS-ISA2015",2015,3,20,2008,1474,0,200146,8,0,0,0,0,0,0,0,0,2225,312.857147216797,0,0,0,0,1303.57141113281,228.125,5018.75,150,0,2735.4794921875,0,3128.57153320313,0,0,2607.14282226563,0,1303.57141113281,0,0,0,0,0,0,0,2737.5,0,2607.14282226563,2607.14282226563,0,0,0,3910.71429443359,325.892852783203,2839.28588867188,0,2085.71435546875,0,0,0,0,0,0,0,0,0,0,0,0,0,0,0,0,0,0,0,0,36126.46484375,6948.650390625
"NGA",3,1,"LSMS-ISA2015",2015,3,20,2008,1474,0,200147,13,0,0,0,0,0,0,0,0,638.461538461538,126.373626708984,0,0,0,0,0,0,467.948699951172,61.538459777832,0,1640.123046875,0,0,0,0,8697.72150283227,0,5641.76526012442,0,0,0,0,0,0,0,5641.76505411844,0,0,4936.54449960588,752.235377567901,0,0,940.294175686406,705.220657515552,3413.39686612729,3285.57469172207,4513.41192310244,0,0,0,0,0,0,0,0,0,0,0,0,2739.54850010633,9695.83688714181,0,0,0,0,0,0,53897.765625,6948.650390625
"NGA",3,1,"LSMS-ISA2015",2015,3,20,2008,1474,0,200148,8,0,0,0,0,0,152.08332824707,0,0,5050,2561.60717773438,0,0,6083.33349609375,0,0,0,4562.5,6812.5,0,9441.61328125,0,0,0,0,10428.5712890625,0,3910.71435546875,0,1629.46423339844,0,5214.28564453125,3910.71435546875,0,0,7169.64288330078,2607.14282226563,6843.75,5214.28564453125,1303.57141113281,0,0,15642.8569335938,325.892852783203,5678.57177734375,0,7300,0,0,0,0,0,0,0,0,0,0,0,0,0,0,0,0,0,0,0,228.125,112071.234375,6948.650390625
"NGA",3,1,"LSMS-ISA2015",2015,3,20,2008,1474,0,200149,5,0,0,0,1946.6666015625,0,0,0,0,1732,284.285705566406,0,0,0,0,0,0,0,0,0,12469.771484375,0,9490,0,4380,8342.85703125,0,0,0,0,0,0,7300,0,1042.85712890625,1877.1427734375,0,6987.14272460938,7925.7140625,521.428564453125,0,0,2085.7142578125,521.428564453125,0,0,6674.2859375,4171.428515625,0,0,0,0,0,0,0,0,0,3128.571484375,0,0,26883.534375,0,0,0,0,0,608.333374023438,108373.171875,6948.650390625
"NGA",3,1,"LSMS-ISA2015",2015,3,20,2008,1474,0,200150,7,0,0,0,1216.66671316964,0,86.9047589983259,0,0,1142.85714285714,160.204086303711,0,0,0,0,0,1216.66671316964,9038.095703125,347.619049072266,0,2267.05639648438,0,11677.6105003981,0,4216.91500354631,16218.9036511683,0,0,0,0,0,0,0,0,0,4541.29301126122,0,2189.55204715027,8531.14348992102,405.472598683211,0,0,1784.07947691592,405.472598683211,0,0,2595.02475689355,0,0,0,0,0,0,0,0,0,0,0,0,892.039738457962,3042.20258553526,0,0,0,0,0,173.809524536133,72149.5859375,6948.650390625
"NGA",3,1,"LSMS-ISA2015",2015,3,20,2013,1232,0,200151,9,0,0,0,675.925944010417,0,81.1111111111111,0,0,933.333333333333,69.0476226806641,0,0,1351.85188802083,270.370361328125,0,0,946.296325683594,270.370361328125,0,1385.18127441406,0,5642.00180817012,3224.0009712361,4030.00108084792,4960.00152569688,0,0,0,0,0,0,0,0,620.00019071211,2294.00076809128,310.000095356055,2170.00065977668,21452.0072394472,0,0,0,3224.00102548957,310.000095356055,0,0,2326.17501515192,0,0,0,0,0,0,0,0,0,0,0,0,0,0,0,0,0,0,0,0,56545.671875,6625.45751953125
"NGA",3,1,"LSMS-ISA2015",2015,3,20,2013,1232,0,200152,7,0,0,0,0,0,0,0,0,4200,563.775512695313,0,0,1738.09528459821,0,1489.7958984375,955.952357700893,3476.19067382813,1703.57141113281,0,3604.78051757813,0,6257.14285714286,0,0,5214.28571428571,0,2234.69391741071,2607.14285714286,0,0,0,0,0,0,3426.53069196429,1489.7958984375,2607.14278738839,2979.591796875,744.89794921875,0,0,5586.73472377232,372.448974609375,0,0,0,0,0,0,0,0,0,0,0,0,0,0,0,618.679129464286,0,0,0,0,0,0,173.809524536133,52045.05859375,6625.45751953125
"NGA",3,1,"LSMS-ISA2015",2015,3,20,2013,1232,0,200153,9,0,0,0,0,0,67.5925903320313,0,0,3133.33333333333,920.158752441406,0,0,0,0,579.365071614583,135.185180664063,1351.85180664063,177.777770996094,0,4377.58984375,0,0,0,1853.96831597222,6952.38107638889,0,2607.14279513889,0,579.365071614583,0,0,0,0,0,2665.07942708333,1738.09526909722,2607.14279513889,2027.77777777778,579.365071614583,115.873019748264,0,7242.06342230903,289.682535807292,3476.19075520833,0,0,0,0,0,0,0,0,0,0,0,0,0,0,0,0,0,0,0,0,0,0,43476.9765625,6625.45751953125
"NGA",3,1,"LSMS-ISA2015",2015,3,20,2013,1232,0,200154,5,0,0,0,1216.66669921875,0,121.666662597656,0,0,2720,536.285766601563,0,0,1095,0,0,0,5596.6669921875,4610,0,3952.79418945313,0,8760,0,3128.571484375,0,0,4171.428515625,0,1564.2857421875,0,0,0,0,0,2085.7142578125,1042.85712890625,3128.57138671875,3650,1042.85712890625,0,0,8864.28564453125,521.428564453125,0,0,0,0,0,0,0,0,0,0,0,0,0,0,0,469.285693359375,0,0,0,0,0,0,0,58278.3671875,6625.45751953125
"NGA",3,1,"LSMS-ISA2015",2015,3,20,2013,1232,0,200155,8,0,0,0,1520.83337402344,0,0,0,0,1875,282.589294433594,0,0,3041.66674804688,0,3258.92846679688,0,3041.66674804688,375,0,2598.73754882813,0,0,0,0,24767.8564453125,0,0,0,1303.57141113281,0,0,0,0,0,7169.64306640625,0,7821.42846679688,10428.5715332031,3584.82153320313,0,0,4888.39276123047,651.785705566406,4732.14306640625,0,5214.28564453125,0,0,0,0,0,0,0,0,0,0,0,0,0,0,0,0,0,0,0,0,86556.9140625,6625.45751953125
"NGA",3,1,"LSMS-ISA2015",2015,3,20,2013,1232,0,200156,10,0,0,0,0,0,0,0,243.33332824707,690,142.142852783203,0,0,0,0,0,0,1946.66662597656,0,0,1696.55200195313,0,3972.55881179437,1655.23294537789,2482.849311884,0,0,0,0,0,0,0,2758.72143973709,0,0,2151.80274802406,827.616445432686,2758.72151297928,8386.51320259374,275.87214942496,0,0,1213.8374867667,551.744298849921,0,0,0,0,0,0,0,0,0,0,0,0,735.659063238431,0,0,0,0,0,0,0,0,0,365,32854.82421875,6625.45751953125
"NGA",3,1,"LSMS-ISA2015",2015,3,20,2013,1232,0,200157,5,0,0,0,0,0,243.333325195313,0,0,2600,793.571411132813,486.666656494141,0,4866.666796875,0,0,0,3650,480,0,3965.0078125,0,0,0,0,0,0,0,0,1042.85712890625,0,0,7300,0,2085.71435546875,18458.5715820313,1564.2857421875,8864.28564453125,0,0,208.571435546875,0,11679.9997070312,521.428564453125,5214.285546875,0,0,8271.8671875,0,0,0,0,0,0,0,0,0,0,0,0,10468.925390625,0,0,0,0,0,243.33332824707,93009.375,6625.45751953125
"NGA",3,1,"LSMS-ISA2015",2015,3,20,2013,1232,0,200158,5,0,0,0,1216.66669921875,0,243.333325195313,0,0,720,384.285705566406,4866.6669921875,0,0,0,0,486.666650390625,1216.66674804688,2000,0,4944.2216796875,0,7873.34281271624,1640.2798567364,0,27337.9966015949,0,0,0,0,0,0,0,0,0,5905.00751669885,0,4374.07948775539,7654.63919020373,2187.03974387769,0,0,1858.98378875433,2733.79962550677,0,0,0,0,0,0,0,0,0,0,0,0,0,0,0,2310.41129755382,0,0,0,0,0,0,0,79954.078125,6625.45751953125
"NGA",3,1,"LSMS-ISA2015",2015,3,20,2013,1232,0,200159,9,0,0,0,0,0,135.185180664063,0,0,4300,732.275146484375,0,0,2703.70377604167,0,0,0,4461.111328125,1050,0,4134.9814453125,0,0,0,0,4634.92057291667,0,2027.77777777778,0,0,0,0,0,0,0,3707.9365234375,869.047634548611,2607.14282226563,4634.92057291667,869.047634548611,0,0,6083.33333333333,289.682535807292,3476.19075520833,0,2440.013671875,0,0,0,0,0,0,0,0,0,0,0,0,0,0,0,0,0,0,0,135.185180664063,49292.453125,6625.45751953125
"NGA",3,1,"LSMS-ISA2015",2015,3,20,2013,1232,0,200160,6,0,0,0,405.555541992188,0,202.777770996094,0,0,2000,176.904769897461,0,0,1622.22216796875,304.166666666667,0,0,3041.66674804688,202.777770996094,0,1644.4541015625,0,9198.73120575511,2476.58152955651,0,17689.8674816392,0,0,0,0,1768.98678202101,0,7075.94712808404,0,0,3272.62563680085,0,3272.62555542064,14151.8942561681,0,0,0,0,884.493391010505,0,0,0,7075.94712808404,0,0,0,0,0,0,0,0,0,0,0,0,0,0,0,0,0,0,0,76468.21875,6625.45751953125
"NGA",3,1,"LSMS-ISA2015",2015,3,20,2028,498,0,200161,5,0,2400,0,0,0,121.666662597656,0,0,4400,1574.28576660156,0,0,2433.3333984375,0,0,365,1703.33325195313,320,0,19706.830078125,0,0,0,0,4588.571484375,0,2502.85712890625,0,0,0,0,0,0,0,4901.42856445312,1564.2857421875,2711.42856445313,4171.428515625,1042.85712890625,1251.42861328125,0,10428.5713867188,521.428564453125,9085.71484375,9717.2,1668.571484375,0,0,0,0,0,0,0,0,0,0,0,0,0,0,0,0,0,0,0,243.33332824707,87423.5546875,8887.80859375
"NGA",3,1,"LSMS-ISA2015",2015,3,20,2028,498,0,200162,5,0,0,0,0,0,0,0,0,1280,1440.95239257813,0,0,0,0,0,0,1460,600,0,5382.52001953125,0,8760,4692.85703125,0,17207.1421875,0,0,0,0,0,0,0,0,0,2085.7142578125,0,1042.85712890625,20857.1421875,834.2857421875,0,0,11054.2857421875,1042.85712890625,0,0,7825.37890625,20857.1421875,0,0,0,0,0,0,0,0,0,0,0,2203.37001953125,0,0,0,0,0,0,0,108626.5078125,8887.80859375
"NGA",3,1,"LSMS-ISA2015",2015,3,20,2028,498,0,200163,1,0,0,0,0,0,0,0,0,0,1521.42858886719,0,0,0,0,0,0,0,600,0,171702.453125,0,0,0,0,24514.5025731619,0,0,0,0,0,0,0,0,15409.1158682771,18911.1874771948,0,6303.72924044513,28016.5735396927,3502.07169246158,0,0,0,2801.65754798354,30511.2022217007,16315.9124739805,22413.2603838684,0,0,0,0,0,0,0,0,0,0,0,0,0,0,0,0,0,0,0,0,342523.0625,8887.80859375
"NGA",3,1,"LSMS-ISA2015",2015,3,20,2028,498,0,200164,9,4055.5556640625,1333.33337402344,0,202.777777777778,0,878.703721788194,0,0,4888.88888888889,4916.27001953125,0,0,1351.85188802083,0,5793.65060763889,0,2027.77783203125,1159.25927734375,0,2569.619140625,0,0,869.047634548611,0,6373.01605902778,11587.3012152778,0,0,3476.19053819444,4634.92057291667,0,2896.82530381944,0,2433.33333333333,6488.888671875,1158.73014322917,2027.77777777778,4634.92057291667,579.365071614583,5793.65093315972,0,6952.380859375,289.682535807292,1682.53982204861,0,1853.96831597222,0,0,0,0,0,0,0,0,0,0,0,0,0,0,0,579.365071614583,0,0,0,4731.4814453125,98221.0859375,8887.80859375
"NGA",3,1,"LSMS-ISA2015",2015,3,20,2028,498,0,200165,6,0,2000,0,0,0,0,0,0,4050,1588.29357910156,0,0,2027.77783203125,0,869.047607421875,0,811.111083984375,500,0,6202.47216796875,0,0,2607.14290364583,0,3476.1904296875,0,1303.57145182292,0,1303.57145182292,0,0,0,0,0,4171.42854817708,869.047607421875,3910.71427408854,0,869.047607421875,173.809529622396,0,6952.38094075521,434.523803710938,12166.66796875,0,0,0,0,0,0,0,0,0,0,0,0,0,0,0,0,0,0,0,0,0,202.777770996094,56489.57421875,8887.80859375
"NGA",3,1,"LSMS-ISA2015",2015,3,20,2028,498,0,200166,8,0,1500,0,760.416687011719,0,152.08332824707,0,0,1750,444.940490722656,0,0,2281.25,0,0,0,1520.83337402344,0,0,4776.861328125,0,7821.4287109375,5214.28564453125,0,7821.4287109375,0,0,0,521.428588867188,0,0,0,0,977.678588867188,1759.82147216797,977.678588867188,1433.92858886719,13035.7143554688,651.785705566406,0,0,7625.8928527832,325.892852783203,0,0,0,0,0,0,0,0,0,0,0,0,0,0,0,0,0,0,0,0,0,0,0,61353.3515625,8887.80859375
"NGA",3,1,"LSMS-ISA2015",2015,3,20,2028,498,0,200167,4,0,0,0,912.5,0,0,0,0,1475,310.714294433594,0,0,0,0,0,0,1825,0,0,3116.65795898438,0,9752.06093336086,7614.10929548439,4876.03046668043,0,0,0,0,0,0,0,0,0,3750.79267304963,6938.96632721354,0,7501.58534609925,14628.0920496223,0,0,0,0,937.698168262406,0,0,0,15003.1706921985,0,0,0,0,0,0,0,0,0,0,0,0,0,0,0,0,0,0,912.5,79554.875,8887.80859375
"NGA",3,1,"LSMS-ISA2015",2015,3,20,2028,498,0,200168,3,3650,7200,0,0,0,0,0,0,3000,4157.14306640625,0,0,0,0,0,0,4055.5556640625,1000,0,17527.642578125,0,0,0,0,21726.1901041667,0,0,0,0,0,0,0,0,0,10428.5713704427,0,9907.14290364583,3476.1904296875,1738.09521484375,0,0,8690.47615559896,869.047607421875,7571.42903645833,8097.66666666667,5561.90494791667,0,0,0,0,0,0,0,0,0,0,0,0,0,6520.33919270833,0,0,0,0,0,0,125177.390625,8887.80859375
"NGA",3,1,"LSMS-ISA2015",2015,3,20,2028,498,0,200169,5,0,240,0,1216.66669921875,0,1216.66669921875,0,0,5520,1284.76196289063,0,1216.66669921875,2433.3333984375,0,0,4866.666796875,9733.333984375,1000,0,49449.03125,0,0,0,5164.80694140748,11477.3486266464,0,3443.20475781332,0,0,0,0,17216.0233984416,8034.14432730509,0,8034.14432730509,0,3443.20466015707,22954.6981702368,1721.60237890666,0,0,9181.87897348024,1147.73488389206,3333.1482210189,0,0,0,0,0,0,0,0,0,0,0,0,0,0,4503.06327567204,0,0,0,0,0,0,0,177832.125,8887.80859375
"NGA",3,1,"LSMS-ISA2015",2015,3,20,2028,498,0,200170,10,0,1200,0,486.666650390625,0,60.8333312988281,0,0,1300,245.952392578125,0,0,1460,0,0,0,1216.66674804688,0,0,3995.07885742188,0,3128.571484375,3910.714453125,4171.428515625,6257.14296875,0,0,0,0,0,0,0,0,0,2085.7142578125,0,2711.42856445313,8864.285546875,469.285693359375,0,0,0,1042.85717773438,0,0,0,0,0,0,0,0,0,0,0,0,0,0,0,0,0,0,0,0,0,0,0,42606.62890625,8887.80859375
"NGA",3,1,"LSMS-ISA2015",2015,3,20,2012,844,1,200181,5,0,0,3650,0,0,1825,0,0,9480,5430.9521484375,0,0,48666.665625,0,0,0,24333.33203125,400,0,6098.42041015625,0,698.580751019524,1309.8388519632,0,19210.9704282433,10478.7108157056,0,12225.1624210804,5239.3554078528,5239.35531019655,27943.2280529103,12225.1624210804,17464.5176394116,15718.0664246618,0,13098.3884248712,17464.5178835522,6112.58121054019,2619.6777039264,7859.03281591497,0,73350.9771118723,873.225876653448,0,0,8382.96801829897,0,0,0,0,0,0,0,0,0,0,10478.7106203931,0,0,0,0,0,0,0,0,66673.3359375,434550.6875,8726.2119140625
"NGA",3,1,"LSMS-ISA2015",2015,3,20,2012,844,1,200182,6,1419.44445800781,2600,0,5069.4443359375,0,811.111083984375,0,0,8966.66666666667,7815.634765625,0,0,4055.5556640625,0,0,0,6083.33349609375,7333.33349609375,6083.33333333333,27400,0,0,2607.14290364583,5909.52408854167,15642.8567708333,8690.47591145833,8690.47591145833,0,9907.14290364583,0,22595.2369791667,6083.33333333333,0,10689.2858072917,3389.28580729167,2346.42854817708,23464.28515625,6430.95247395833,10428.5716145833,2172.61897786458,0,23638.0948893229,521.428588867188,0,0,0,0,0,0,0,0,0,0,0,0,0,0,0,0,0,0,5793.65104166667,0,0,0,23725,270363.625,8726.2119140625
"NGA",3,1,"LSMS-ISA2015",2015,3,20,2012,844,1,200183,6,3041.66674804688,7400,0,0,0,2838.88899739583,0,0,26666.6666666667,8291.4677734375,0,7300,20277.77734375,0,0,4055.5556640625,16222.2216796875,17152.77734375,0,6220.27294921875,0,0,0,1303.57145182292,4779.76204427083,0,4345.23795572917,3910.71419270833,5214.28580729167,4345.23795572917,15642.8567708333,8690.47591145833,13035.7138671875,13035.7141927083,6083.33333333333,4779.76188151042,9559.52376302083,6083.33333333333,4779.76204427083,4258.33341471354,0,0,651.785725911458,0,0,0,0,0,0,0,0,0,0,0,0,0,0,0,0,0,0,0,0,0,0,55966.66796875,285933.375,8726.2119140625
"NGA",3,1,"LSMS-ISA2015",2015,3,20,2012,844,1,200184,7,0,1714.28576660156,0,2607.14285714286,0,2607.14285714286,0,0,7657.14285714286,4064.96606445313,0,0,347.619035993304,0,2979.591796875,0,3476.19067382813,285.714294433594,0,5047.00146484375,0,1157.0027716345,0,0,4545.3681633145,0,1239.64584873346,0,495.858347187157,4958.58312820424,0,0,1652.86108035278,5371.7982900691,6611.44432141113,0,3305.72216070557,1652.86108035278,1239.64584873346,5371.79866143039,0,0,165.286115729052,0,0,1322.28892583242,0,0,0,0,0,0,0,0,0,0,0,0,0,0,0,0,0,0,0,20857.142578125,90734.1015625,8726.2119140625
"NGA",3,1,"LSMS-ISA2015",2015,3,20,2012,844,1,200185,10,0,3600,0,2433.3333984375,0,1825,0,0,6100,469.285736083984,0,4258.333203125,24333.3328125,0,0,0,6083.33349609375,6466.6669921875,9125,12600,0,0,2112.22135606033,6336.66379421351,15489.6234604207,0,0,0,2534.66544716092,0,0,7040.73748824446,0,4224.44271212065,8026.44120565762,10561.1061537117,11969.2539323986,4928.51640615161,1830.59175312996,4576.47928516866,0,1408.14752504564,352.03688126141,0,0,0,0,0,0,0,0,0,0,0,0,0,0,0,0,0,0,0,0,0,0,13383.3330078125,172068.546875,8726.2119140625
"NGA",3,1,"LSMS-ISA2015",2015,3,20,2012,844,1,200186,8,0,4500,0,3041.66674804688,0,2737.5,0,0,5800,4356.84521484375,0,0,0,0,1303.57141113281,0,6083.33349609375,300,0,0,0,0,0,5540.1787109375,11732.142578125,7821.4287109375,0,5083.9287109375,1955.35717773438,1303.57141113281,0,10428.5712890625,0,3584.82153320313,2737.5,977.678588867188,4562.49993896484,2281.25,977.678588867188,0,0,1955.35711669922,325.892852783203,0,0,0,0,0,0,0,0,0,0,0,0,0,0,0,0,0,0,0,0,0,0,17033.33203125,106424.109375,8726.2119140625
"NGA",3,1,"LSMS-ISA2015",2015,3,20,2012,844,1,200187,1,0,36000,0,0,0,18250,0,0,37400,40654.76171875,1216.66662597656,0,182500,0,0,12166.6669921875,73000,29333.333984375,0,37321.63671875,0,0,0,0,31285.71484375,0,13035.7138671875,0,13035.7138671875,15642.857421875,0,41714.28515625,15642.857421875,59964.287109375,26071.4287109375,23464.2856445313,26071.4282226563,0,5214.28564453125,51621.4289550781,0,438000,1042.85717773438,7571.42919921875,0,0,0,0,0,0,0,0,0,0,0,0,0,0,0,19561.017578125,0,0,0,0,0,328500,1585282.5,8726.2119140625
"NGA",3,1,"LSMS-ISA2015",2015,3,20,2012,844,1,200188,10,0,4200,0,851.66669921875,0,608.333349609375,0,0,4840,1859.64282226563,0,0,1703.3333984375,0,15642.8578125,243.333325195313,9733.333984375,1816.66674804688,0,4942.68701171875,0,1402.27458606039,0,0,16652.0097884838,0,0,0,12854.1831884858,5842.81038435162,11685.6207687032,4089.96737863057,4674.24839320936,8472.07549787837,7011.37280413421,0,2921.40528983206,0,3213.54589477771,759.565356637751,0,10809.1994801629,1752.84320103355,0,2722.12542033021,0,0,0,0,0,0,0,0,0,0,0,0,0,0,0,0,0,0,0,0,34249.1640625,175554.28125,8726.2119140625
"NGA",3,1,"LSMS-ISA2015",2015,3,20,2012,844,1,200189,8,0,2250,0,1520.83337402344,0,2433.33325195313,0,0,18875,1206.39880371094,0,0,4562.5,0,0,0,3041.66674804688,2000,0,1884.84289550781,0,2411.60717773438,0,4562.5,11080.3571777344,0,0,0,11406.25,0,25419.642578125,6517.85693359375,3258.92846679688,10428.5712890625,3258.92846679688,5214.28576660156,7821.42834472656,4562.5,3584.82153320313,3258.92846679688,0,16294.6424560547,1955.35717773438,0,3036.625,0,0,0,0,0,0,0,0,0,0,0,0,0,0,0,0,0,0,0,0,12927.0830078125,174774.90625,8726.2119140625
"NGA",3,1,"LSMS-ISA2015",2015,3,20,2012,844,1,200190,12,0,3000,0,1825,0,0,0,0,4766.66666666667,376.785736083984,0,0,4055.5556640625,0,0,0,3548.61108398438,3368.05541992188,0,5955.35888671875,0,1955.35709635417,3910.71419270833,4345.23795572917,13035.71484375,2172.61897786458,1303.57145182292,2172.61897786458,9125,1303.57145182292,0,10428.5712890625,8690.47591145833,0,4345.23811848958,564.880940755208,1520.83331298828,0,869.047607421875,3910.7143758138,0,2085.71431477865,173.809529622396,0,0,2445.4306640625,3476.1904296875,0,0,0,0,0,0,0,0,0,0,0,116.418121337891,2089.85237630208,0,0,0,0,0,0,106937.609375,8726.2119140625
"NGA",3,1,"LSMS-ISA2015",2015,3,21,2106,2822,0,210001,7,0,2571.42846679688,0,1129.76192801339,0,173.809517996652,0,0,714.285714285714,880.612243652344,0,0,0,0,4469.38783482143,0,5214.28564453125,0,0,3085.71435546875,0,4921.75418186957,4921.75418186957,0,10827.8598407528,0,0,0,0,0,0,15749.6136667114,0,1968.70170833893,9056.02780738934,0,7874.80690311017,0,0,0,0,26577.4725721015,2953.05258173167,0,0,0,0,0,0,0,0,0,0,0,0,0,0,0,0,0,0,0,0,0,0,0,103090.3515625,6339.0810546875
"NGA",3,1,"LSMS-ISA2015",2015,3,21,2106,2822,0,210002,9,6083.33349609375,5333.33349609375,0,2027.77777777778,0,0,0,0,25888.8888888889,4924.603515625,0,0,3379.62955729167,0,0,0,7435.185546875,0,0,4885.65966796875,0,0,0,0,0,3476.19053819444,0,0,3476.19053819444,0,0,9849.20616319445,0,0,0,0,1564.28575303819,0,0,2317.46028645833,0,34761.9045138889,0,0,10860.5321180556,0,35854.2447916667,0,0,0,0,0,0,0,847.321451822917,0,2317.46050347222,0,869.047634548611,1011.4130859375,516.557345920139,0,0,382.118923611111,0,0,168062.34375,6339.0810546875
"NGA",3,1,"LSMS-ISA2015",2015,3,21,2106,2822,0,210003,8,1368.75,6000,0,1520.83337402344,2737.5,0,0,0,26575,13692.5595703125,456.25,0,15208.3330078125,0,16294.642578125,0,17489.58203125,2500,0,8280.5927734375,0,0,0,0,0,0,0,0,3910.71435546875,0,0,5214.28564453125,4562.5,4106.25,0,5866.07153320313,4562.5,0,0,25550,0,114062.498046875,0,0,0,0,4732.72021484375,0,0,0,0,0,0,0,953.236633300781,30416.66796875,2607.14306640625,0,5326.02569580078,2275.67944335938,2556.30590820313,4562.5,0,2376.9573059082,0,4562.5,340328.625,6339.0810546875
"NGA",3,1,"LSMS-ISA2015",2015,3,21,2106,2822,0,210004,10,4866.6669921875,7800,0,5475,0,0,0,0,32400,14585.4765625,0,0,18250,0,26071.428125,0,32850,13300,0,66798.2890625,0,0,0,0,0,0,0,0,4171.428515625,0,0,14078.571875,6257.14296875,0,0,5214.2857421875,6517.85703125,0,0,5318.5712890625,0,49535.713671875,0,0,13032.6390625,0,32268.8203125,0,0,0,0,0,0,0,0,0,5344.6427734375,0,1564.2857421875,1820.5435546875,464.901611328125,6517.85703125,0,343.90703125,0,1216.66674804688,376064.6875,6339.0810546875
"NGA",3,1,"LSMS-ISA2015",2015,3,21,2106,2822,0,210005,11,0,2181.81811523438,0,663.636363636364,0,0,0,0,7090.90909090909,188.484848022461,0,0,7742.42400568182,0,0,0,22121.2109375,4915.15185546875,0,9090.9091796875,0,2844.15589488636,4740.25958806818,0,16353.8963068182,0,0,0,0,0,0,0,13272.7272727273,0,2085.71431107955,2133.11683238636,8532.46741832386,0,2844.15589488636,0,0,35551.9474431818,948.051935369318,0,0,0,0,0,0,0,0,0,0,0,0,0,0,0,0,0,0,0,0,0,0,331.818176269531,143632.84375,6339.0810546875
"NGA",3,1,"LSMS-ISA2015",2015,3,21,2106,2822,0,210006,12,0,10000,1520.83333333333,0,0,0,0,202.777770996094,63000,0,0,0,20277.77734375,7097.22200520833,0,20277.77734375,16729.166015625,0,0,18435.81640625,0,0,2607.14290364583,0,6952.380859375,4345.23795572917,0,17380.9518229167,1738.09521484375,3476.1904296875,0,4345.23795572917,0,3476.1904296875,6952.38102213542,0,9994.04744466146,1086.30948893229,0,0,0,325892.854166667,0,0,0,0,0,0,0,0,0,0,0,0,0,0,0,0,0,0,0,0,0,0,0,0,545788.4375,6339.0810546875
"NGA",3,1,"LSMS-ISA2015",2015,3,21,2106,2822,0,210007,3,1216.66662597656,4800,0,3244.4443359375,0,486.666666666667,0,0,10600,1966.98425292969,0,0,0,0,0,0,8922.22265625,0,0,4128.10009765625,0,0,3476.1904296875,0,19814.2858072917,0,2607.14290364583,0,0,0,0,0,3476.1904296875,0,6952.380859375,1738.09521484375,6083.33325195313,2607.14290364583,0,0,0,8864.28597005208,0,0,0,0,0,0,0,0,0,0,0,0,0,0,0,2437.96337890625,0,0,0,0,0,0,0,1216.66662597656,94638.765625,6339.0810546875
"NGA",3,1,"LSMS-ISA2015",2015,3,21,2106,2822,0,210008,10,1216.66674804688,4200,0,608.333349609375,0,0,608.333349609375,0,6400,462.333343505859,0,0,0,0,0,0,486.666656494141,6000,0,2312.6572265625,0,1564.2857421875,1042.85712890625,0,4223.5712890625,0,0,0,0,0,0,0,2607.1427734375,0,2242.14287109375,0,0,1303.57138671875,0,0,0,0,521.428564453125,0,0,0,1893.0880859375,0,0,0,0,0,0,0,0,0,0,0,3642.19013671875,0,0,0,0,0,0,547.5,41882.76953125,6339.0810546875
"NGA",3,1,"LSMS-ISA2015",2015,3,21,2106,2822,0,210009,1,0,24000,0,2433.33325195313,0,973.333312988281,0,0,2800,1042.85717773438,0,0,0,0,0,0,0,0,0,28665.583984375,0,15642.857421875,15642.857421875,0,20857.142578125,0,0,0,20857.142578125,0,0,57357.142578125,0,8342.857421875,29721.4287109375,16164.2854003906,28157.1430664063,0,0,0,0,0,5214.28564453125,0,0,0,0,0,0,0,0,0,0,312857.140625,0,0,0,0,10093.9990234375,0,0,0,0,0,0,0,600823.3125,6339.0810546875
"NGA",3,1,"LSMS-ISA2015",2015,3,21,2106,2822,0,210010,10,0,3600,0,486.666650390625,0,0,0,0,3300,164.285720825195,0,0,3650,0,0,0,6326.66650390625,7300,0,6028.9326171875,0,0,1251.42861328125,0,22942.85703125,0,0,0,1303.57138671875,0,0,5214.285546875,7821.42890625,7300,4797.14287109375,1042.85712890625,7039.28569335937,3910.714453125,521.428564453125,0,0,5996.4283203125,0,0,0,0,0,0,0,0,0,0,0,0,0,0,1042.8572265625,0,0,0,0,0,0,0,0,0,101040.8359375,6339.0810546875
"NGA",3,1,"LSMS-ISA2015",2015,3,21,2106,236,0,210011,4,3.04166674613953,3000,0,1216.66662597656,0,0,0,0,15750,738.6904296875,0,0,0,0,0,0,0,10000,0,3929.66333007813,0,0,0,0,0,0,0,0,0,0,0,0,0,0,3347.77758699539,0,8704.22194851769,0,0,0,0,0,669.555529931499,0,14344.2331181837,0,37495.1061150235,0,0,0,0,0,0,0,1262.11220938166,0,0,0,0,0,0,0,0,0,0,456.25,100917.3125,5875.24560546875
"NGA",3,1,"LSMS-ISA2015",2015,3,21,2106,236,0,210012,6,2.02777791023254,0,0,709.722249348958,0,0,0,0,6533.33333333333,86.9047622680664,0,0,0,0,0,0,223.055557250977,0,0,1366.07629394531,0,0,5214.28580729167,2607.14290364583,17380.9518229167,0,0,0,0,0,0,0,0,0,1998.8095703125,0,695.238118489583,0,0,0,0,3476.19051106771,434.523803710938,0,0,0,0,0,0,0,0,0,0,0,0,0,0,0,2679.02392578125,0,0,0,0,0,0,0,43407.28515625,5875.24560546875
"NGA",3,1,"LSMS-ISA2015",2015,3,21,2106,236,0,210013,8,0,0,0,532.291687011719,0,0,0,0,0,62.5,0,0,0,0,0,0,0,300,0,524.433227539063,0,0,4562.5,4562.5,9125,0,0,0,0,0,0,0,2607.14282226563,0,912.5,521.428588867188,2281.24996948242,0,0,0,0,391.071441650391,1303.57141113281,0,0,0,0,0,0,0,0,0,0,0,0,0,0,0,0,0,0,0,0,0,0,0,27686.189453125,5875.24560546875
"NGA",3,1,"LSMS-ISA2015",2015,3,21,2106,236,0,210014,5,0,0,0,1216.66669921875,0,486.666650390625,0,0,840,601.428588867188,0,0,0,0,31285.715625,0,0,0,0,7879.66162109375,0,0,0,0,0,0,0,0,0,0,0,18771.42890625,10428.57109375,0,0,0,0,0,0,0,0,33579.999609375,0,0,0,0,0,0,0,0,0,0,0,0,0,0,0,0,0,0,0,0,0,0,0,0,105090.1484375,5875.24560546875
"NGA",3,1,"LSMS-ISA2015",2015,3,21,2106,236,0,210015,11,0,763.636352539063,0,8848.48508522727,0,0,0,0,26000,94.8051986694336,0,0,9954.54545454545,0,0,0,9125,0,0,10909.0908203125,0,0,0,0,12798.7017045455,0,0,0,4977.27272727273,0,0,16590.9090909091,5688.31178977273,0,1611.68829900568,0,3981.81818181818,4740.25958806818,0,0,0,22753.246537642,474.025967684659,0,8885.88991477273,0,23701.2982954545,0,0,0,0,0,0,0,0,0,0,0,0,0,0,0,0,161.978737571023,0,0,172060.953125,5875.24560546875
"NGA",3,1,"LSMS-ISA2015",2015,3,21,2106,236,0,210016,3,0,0,0,1622.22216796875,0,0,0,0,2833.33333333333,388.253997802734,0,0,0,0,0,0,7300,0,0,2458.02905273438,0,0,0,0,10428.5716145833,0,0,0,1738.09521484375,0,0,0,0,0,2954.76188151042,0,1216.66666666667,0,0,0,0,10428.5714518229,0,0,10860.5325520833,0,0,0,0,0,0,0,0,0,0,0,0,0,1204.07169596354,0,0,0,0,174.682942708333,0,0,53607.7890625,5875.24560546875
"NGA",3,1,"LSMS-ISA2015",2015,3,21,2106,0,0,210017,1,0,6960,0,3650,0,0,0,0,0,521.428588867188,0,0,0,0,0,0,0,0,0,7665.74609375,0,0,0,0,0,0,0,0,0,0,0,0,0,0,3650,0,0,0,0,0,0,6257.14282226563,0,9908.5712890625,10850.962890625,0,0,0,0,0,0,0,0,0,9646.4287109375,0,0,0,4484.28588867188,0,0,0,0,1146.35681152344,0,0,64740.92578125,5875.24560546875
"NGA",3,1,"LSMS-ISA2015",2015,3,21,2106,236,0,210018,11,0,163.636367797852,0,663.636363636364,0,0,0,0,0,2055.4111328125,0,0,884.848455255682,0,0,0,3318.18188476563,0,0,5168.630859375,0,4740.25958806818,5688.31178977273,0,0,0,0,0,0,0,0,5688.31178977273,0,5688.31178977273,7868.83132102273,0,26308.4408735795,1185.06489701705,4740.25958806818,0,0,9717.53240411932,948.051935369318,0,0,0,4614.80504261364,0,0,0,0,0,0,0,0,0,0,0,0,0,0,0,0,0,0,0,89442.5234375,5875.24560546875
"NGA",3,1,"LSMS-ISA2015",2015,3,21,2106,236,0,210019,5,0,0,0,1338.33330078125,0,535.333349609375,0,0,1160,847.523803710938,0,0,0,0,0,0,0,0,0,6464.9765625,0,0,0,0,0,0,0,0,10613.86403068,10613.8636198252,0,42455.45612272,0,7429.70477229861,17406.7363801516,0,17194.4600396198,0,1061.38638227239,0,0,10083.1706873698,3184.1592482665,1598.18593199051,13252.5132597411,0,20637.3714474467,0,0,0,0,0,0,0,0,0,0,0,0,0,0,0,0,0,0,0,165877.03125,5875.24560546875
"NGA",3,1,"LSMS-ISA2015",2015,3,21,2106,236,0,210020,1,0,0,0,608.333312988281,0,0,0,0,4300,521.428588867188,0,0,0,0,0,0,0,0,0,5323.74462890625,0,0,0,0,9877.12850983624,0,3292.3764214916,0,0,0,0,0,0,0,2194.91761803051,0,1646.1882107458,13718.2341721089,0,0,0,0,0,10427.3615537087,17128.6429755289,0,0,0,0,0,0,0,0,0,0,0,0,0,0,0,0,0,0,1648.94563803636,0,0,70687.3046875,5875.24560546875
"NGA",3,1,"LSMS-ISA2015",2015,3,21,2109,38,0,210021,9,0,0,0,0,0,0,0,0,2600,77.7777786254883,0,0,0,0,0,0,0,0,0,2816.42333984375,0,0,0,0,0,0,0,0,0,0,0,0,0,0,1332.53971354167,0,1738.09526909722,0,0,0,0,0,1042.85709635417,1308.5712890625,1551.50455729167,0,0,0,0,0,0,0,0,5214.28559027778,0,0,0,0,327.467203776042,0,0,0,0,0,0,0,18009.521484375,4483.740234375
"NGA",3,1,"LSMS-ISA2015",2015,3,21,2109,38,0,210022,5,0,0,0,0,0,0,0,0,4300,328.571441650391,0,0,1216.66669921875,0,0,0,0,730,2607.1427734375,3609.38208007813,0,0,0,0,0,0,0,0,0,0,0,0,0,834.2857421875,4797.14296875,0,5214.28569335937,0,0,0,0,4171.428515625,0,9421.71328125,5585.41640625,1997.309765625,6257.14296875,0,0,0,0,0,0,9385.7140625,0,0,0,0,0,0,0,0,0,0,0,0,60456.20703125,4483.740234375
"NGA",3,1,"LSMS-ISA2015",2015,3,21,2109,38,0,210023,5,0,0,0,0,0,0,0,0,1200,1093.33325195313,0,0,0,0,0,0,973.333312988281,0,0,1380.27319335938,0,0,0,0,4171.428515625,0,0,0,0,0,0,8342.85703125,0,0,25445.7150390625,0,6257.1427734375,0,0,0,0,6778.5712890625,0,3963.428515625,3255.2890625,4200.619921875,0,0,0,0,0,0,0,0,0,0,0,0,0,0,0,0,0,0,0,0,67061.9921875,4483.740234375
"NGA",3,1,"LSMS-ISA2015",2015,3,21,2109,38,0,210024,4,0,0,0,0,0,0,0,0,1000,651.785705566406,0,0,9125,0,0,0,2129.16674804688,0,0,7065.28369140625,0,0,0,0,0,0,0,0,5212.58632086895,0,0,10425.1722396386,0,0,11120.1839740713,3475.05738688641,12510.2067608085,0,0,0,0,12162.7011736211,0,8254.45123372883,9039.52221898054,0,12686.5786020398,0,0,0,0,0,0,0,0,0,0,0,0,0,0,0,0,0,0,0,104857.703125,4483.740234375
"NGA",3,1,"LSMS-ISA2015",2015,3,21,2109,38,0,210025,4,0,0,0,0,0,152.08332824707,0,0,0,260.714294433594,0,0,0,0,0,0,0,0,0,4378.8798828125,0,0,0,0,0,0,0,0,0,0,0,0,0,0,2867.85717773438,0,4562.5,0,1042.85717773438,0,0,6517.85717773438,0,6192.85693359375,4069.111328125,0,0,0,0,0,0,0,0,0,0,3476.1904296875,0,0,0,2635.55419921875,0,0,0,0,0,0,36156.46484375,4483.740234375
"NGA",3,1,"LSMS-ISA2015",2015,3,21,2109,38,0,210026,5,0,0,0,0,0,0,0,0,0,104.285720825195,0,0,0,0,0,0,2433.33349609375,0,0,4971.6591796875,0,0,0,0,0,0,0,0,2085.7142578125,0,0,5214.285546875,0,0,4171.428515625,0,1564.28569335938,0,834.2857421875,0,0,0,521.428564453125,24771.4265625,27127.409375,0,10152.57109375,0,0,0,0,0,0,0,0,0,0,0,0,0,0,0,0,0,0,0,83952.1171875,4483.740234375
"NGA",3,1,"LSMS-ISA2015",2015,3,21,2109,38,0,210027,5,0,0,0,1216.66669921875,0,0,0,0,6220,865.952331542969,0,0,6083.333203125,0,0,0,11193.333984375,1800,0,6924.66552734375,0,0,0,0,14600,0,2085.7142578125,0,4171.428515625,0,0,0,0,0,3180.7142578125,0,0,14600,0,0,0,25549.9994140625,0,13872,0,0,0,0,0,0,0,0,0,0,0,0,0,0,1090.25966796875,0,0,0,0,458.542724609375,0,0,113912.609375,4483.740234375
"NGA",3,1,"LSMS-ISA2015",2015,3,21,2109,38,0,210028,7,0,0,0,1042.85714285714,0,0,0,0,0,188.775512695313,0,0,0,0,0,0,0,142.857147216797,0,7534.6259765625,0,0,0,0,0,0,0,0,0,0,0,0,1489.7958984375,0,1489.7958984375,0,0,0,0,0,0,2756.12248883929,0,14862.8571428571,16276.4464285714,0,0,0,0,0,0,0,0,0,0,0,0,0,2655.72317940848,0,0,0,0,327.530517578125,0,0,48767.3828125,4483.740234375
"NGA",3,1,"LSMS-ISA2015",2015,3,21,2109,38,0,210029,9,0,0,0,1081.4814453125,0,0,0,0,10111.1111111111,1303.30688476563,0,0,3514.81488715278,0,0,0,9462.9638671875,1000,0,14557.689453125,0,0,0,0,0,0,2317.46028645833,0,6083.33333333333,0,0,10428.5711805556,8690.4765625,0,2433.33333333333,0,0,2896.82530381944,0,0,0,46349.2051866319,0,7706.66666666667,12659.4583333333,0,19741.1111111111,0,0,0,0,0,0,0,0,0,0,0,2896.82541232639,0,0,0,0,382.118923611111,0,0,163616.765625,4483.740234375
"NGA",3,1,"LSMS-ISA2015",2015,3,21,2109,38,0,210030,7,0,0,0,1042.85714285714,0,0,0,0,4371.42857142857,661.39453125,0,0,6952.38113839286,0,0,0,27809.521484375,1285.71423339844,0,4946.18994140625,0,0,0,0,0,0,1489.7958984375,0,2234.69391741071,0,0,6704.08147321429,0,0,2309.18366350446,0,0,1862.24483816964,0,0,0,29199.9997209821,0,4954.28571428571,5425.48158482143,0,5438.87779017857,0,0,0,0,0,0,0,0,0,0,0,2098.88392857143,0,0,0,0,327.530517578125,0,0,109114.5390625,4483.740234375
"NGA",3,1,"LSMS-ISA2015",2015,3,21,2119,3956,0,210031,5,0,0,0,0,0,0,0,0,640,340,0,0,9733.33359375,0,0,486.666650390625,1460,80,0,3312.68603515625,0,0,0,0,0,0,0,0,0,0,0,0,7300,0,25237.1435546875,0,2085.7142578125,0,0,0,0,0,0,5945.142578125,0,3150.46484375,7614.42890625,0,0,0,0,0,0,0,0,0,0,0,2177.15307617188,0,0,0,0,0,0,0,69562.734375,4329.12841796875
"NGA",3,1,"LSMS-ISA2015",2015,3,21,2119,3956,0,210032,1,0,0,0,0,0,0,0,0,0,521.428588867188,0,0,0,0,0,0,0,0,0,23538.91015625,0,0,0,0,0,0,0,0,0,0,0,0,0,0,6257.14306640625,0,0,0,0,0,0,36500,0,14862.8564453125,0,5411.5830078125,0,0,4816.478515625,0,0,0,0,0,0,0,0,0,2947.20483398438,10542.216796875,0,0,0,2292.71362304688,0,0,107690.53125,4329.12841796875
"NGA",3,1,"LSMS-ISA2015",2015,3,21,2119,3956,0,210033,6,0,0,0,0,0,0,0,0,1333.33333333333,377.380950927734,0,0,0,0,0,0,0,0,434.523803710938,1434.42102050781,0,12166.6666666667,0,0,5735.71419270833,0,869.047607421875,0,0,0,0,4345.23795572917,0,0,3041.66674804688,0,4084.52376302083,0,0,0,0,0,0,0,0,0,0,0,0,0,0,0,0,0,0,0,3598.400390625,0,0,0,0,0,0,0,0,0,37420.91796875,4329.12841796875
"NGA",3,1,"LSMS-ISA2015",2015,3,21,2119,3956,0,210034,6,0,0,0,0,0,0,0,0,183.333333333333,170.238098144531,0,0,0,0,0,0,0,0,869.047607421875,5770.5546875,0,0,0,0,0,0,0,0,0,0,0,0,0,0,0,0,0,0,0,0,0,4345.23811848958,0,5780,0,5322.91666666667,0,0,1605.49283854167,0,0,0,0,0,0,0,0,0,869.047607421875,0,0,0,0,382.118937174479,0,0,25297.98828125,4329.12841796875
"NGA",3,1,"LSMS-ISA2015",2015,3,21,2119,3956,0,210035,6,0,0,0,0,0,0,0,0,2473.33333333333,271.626983642578,0,0,0,0,0,0,0,533.333312988281,0,3923.15161132813,0,0,0,0,0,0,0,0,0,0,0,0,0,0,0,0,695.238118489583,0,0,0,0,521.428588867188,0,17340,0,0,0,0,251.997395833333,0,0,0,0,0,0,0,0,0,982.401611328125,0,0,0,0,382.118937174479,0,0,27374.6328125,4329.12841796875
"NGA",3,1,"LSMS-ISA2015",2015,3,21,2119,3956,0,210036,3,0,0,0,0,0,0,0,0,533.333333333333,1068.09521484375,0,0,0,0,0,0,0,0,0,3869.72290039063,0,0,0,0,0,0,0,0,0,0,0,0,17380.9518229167,0,7995.23828125,0,6952.380859375,0,0,0,0,0,0,11560,0,0,12690.71484375,0,0,0,0,0,0,0,0,0,0,0,5513.08642578125,0,0,0,0,0,0,0,67563.5234375,4329.12841796875
"NGA",3,1,"LSMS-ISA2015",2015,3,21,2119,3956,0,210037,8,0,0,0,0,0,0,0,0,275,190.178573608398,0,0,0,0,0,0,0,0,0,1770.68322753906,0,0,0,0,2911.67431902261,0,0,0,0,0,0,0,2646.97658785315,0,2316.10460592424,0,2646.97658785315,0,0,0,0,0,330.872073481644,6974.96370880175,0,0,0,0,1304.27954633365,0,0,0,0,0,0,0,0,0,0,0,0,0,0,0,0,0,21367.708984375,4329.12841796875
"NGA",3,1,"LSMS-ISA2015",2015,3,21,2119,3956,0,210038,7,0,0,0,0,0,0,0,0,0,177.551025390625,0,0,0,0,0,0,0,0,0,2597.63940429688,0,0,7831.80963530796,0,0,0,0,0,0,0,0,5482.26692035852,0,2349.54300768768,2662.81541153362,0,4072.54120768349,0,0,0,0,0,391.590489083854,14882.5840082918,0,0,0,0,0,0,0,0,0,0,0,0,0,0,0,0,0,0,0,0,0,260.714294433594,40709.05859375,4329.12841796875
"NGA",3,1,"LSMS-ISA2015",2015,3,21,2119,3956,0,210039,4,0,0,0,0,0,912.5,0,30.4166660308838,950,350.892852783203,0,0,0,0,0,0,0,0,0,5147.7119140625,0,0,0,0,5214.28564453125,0,0,0,0,0,0,8473.2138671875,0,2607.14282226563,4041.07141113281,0,3910.71429443359,0,0,0,0,9776.78564453125,782.142883300781,9908.5712890625,9494.5927734375,0,0,0,0,0,0,0,0,0,0,0,0,0,0,0,0,0,0,0,0,0,61600.046875,4329.12841796875
"NGA",3,1,"LSMS-ISA2015",2015,3,21,2119,3956,0,210040,8,0,0,0,0,0,0,0,0,250,77.6785736083984,0,0,0,0,0,0,0,0,0,2614.59252929688,0,0,0,0,0,0,0,0,0,0,0,0,0,1005.43830103699,2010.87654103881,0,2681.16872138509,0,0,0,0,0,201.087663423064,4458.08580179818,5579.52982584406,0,0,0,0,0,0,0,0,0,0,0,0,0,0,0,0,0,0,0,0,0,18878.458984375,4329.12841796875
"NGA",3,1,"LSMS-ISA2015",2015,3,21,2119,2146,0,210041,8,0,1500,0,0,0,0,0,0,3300,386.845245361328,0,0,0,0,0,0,1520.83337402344,0,0,4580.06591796875,0,0,0,0,0,0,0,0,0,0,0,5866.0712890625,0,0,2998.21435546875,0,1303.57141113281,0,0,0,0,0,0,9908.5712890625,0,0,0,0,3910.71435546875,0,0,0,0,0,0,0,0,0,1698.29205322266,0,0,0,0,0,0,0,36973.1796875,5256.798828125
"NGA",3,1,"LSMS-ISA2015",2015,3,21,2119,2146,0,210042,10,0,1200,0,0,0,0,0,0,11280,1063.8095703125,0,0,2433.3333984375,0,0,0,7908.33349609375,1600,0,10445.552734375,0,0,0,0,0,0,3128.571484375,0,0,0,0,10428.57109375,0,0,2085.7142578125,0,0,2607.1427734375,0,0,0,15121.4283203125,0,17339.9984375,0,0,17767,0,0,0,0,0,0,0,0,0,0,0,1564.2857421875,0,0,0,0,229.271362304688,0,0,106203.015625,5256.798828125
"NGA",3,1,"LSMS-ISA2015",2015,3,21,2119,2146,0,210043,8,0,1500,0,0,0,0,0,0,3025,85.1785736083984,0,0,1368.75,0,0,0,912.5,0,0,4580.06591796875,0,0,0,0,0,0,1955.35717773438,0,0,0,0,5214.28564453125,0,456.25,1564.28576660156,0,0,0,0,0,0,0,0,7360.71337890625,0,0,0,0,0,0,0,0,0,0,0,0,0,0,2719.16613769531,0,0,0,0,0,0,182.5,30924.052734375,5256.798828125
"NGA",3,1,"LSMS-ISA2015",2015,3,21,2119,2146,0,210044,4,0,0,0,0,0,0,0,0,3050,750,0,0,1368.75,0,0,0,0,0,0,3967.34887695313,0,0,0,0,0,0,2607.14282226563,0,0,0,0,0,0,0,2998.21435546875,0,3258.92852783203,0,0,0,0,912.5,0,17340,0,0,0,0,0,0,0,0,0,11732.142578125,0,1738.09521484375,0,0,1303.57141113281,0,0,0,0,0,0,486.666656494141,51513.36328125,5256.798828125
"NGA",3,1,"LSMS-ISA2015",2015,3,21,2119,2146,0,210045,8,0,0,0,0,0,0,0,0,2875,275,0,0,0,0,0,0,456.25,0,1303.57141113281,9286.1787109375,0,0,0,0,0,0,0,0,0,0,0,6517.85693359375,0,0,1499.10717773438,0,4562.49993896484,0,0,0,0,651.785705566406,0,6192.85693359375,0,3621.66186523438,4759.01806640625,0,0,0,0,0,0,0,0,0,0,0,0,1317.77709960938,0,0,0,0,0,319.375,43637.94140625,5256.798828125
"NGA",3,1,"LSMS-ISA2015",2015,3,21,2119,2146,0,210046,12,0,1500,0,0,0,0,0,0,933.333333333333,86.9047622680664,0,0,1013.88891601563,0,0,0,2838.88891601563,0,0,6689.31787109375,0,0,0,0,0,0,0,0,0,0,0,3041.66666666667,0,434.523803710938,1911.90478515625,0,1086.3095296224,1303.57145182292,173.809529622396,0,0,4345.23807779948,0,2890,2260.61735026042,0,0,0,0,0,0,0,0,0,0,0,0,0,0,0,0,0,0,0,0,0,30509.974609375,5256.798828125
"NGA",3,1,"LSMS-ISA2015",2015,3,21,2119,2146,0,210047,10,0,1200,0,0,0,60.8333312988281,0,0,0,152.142852783203,0,0,3650,0,0,0,10950,0,0,3939.83081054688,0,0,0,5214.285546875,10428.57109375,0,0,0,0,0,0,4171.428515625,5214.285546875,2607.1427734375,4536.428515625,0,3910.71430664063,0,521.428564453125,0,0,4171.428515625,156.428576660156,5945.142578125,0,0,0,0,0,0,0,0,0,0,0,0,0,0,0,0,0,0,0,0,0,1216.66674804688,68046.7578125,5256.798828125
"NGA",3,1,"LSMS-ISA2015",2015,3,21,2119,2146,0,210048,11,0,1090.90905761719,0,0,0,0,0,0,12290.9090909091,1630.73596191406,0,0,2765.15145596591,0,0,0,7742.4248046875,2909.0908203125,0,22973.171875,0,0,0,0,0,0,1706.49343039773,0,2844.15589488636,0,0,8532.46732954545,0,0,2227.92205255682,0,0,2370.12979403409,0,0,0,43136.36328125,0,9458.18181818182,0,0,16151.8181818182,0,0,0,0,0,0,0,3081.16867897727,0,0,0,2370.1298828125,0,0,0,0,312.642755681818,0,0,143593.84375,5256.798828125
"NGA",3,1,"LSMS-ISA2015",2015,3,21,2119,2146,0,210049,10,0,1200,0,0,0,0,0,0,6500,758.642883300781,0,0,4866.666796875,0,0,0,6083.33349609375,3000,0,10445.552734375,0,0,0,0,0,0,0,0,0,0,0,4171.428515625,0,0,1147.14287109375,0,3128.57141113281,1042.85712890625,0,0,0,2085.71428222656,0,12385.71328125,0,0,0,0,0,0,0,0,0,0,0,0,0,0,0,0,0,0,0,229.271362304688,0,365,57409.890625,5256.798828125
"NGA",3,1,"LSMS-ISA2015",2015,3,21,2119,2146,0,210050,9,0,1333.33337402344,0,0,0,67.5925903320313,0,0,688.888888888889,57.9365081787109,0,0,0,0,0,0,1081.4814453125,0,0,2762.03295898438,0,0,0,0,0,0,3195.75139296727,0,0,0,0,6391.50278593455,0,0,1406.13068340617,0,3579.24174745831,0,0,0,0,0,0,6072.80320839196,6650.38013580949,0,0,0,0,0,0,0,0,0,0,0,0,0,0,0,0,0,0,0,0,0,33287.07421875,5256.798828125
"NGA",3,1,"LSMS-ISA2015",2015,3,21,2115,926,0,210051,1,0,0,0,0,0,0,0,0,0,0,0,0,0,0,0,0,0,0,0,9896.1357421875,0,0,0,0,0,0,0,0,0,0,0,0,0,0,0,0,0,0,0,0,0,0,0,9908.57144559712,16276.4455696337,0,10428.571453812,0,0,0,0,0,0,7821.42883449965,0,6952.38096920802,10428.5724303745,0,0,0,0,0,0,0,0,0,71712.1015625,3092.23461914063
"NGA",3,1,"LSMS-ISA2015",2015,3,21,2115,926,0,210052,8,0,0,0,304.166656494141,0,0,0,0,162.5,130.357147216797,0,0,0,0,0,0,0,0,0,2614.59252929688,0,0,0,0,0,0,0,0,0,0,0,0,1303.57141113281,1173.21423339844,1303.57141113281,0,1825.00003051758,1303.57141113281,0,0,0,651.785705566406,651.785705566406,6192.85693359375,8138.22265625,0,0,0,0,0,0,0,0,0,0,0,0,0,0,0,0,0,10863.095703125,0,0,0,36618.29296875,3092.23461914063
"NGA",3,1,"LSMS-ISA2015",2015,3,21,2115,926,0,210053,2,0,0,0,0,0,0,0,0,2200,964.880981445313,0,0,12166.6669921875,0,0,0,0,1200,2085.71435546875,5349.49951171875,0,0,0,0,0,0,0,0,5214.28564453125,0,0,20857.142578125,9125,0,0,0,0,0,0,0,5214.28564453125,18249.9995117188,0,17340,10850.962890625,0,0,0,0,0,0,0,0,0,0,0,0,0,2607.14282226563,0,0,0,0,1146.35681152344,0,0,114571.9375,3092.23461914063
"NGA",3,1,"LSMS-ISA2015",2015,3,21,2115,926,0,210054,9,0,0,0,0,0,0,0,0,2666.66666666667,111.111114501953,0,0,405.555555555556,0,0,0,278.481475830078,44.4444427490234,0,3202.755859375,0,0,0,0,0,0,1969.84136284722,0,0,0,0,5214.28559027778,2896.82530381944,0,2433.33333333333,0,579.365071614583,0,0,0,0,0,115.873019748264,9358.09461805555,10248.1319444444,0,14100.7942708333,0,0,0,0,0,0,0,0,0,0,0,1209.52948676215,0,0,0,0,0,0,0,54835.0859375,3092.23461914063
"NGA",3,1,"LSMS-ISA2015",2015,3,21,2115,926,0,210055,3,0,0,0,0,0,0,0,0,0,0,0,0,6488.888671875,0,0,0,0,0,2607.14290364583,3090.5009765625,0,0,0,0,0,0,0,0,0,0,0,0,0,0,3476.1904296875,0,3997.619140625,0,0,0,0,0,0,46240,12659.45703125,0,8460.47591145833,0,0,0,0,0,0,0,0,0,0,0,0,0,0,0,0,0,0,0,87020.2734375,3092.23461914063
"NGA",3,1,"LSMS-ISA2015",2015,3,21,2115,926,0,210056,12,0,0,0,0,0,0,0,0,483.333333333333,75,0,0,709.722249348958,0,0,0,0,0,651.785725911458,1503.9091796875,0,0,0,0,0,0,0,0,0,0,0,0,0,0,1129.76190185547,0,1173.21427408854,0,0,0,0,0,0,0,0,0,0,0,0,0,0,0,7821.42838541667,0,0,0,0,0,0,0,0,0,0,0,0,0,13548.1552734375,3092.23461914063
"NGA",3,1,"LSMS-ISA2015",2015,3,21,2115,926,0,210057,7,0,0,0,0,0,0,0,0,1600,177.551025390625,0,0,0,0,0,0,3823.80981445313,0,0,3200.59790039063,0,0,0,0,18622.4486607143,0,0,0,0,0,0,5959.18359375,2979.591796875,7448.97935267857,3575.51011439732,0,744.89794921875,0,1489.7958984375,0,0,0,1489.7958984375,7077.55078125,7750.68805803571,0,0,0,0,0,0,0,6704.08147321429,0,0,446.938790457589,0,0,1684.11704799107,6024.12388392857,0,0,0,0,0,0,80799.6796875,3092.23461914063
"NGA",3,1,"LSMS-ISA2015",2015,3,21,2115,926,0,210058,6,0,0,0,0,0,0,0,0,2250,375.198394775391,0,0,4055.5556640625,0,0,0,0,400,4345.23795572917,3405.70532226563,0,0,0,0,0,0,2607.14290364583,0,0,0,0,0,2607.14290364583,0,0,0,0,0,0,0,0,10863.0952148438,0,11560,6329.728515625,0,0,0,0,0,0,0,0,0,0,0,1013.88891601563,0,2607.14290364583,0,0,0,0,573.178385416667,0,0,52993.01953125,3092.23461914063
"NGA",3,1,"LSMS-ISA2015",2015,3,21,2115,926,0,210060,7,0,0,0,0,0,0,0,0,2200,429.693878173828,0,0,0,0,0,0,0,514.285705566406,744.89794921875,2611.59936523438,0,0,0,0,0,0,2234.69391741071,0,0,0,0,0,2607.14285714286,0,0,0,0,0,0,0,0,11173.4693080357,0,9908.57142857143,5425.48158482143,0,0,0,0,0,0,0,0,0,1862.24483816964,0,0,0,1148.21296037946,0,0,0,0,327.530517578125,0,0,41187.82421875,3092.23461914063
"NGA",3,1,"LSMS-ISA2015",2015,3,21,2117,554,0,210061,4,0,1200,0,0,0,0,0,0,4400,0,0,0,0,0,0,0,0,0,0,2902.29223632813,0,11732.142578125,11732.142578125,0,6257.14306640625,0,0,0,0,0,0,5214.28564453125,0,0,9776.7861328125,0,20857.142578125,0,0,0,0,0,0,0,0,0,0,0,0,0,0,0,0,0,0,0,0,0,0,0,0,0,0,0,0,0,74071.9296875,2319.17602539063
"NGA",3,1,"LSMS-ISA2015",2015,3,21,2117,554,0,210062,11,0,0,0,0,0,88.4848466352983,0,0,345.454545454545,112.987014770508,0,0,331.818181818182,0,0,0,995.454528808594,0,0,2423.43579101563,0,0,0,0,7551.29929013779,0,0,0,0,0,0,3523.93952668551,1510.25982251619,1006.83984785291,1560.60178066258,0,2517.09967460085,0,0,0,0,1510.25982251619,302.051968730572,10522.9933009844,8904.77190986287,0,0,0,0,0,0,0,0,0,0,0,0,0,0,0,0,0,0,0,0,0,43207.75390625,2319.17602539063
"NGA",3,1,"LSMS-ISA2015",2015,3,21,2117,554,0,210063,5,0,0,0,0,0,0,0,0,680,141.666656494141,0,0,0,0,0,0,1460,0,0,5382.52001953125,0,0,0,0,14600,0,0,0,0,0,0,15642.85703125,0,2085.7142578125,8342.85703125,0,2294.2857421875,0,0,0,0,4692.85712890625,0,9908.57109375,7595.67421875,0,0,0,0,0,0,0,0,0,0,0,0,0,0,0,0,0,0,0,0,0,72827,2319.17602539063
"NGA",3,1,"LSMS-ISA2015",2015,3,21,2117,554,0,210064,12,0,800,0,0,0,0,0,0,366.666666666667,0,0,0,0,0,0,0,1013.88891601563,0,0,3044.45336914063,0,0,0,0,8690.47591145833,0,0,0,0,0,0,3476.1904296875,0,1303.57145182292,1738.09521484375,0,869.047607421875,0,0,0,0,869.047607421875,434.523803710938,4954.28548177083,6329.728515625,0,0,0,0,0,0,0,0,0,0,0,0,0,0,0,0,0,0,0,0,0,33889.97265625,2319.17602539063
"NGA",3,1,"LSMS-ISA2015",2015,3,21,2117,554,0,210065,5,0,5214.28564453125,0,0,7300,0,0,0,4520,747.619018554688,0,0,0,0,0,0,486.666656494141,1000,0,2614.31469726563,0,0,0,0,0,0,0,0,2085.7142578125,0,0,0,6778.5712890625,0,2502.85712890625,0,2085.7142578125,0,0,0,0,17207.1427734375,0,13872,15191.3484375,0,0,0,0,0,0,0,0,0,0,0,1216.66669921875,0,1607.49814453125,0,0,0,0,458.542724609375,0,730,85618.9375,2319.17602539063
"NGA",3,1,"LSMS-ISA2015",2015,3,21,2117,554,0,210066,8,0,7.5,0,2281.25,0,0,0,0,375,367.261901855469,0,0,6843.75,0,0,0,12166.6669921875,450,0,2070.4287109375,0,0,0,0,0,0,2000.27863262828,0,0,0,0,0,1666.89877655503,0,4267.26102804486,0,0,2667.03809286917,0,0,0,4667.31660342715,0,13303.7707556286,9712.71707633902,0,0,0,0,0,0,0,0,0,4333.93674347139,0,0,0,2754.00676677582,0,594.477552677333,0,0,439.759736626435,0,0,70969.3203125,2319.17602539063
"NGA",3,1,"LSMS-ISA2015",2015,3,21,2117,554,0,210067,11,0,545.454528808594,0,1106.06063565341,0,0,0,0,8727.27272727273,430.735931396484,0,0,3539.39382102273,0,0,0,8074.24267578125,363.636352539063,0,15620.9287109375,0,0,0,0,0,0,0,0,0,0,0,2370.12979403409,1422.07794744318,0,2133.11683238636,0,0,948.051935369318,0,0,0,13983.7658913352,0,9458.18181818182,6905.15838068182,0,4614.80504261364,0,0,0,0,0,0,0,2891.55841619318,0,0,0,2370.1298828125,0,422.637828480114,0,0,208.42851118608,0,0,86135.7734375,2319.17602539063
"NGA",3,1,"LSMS-ISA2015",2015,3,21,2117,554,0,210068,3,0,0,0,1622.22216796875,0,0,0,0,6266.66666666667,233.33332824707,0,0,0,0,0,1419.44449869792,0,0,0,3869.72290039063,0,0,0,0,0,0,0,0,0,0,0,0,10428.5716145833,0,9211.90470377604,0,5214.28564453125,0,0,0,0,14773.8092447917,0,16514.28515625,14467.9505208333,3500.5166015625,8460.47591145833,0,1605.49283854167,0,0,0,0,0,0,0,0,0,0,0,0,0,0,0,0,0,97588.6796875,2319.17602539063
"NGA",3,1,"LSMS-ISA2015",2015,3,21,2117,554,0,210069,10,0,1440,0,2433.3333984375,0,0,0,0,16280,445,0,0,1460,0,0,0,3163.33349609375,300,0,3664.052734375,0,0,0,0,0,3910.714453125,0,0,2085.7142578125,0,8864.2859375,0,0,0,4901.428515625,0,6517.85703125,0,0,0,0,18354.2854003906,0,6936,4340.38515625,0,7614.42890625,0,0,5518.799609375,0,0,0,0,0,0,0,0,0,0,0,0,0,0,0,547.5,98777.125,2319.17602539063
"NGA",3,1,"LSMS-ISA2015",2015,3,21,2117,554,0,210070,12,0,1500,0,202.777770996094,0,0,0,0,283.333333333333,102.480163574219,0,0,0,0,0,0,304.166656494141,0,0,1646.99755859375,0,0,0,0,2095.16740976651,0,0,0,0,0,0,0,0,0,1904.69758726676,0,1904.69758726676,0,0,0,0,2142.78485791897,476.174396816691,9048.61799410697,9909.2210129946,0,0,0,0,0,0,0,0,0,3095.13347384699,0,0,0,0,0,0,0,0,0,0,0,34616.25,2319.17602539063
"NGA",3,1,"LSMS-ISA2015",2015,3,21,2108,520,1,210071,5,0,1680,0,2920,0,0,0,0,5840,667.619018554688,0,0,0,0,0,0,5110,600,0,2586.8330078125,0,0,0,0,4380,0,0,0,6257.14296875,0,0,4171.428515625,0,0,2294.2857421875,0,0,5214.285546875,0,0,0,7299.9998046875,0,6936,7595.67421875,0,0,0,0,0,0,0,0,0,0,0,0,0,3128.571484375,0,0,0,0,458.542724609375,0,0,67140.3828125,9740.5390625
"NGA",3,1,"LSMS-ISA2015",2015,3,21,2108,520,1,210072,12,0,3500,0,3041.66666666667,0,2027.77783203125,0,0,13416.6666666667,1173.01586914063,0,0,9125,0,0,0,20277.77734375,1666.66662597656,0,6378.962890625,0,0,0,0,0,2607.14290364583,0,0,869.047607421875,0,0,11732.1432291667,1738.09521484375,0,0,0,0,3258.9287109375,0,0,0,15382.1427408854,0,2477.14274088542,6329.728515625,0,26438.9869791667,0,0,0,0,0,0,0,0,0,1448.41276041667,0,4093.21427408854,0,581.127075195313,0,0,286.589192708333,0,0,137850.25,9740.5390625
"NGA",3,1,"LSMS-ISA2015",2015,3,21,2108,520,1,210073,10,0,3000,0,973.33330078125,0,0,0,0,6260,535.952392578125,0,0,3406.666796875,0,0,0,9733.333984375,1280,0,1272.09680175781,0,0,0,0,0,0,0,0,2085.7142578125,0,0,2346.428515625,0,0,1616.42856445313,0,0,2607.1427734375,0,0,0,51621.428125,0,10404,7595.67421875,0,6345.357421875,0,0,0,0,0,0,0,847.32138671875,0,0,0,1564.2857421875,0,0,0,0,343.90703125,0,0,113839.0703125,9740.5390625
"NGA",3,1,"LSMS-ISA2015",2015,3,21,2108,520,1,210074,5,0,2880,0,2920,0,0,0,0,5720,396.571441650391,0,0,730,0,0,0,0,200,0,2550.8916015625,0,2502.8572265625,2502.8572265625,2502.8572265625,5005.714453125,0,1042.85712890625,0,0,0,0,0,5214.285546875,0,5110,0,5214.28564453125,0,1042.85712890625,0,0,6987.14296875,0,0,0,0,0,0,0,0,0,0,0,0,0,0,0,0,0,0,0,0,0,0,0,0,52523.171875,9740.5390625
"NGA",3,1,"LSMS-ISA2015",2015,3,21,2108,520,1,210075,6,0,2000,0,0,0,0,0,0,0,86.9047622680664,0,0,0,0,0,0,8111.111328125,0,0,7058.669921875,0,0,0,0,10428.5716145833,0,0,0,0,0,0,6952.380859375,7821.42838541667,2607.14290364583,3476.1904296875,0,2607.14290364583,0,0,0,0,0,1738.09521484375,5780,3616.98763020833,0,0,0,0,0,0,0,0,0,0,0,0,0,8285.41178385417,0,0,0,0,0,0,0,70570.0390625,9740.5390625
"NGA",3,1,"LSMS-ISA2015",2015,3,21,2108,520,1,210076,7,0,0,0,0,0,0,0,0,571.428571428571,148.979598999023,0,0,0,0,0,0,347.619049072266,0,0,8463.3251953125,0,0,0,0,0,0,0,0,0,0,0,15358.1710152497,15358.1710152497,1535.8171311579,9214.90306596525,0,9982.81126113258,0,0,0,0,0,767.908565578949,21888.5489049162,19975.2865500434,0,56068.9031612789,0,0,0,0,0,0,0,0,0,0,0,0,4928.98942116805,0,0,0,0,0,0,164610.875,9740.5390625
"NGA",3,1,"LSMS-ISA2015",2015,3,21,2108,520,1,210077,9,0,3333.33325195313,0,0,0,0,0,0,70000,115.873016357422,0,0,675.925944010417,0,0,0,4055.5556640625,0,0,12217.8837890625,0,10428.5711805556,0,0,0,0,0,0,1448.41265190972,0,0,11587.3012152778,5793.65060763889,2317.46028645833,3650,0,6373.01573350694,0,579.365071614583,0,0,1158.73014322917,579.365071614583,0,4822.65017361111,0,16920.953125,0,0,0,0,0,0,0,0,0,0,0,0,0,0,0,0,0,0,0,156058.0625,9740.5390625
"NGA",3,1,"LSMS-ISA2015",2015,3,21,2108,520,1,210078,7,0,2571.42846679688,0,0,0,0,0,0,342.857142857143,191.83674621582,0,0,0,0,0,0,1042.85717773438,0,0,4234.1875,0,0,0,0,16387.7555803571,0,0,0,0,0,0,5959.18359375,0,2607.14285714286,5959.18373325893,0,5586.73465401786,0,0,0,0,2234.69391741071,744.89794921875,9908.57142857143,7750.68805803571,0,0,0,0,0,0,0,0,0,0,0,0,0,0,0,0,0,0,0,0,0,65522.015625,9740.5390625
"NGA",3,1,"LSMS-ISA2015",2015,3,21,2108,520,1,210079,11,0,1090.90905761719,0,1880.30308948864,0,0,0,0,4600,181.818176269531,0,0,1327.27272727273,0,0,0,884.848449707031,0,0,1307.11499023438,0,5538.14882554669,5538.14882554669,0,2900.93512446115,0,791.164136959187,5538.14882554669,0,0,0,5933.73083060891,3296.5170344121,0,3164.65654783675,0,3626.16881521481,791.164136959187,0,0,0,8307.2231241806,0,0,0,0,0,0,0,0,0,0,0,0,0,0,0,0,0,0,0,0,0,0,0,0,56698.26953125,9740.5390625
"NGA",3,1,"LSMS-ISA2015",2015,3,21,2108,520,1,210080,10,0,3600,0,425.833349609375,0,0,0,0,3100,0,0,0,211.7,0,0,0,486.666656494141,600,0,1223.41369628906,0,1877.1427734375,3650,1877.1427734375,3754.285546875,0,0,0,0,0,0,0,0,0,2450.7142578125,0,1720.71433105469,0,0,0,0,1564.2857421875,0,0,0,0,0,0,0,0,0,0,0,0,0,0,0,0,0,0,0,0,0,0,0,0,26541.8984375,9740.5390625
"NGA",3,1,"LSMS-ISA2015",2015,3,21,2102,1124,0,210081,7,0,0,0,0,0,0,0,0,6385.71428571429,160.204086303711,0,0,1390.47614397321,0,0,0,2085.71435546875,1235.71423339844,0,3932.34887695313,0,0,0,0,10428.5714285714,0,1787.75516183036,0,0,0,0,3352.04073660714,0,0,2830.6123046875,0,1117.34695870536,1862.24483816964,0,0,0,4096.93875558036,0,7851.42745535714,9309.02790178571,0,0,0,0,0,0,0,0,0,0,0,0,0,3128.57142857143,0,0,0,0,187.160295758929,0,0,61141.87109375,6184.46923828125
"NGA",3,1,"LSMS-ISA2015",2015,3,21,2102,1124,0,210082,11,0,0,0,553.030317826705,0,0,0,0,3854.54545454545,109.350654602051,0,0,0,0,0,0,0,0,948.051935369318,1542.31994628906,0,0,0,0,2227.62070453252,0,0,0,0,0,0,0,0,0,2280.6593025704,530.385873376313,3712.70110989631,0,0,0,0,583.424478889948,0,4031.51390576264,5518.68274315123,0,0,0,0,0,0,0,0,0,0,0,0,0,0,0,0,0,0,0,0,0,25892.2890625,6184.46923828125
"NGA",3,1,"LSMS-ISA2015",2015,3,21,2102,1124,0,210083,6,0,0,0,0,0,0,0,0,5850,244.126998901367,0,0,1622.22216796875,0,0,0,6894.44482421875,0,0,1901.15100097656,0,0,0,0,6952.380859375,0,2085.71435546875,0,2607.14290364583,0,0,0,1738.09521484375,0,869.047607421875,0,304.166666666667,2172.61897786458,0,0,0,12601.1904296875,0,5780,6329.728515625,0,0,0,0,0,0,0,0,0,0,0,0,0,2756.54321289063,0,0,0,0,191.05946858724,0,0,60899.63671875,6184.46923828125
"NGA",3,1,"LSMS-ISA2015",2015,3,21,2102,1124,0,210084,2,0,0,0,0,0,0,0,0,6100,510.714294433594,0,0,0,0,0,0,0,0,0,3687.04345703125,0,0,0,0,0,0,3128.57153320313,0,0,0,0,0,0,0,2607.14282226563,0,0,0,0,0,0,5214.28564453125,0,9908.5712890625,18989.185546875,0,0,0,0,0,0,0,0,0,2457.23217773438,0,0,0,8878.75305175781,0,0,0,0,573.178405761719,0,0,62054.6796875,6184.46923828125
"NGA",3,1,"LSMS-ISA2015",2015,3,21,2102,1124,0,210085,12,0,0,0,0,0,0,0,0,3791.66666666667,113.730163574219,0,0,1419.44449869792,0,0,0,2838.88891601563,0,0,2611.24853515625,0,0,0,0,2607.14290364583,0,1042.85717773438,0,0,0,0,0,0,0,869.047607421875,0,434.523803710938,1086.30948893229,0,0,0,6865.47615559896,0,8670,9494.59375,0,0,0,0,0,0,0,0,0,0,0,0,0,711.611409505208,0,0,0,0,272.942097981771,0,0,42829.48828125,6184.46923828125
"NGA",3,1,"LSMS-ISA2015",2015,3,21,2102,1124,0,210086,7,0,0,0,0,0,0,0,0,3200,88.8095245361328,0,0,0,0,0,0,0,0,0,1257.32043457031,0,12296.2966686899,14052.9102912368,0,4742.85727863623,0,2107.9366566094,0,0,0,0,0,1756.61378640461,0,5269.84157176904,0,1932.27523368139,0,0,0,0,263.492082076175,0,0,0,0,0,0,0,0,0,0,0,0,0,0,0,0,608.450252764209,0,0,0,0,0,0,0,47576.8046875,6184.46923828125
"NGA",3,1,"LSMS-ISA2015",2015,3,21,2102,1124,0,210087,8,0,0,0,532.291687011719,0,304.166656494141,0,0,1437.5,801.785705566406,0,0,380.208343505859,0,0,0,2433.33349609375,0,0,4575.1982421875,0,0,0,0,23877.3293065315,0,0,0,8357.06570815018,3581.59962408445,0,10744.7981932845,14326.3984963378,7163.19924816891,12296.8248819165,8357.06570815018,17907.9974414534,2865.27972368163,3581.59962408445,0,0,6088.71936704709,2148.95977750243,2268.67345433618,4968.88820339432,0,0,0,0,0,0,0,0,0,0,0,0,0,0,0,0,0,0,0,0,0,138998.875,6184.46923828125
"NGA",3,1,"LSMS-ISA2015",2015,3,21,2102,1124,0,210088,10,0,0,0,304.166674804687,0,0,0,0,3740,181.666656494141,0,0,0,0,0,0,0,0,0,880.124328613281,0,7656.35392115049,7656.35392115049,0,3937.55326470711,0,2296.90617219437,0,0,0,0,1093.76483118654,0,0,3062.54166404106,0,1203.14134100783,0,0,0,0,382.817695798101,875.011904011731,0,0,0,0,0,0,0,0,0,0,0,0,729.176553259615,0,0,1030.35818865802,0,0,0,0,0,0,0,35029.93359375,6184.46923828125
"NGA",3,1,"LSMS-ISA2015",2015,3,21,2102,1124,0,210089,5,0,0,0,0,0,0,0,0,480,156.428573608398,0,0,0,0,0,0,0,0,0,7749.12109375,0,0,0,0,0,0,0,0,0,7093.59883794026,0,30147.7965961499,0,0,11349.7584181385,0,15960.5973377864,0,0,0,0,7980.29866889319,0,8424.86321220063,12916.598178446,0,25896.9821686503,0,0,0,0,0,0,0,0,0,0,0,0,10756.3521695394,0,0,0,0,0,0,138912.390625,6184.46923828125
"NGA",3,1,"LSMS-ISA2015",2015,3,21,2102,1124,0,210090,2,0,0,0,2433.33325195313,0,1825,0,0,800,1683.92858886719,0,0,2433.33325195313,0,0,0,0,0,0,19699.154296875,0,0,0,0,0,0,0,0,18435.7486392197,0,0,49381.4688257482,0,16460.4894458223,42138.8546392177,0,36213.0777914475,0,0,0,0,0,0,18767.6636567225,27403.5103537203,0,0,0,0,0,0,0,0,0,0,0,0,0,0,0,0,0,0,0,0,0,237675.546875,6184.46923828125
"NGA",3,1,"LSMS-ISA2015",2015,3,21,2111,180,0,210091,12,0,2500,0,811.111083984375,0,101.388885498047,0,304.166656494141,0,367.261871337891,0,0,0,0,0,0,3852.77807617188,0,0,3083.81176757813,0,13035.71484375,11732.1432291667,0,5214.28580729167,0,0,0,3041.66666666667,0,0,4345.23795572917,0,1955.35709635417,6887.20267740885,0,2172.61905924479,0,0,0,0,5431.54760742188,869.047607421875,0,0,0,0,0,0,0,0,0,0,0,0,0,0,0,0,0,0,0,0,0,0,0,65705.34375,8658.2568359375
"NGA",3,1,"LSMS-ISA2015",2015,3,21,2111,180,0,210092,2,0,0,0,121.666664123535,0,182.5,0,0,0,0,0,0,0,0,0,0,0,0,0,2626.06030273438,0,2867.85717773438,52142.85546875,0,0,0,0,0,0,0,0,0,2607.14282226563,0,1564.28576660156,0,0,0,0,0,0,0,0,0,0,1664.4248046875,0,0,2597.63159179688,0,0,0,0,0,0,0,0,0,2251.42413330078,0,0,0,0,0,0,0,68625.8515625,8658.2568359375
"NGA",3,1,"LSMS-ISA2015",2015,3,21,2111,180,0,210093,5,0,1920,0,0,0,0,0,0,4380,225.952392578125,0,0,0,0,0,0,0,0,0,2388.96142578125,0,0,0,0,0,0,0,0,0,0,0,4171.428515625,0,0,1042.85712890625,0,0,2607.1427734375,0,0,0,5214.285546875,0,2355.4283203125,13032.6390625,0,6257.14296875,0,0,0,0,0,0,0,0,0,0,0,1564.2857421875,0,0,0,0,458.542724609375,0,0,45618.66796875,8658.2568359375
"NGA",3,1,"LSMS-ISA2015",2015,3,21,2111,180,0,210094,5,0,1920,0,0,0,0,0,0,3960,152.952377319336,0,0,0,0,0,0,0,0,0,3423.72387695313,0,0,0,0,3962.85703125,0,0,0,0,0,0,4171.428515625,0,0,2085.7142578125,0,0,2607.1427734375,0,0,0,27114.2859375,0,2355.4283203125,3723.6109375,0,0,0,0,0,0,0,0,0,0,0,0,0,4836.4388671875,0,0,0,0,458.542724609375,0,0,60772.125,8658.2568359375
"NGA",3,1,"LSMS-ISA2015",2015,3,21,2111,180,0,210095,7,0,1714.28576660156,0,695.238071986607,0,0,0,0,3657.14285714286,0,0,0,0,0,0,0,0,428.571441650391,0,2366.20434570313,0,0,0,0,0,0,0,2234.69391741071,0,0,0,0,0,0,1489.7958984375,0,1489.7958984375,0,0,0,0,5512.24483816964,0,1121.63246372768,1329.86104910714,0,0,0,0,0,0,0,0,0,0,0,0,0,0,0,0,0,0,0,0,0,22039.46875,8658.2568359375
"NGA",3,1,"LSMS-ISA2015",2015,3,21,2111,180,0,210096,8,0,450,0,608.333312988281,0,0,0,0,7525,0,0,0,0,0,0,0,0,150,0,1075.81579589844,0,0,0,0,0,0,0,0,0,0,0,0,0,0,2802.67858886719,0,0,0,0,0,0,1303.57141113281,0,0,0,0,0,0,0,0,0,0,0,0,0,0,0,0,2833.46737670898,0,0,0,0,0,0,0,16748.8671875,8658.2568359375
"NGA",3,1,"LSMS-ISA2015",2015,3,21,2111,180,0,210097,7,0,1714.28576660156,0,243.333339146205,0,0,0,0,9428.57142857143,627.619018554688,0,0,869.047642299107,0,0,0,2780.95239257813,0,0,2366.20434570313,0,2458.16322544643,2234.69391741071,2458.16322544643,2681.63253348214,0,1117.34695870536,0,0,0,0,6704.08147321429,0,0,1489.7958984375,0,1117.34695870536,0,0,0,0,1191.83673967634,0,0,0,0,0,0,0,0,0,0,0,0,0,0,0,0,2413.15025111607,0,0,0,0,0,0,0,41896.22265625,8658.2568359375
"NGA",3,1,"LSMS-ISA2015",2015,3,21,2111,180,0,210098,8,0,1200,0,4562.5,0,228.125,0,0,6575,140.178573608398,0,0,0,0,0,0,0,0,0,2139.82739257813,0,0,0,0,16425,0,2607.14282226563,0,1303.57141113281,0,0,1303.57141113281,1303.57141113281,0,2867.85717773438,0,0,3258.92846679688,0,0,0,11732.142578125,0,10304.9990234375,8145.3994140625,0,0,0,0,0,0,0,0,0,0,0,0,0,3258.92858886719,0,0,0,0,429.8837890625,0,0,77786.6328125,8658.2568359375
"NGA",3,1,"LSMS-ISA2015",2015,3,21,2111,180,0,210099,11,0,1090.90905761719,0,0,0,0,0,0,36.3636363636364,309.740264892578,0,0,0,0,0,0,442.424224853516,0,0,1610.24621582031,0,0,0,0,7584.41548295455,0,0,0,0,0,0,5688.31161221591,0,2370.12979403409,18012.9872159091,0,6162.33762428977,0,0,0,0,9006.49325284091,711.038973721591,2141.29847301136,2961.96342329545,0,0,0,0,0,0,0,0,0,0,0,0,0,0,2482.55948153409,0,0,0,0,0,0,60611.21875,8658.2568359375
"NGA",3,1,"LSMS-ISA2015",2015,3,21,2111,180,0,210100,11,0,1090.90905761719,0,1106.06063565341,0,132.727272727273,0,0,490.909090909091,94.8051986694336,0,0,553.030317826705,0,0,0,774.242431640625,0,0,3321.22192382813,0,2844.15589488636,0,0,0,0,0,0,0,0,0,3792.20774147727,0,2844.15589488636,1896.10387073864,0,2844.15580610795,0,0,0,0,1185.06489701705,284.415593927557,0,2961.96342329545,0,0,0,0,0,0,0,0,0,0,0,0,0,917.636274857955,3310.07919034091,0,0,0,0,0,0,30443.84375,8658.2568359375
"NGA",3,1,"LSMS-ISA2015",2015,1,22,2211,806,1,220001,7,1251.42858886719,0,0,347.619035993304,0,347.619035993304,2085.71428571429,0,8214.28571428571,1660.54418945313,869.047668457031,0,0,0,4469.38783482143,0,22595.236328125,3571.42846679688,0,1714.28576660156,0,0,0,0,0,0,2979.591796875,0,2979.591796875,0,0,0,14153.0611049107,0,6704.08147321429,0,2085.71435546875,5959.18359375,0,0,0,5735.71414620536,968.367361886161,0,3724.48995535714,5214.28557477679,3125.8125,21766.609375,2849.41573660714,0,0,0,0,0,260.714285714286,0,0,3575.50990513393,839.372802734375,0,0,0,0,1990.9091796875,0,1738.09533691406,133777.109375,7494.451171875
"NGA",3,1,"LSMS-ISA2015",2015,1,22,2211,806,1,220002,4,0,2100,0,0,0,0,2433.33325195313,0,20350,8681.607421875,24333.333984375,0,2767.91674804688,0,0,0,9125,13700,0,5444.5908203125,0,0,0,0,0,0,0,0,13822.1751351478,0,0,0,52098.9702646062,0,8931.25157588534,0,6592.11418567831,5103.57256680937,5316.22114711022,5528.87023113435,0,18075.1521137245,1275.89314170234,0,0,8221.70908561954,4686.15072890185,0,6193.92658570316,0,0,32452.0627075247,0,0,0,0,2286.54674114834,8104.54936647927,0,0,2138.36821148312,0,0,9946.16695946455,0,0,279709.5,7494.451171875
"NGA",3,1,"LSMS-ISA2015",2015,1,22,2211,0,1,220003,5,730,2400,0,0,1460,1898,0,0,10600,7620.3330078125,0,0,0,0,0,0,18006.666015625,600,0,7000,0,0,0,0,55271.43125,5214.285546875,3128.571484375,20857.1421875,2607.1427734375,0,0,5214.285546875,4171.428515625,938.57138671875,27322.8566894531,4692.85708007813,4797.14287109375,5214.285546875,1042.85712890625,3962.8572265625,0,2085.7142578125,5840,0,0,0,0,0,260.714306640625,0,0,0,0,0,7903.759375,0,0,0,1042.85712890625,0,0,0,0,0,0,91250,303133.78125,7494.451171875
"NGA",3,1,"LSMS-ISA2015",2015,1,22,2211,806,1,220004,7,0,0,0,1216.66671316964,695.238071986607,695.238071986607,0,0,4771.42857142857,868.027221679688,869.047668457031,0,0,0,4469.38783482143,0,13904.7626953125,428.571441650391,0,11745.5576171875,0,0,0,0,11173.4698660714,15642.8571428571,2160.2041015625,0,2979.591796875,0,0,4469.38783482143,3724.48967633929,2011.22453962054,2607.14285714286,1489.7958984375,2234.69381277902,1489.7958984375,148.979596819196,670.408133370536,0,7597.95926339286,223.469395228795,0,0,0,0,0,0,0,0,0,0,0,0,0,0,0,1957.46212332589,0,0,0,0,0,0,869.047668457031,101113.8984375,7494.451171875
"NGA",3,1,"LSMS-ISA2015",2015,1,22,2211,806,1,220005,7,0,0,0,1390.47614397321,0,869.047642299107,0,0,2114.28571428571,447.108856201172,0,0,0,0,0,0,24333.33203125,1142.85717773438,0,23498.65625,0,0,0,0,10428.5711495536,0,744.89794921875,0,1489.7958984375,0,0,1862.24483816964,4469.38783482143,0,2234.69384765625,1117.34695870536,3203.06122698103,5959.18359375,297.959193638393,893.877580915179,0,12663.2653459821,0,0,0,0,0,4353.32198660714,0,0,0,0,0,0,0,0,0,0,372.448974609375,0,0,0,0,1716.65117536272,0,0,105602.46875,7494.451171875
"NGA",3,1,"LSMS-ISA2015",2015,1,22,2211,806,1,220006,8,0,0,0,3041.66674804688,0,760.416687011719,0,0,6950,908.511901855469,0,0,2281.25,0,0,0,21291.666015625,900,0,2670.50219726563,0,0,0,0,3258.92846679688,3910.71435546875,3910.71417236328,0,2607.14282226563,0,0,6517.85693359375,2607.14282226563,10689.2861328125,3324.10705566406,325.892852783203,2085.71429443359,5214.28564453125,325.892852783203,782.142883300781,0,0,847.321426391602,0,0,0,0,0,0,0,0,0,0,0,0,0,0,0,0,0,0,0,0,0,0,0,85211.15625,7494.451171875
"NGA",3,1,"LSMS-ISA2015",2015,1,22,2211,806,1,220007,4,0,0,0,608.333312988281,0,3041.66674804688,0,0,4000,1462.5,0,0,3041.66674804688,0,7821.4287109375,0,6691.6669921875,0,0,20554.7265625,0,0,0,0,7821.4287109375,13035.7138671875,0,0,6778.57141113281,2607.14282226563,0,0,10428.5712890625,0,0,0,6517.85717773438,8603.5712890625,0,0,0,18249.9997558594,0,0,0,4214.00634765625,0,0,6012.0654296875,0,0,0,0,0,0,0,4888.39306640625,0,1042.85717773438,0,364.126068115234,0,0,39.1071434020996,0,0,137825.390625,7494.451171875
"NGA",3,1,"LSMS-ISA2015",2015,1,22,2211,806,1,220008,11,0,5454.54541015625,0,110.60605690696,0,2765.15145596591,0,0,4654.54545454546,394.372283935547,0,0,3650,0,1659.09090909091,0,26545.455078125,1437.87878417969,0,5115.8935546875,0,2844.15589488636,3318.18181818182,0,0,0,15168.8309659091,0,0,0,0,6636.36363636364,3792.20774147727,0,3128.57137784091,474.025967684659,4124.02605646307,2370.12979403409,0,0,0,9243.50656960227,995.454512162642,0,0,0,5967.46022727273,0,0,0,0,0,0,0,0,0,0,0,0,0,0,0,0,0,0,0,109850.453125,7494.451171875
"NGA",3,1,"LSMS-ISA2015",2015,1,22,2211,806,1,220009,5,0,0,0,1216.66669921875,0,7300,0,0,14920,2782.95239257813,0,0,7300,0,521.428564453125,1216.66669921875,10220,9460,0,4355.6728515625,0,20857.1421875,0,0,0,26071.428125,5214.285546875,0,14600,0,0,14600,10428.57109375,0,12514.2859375,0,10949.9999023438,12514.2859375,0,2085.7142578125,0,7821.42861328125,521.428564453125,0,0,9125,10950,0,0,0,0,0,0,0,0,0,0,0,1398.37646484375,0,0,0,0,0,0,4258.3330078125,223203.65625,7494.451171875
"NGA",3,1,"LSMS-ISA2015",2015,1,22,2211,806,1,220010,1,0,0,0,0,0,5840,0,0,8000,2530,0,0,0,0,0,0,0,600,0,10912.203125,0,0,0,0,0,26071.427734375,10428.5712890625,0,15642.8569335938,0,0,18250,104285.7109375,14600,67785.7109375,0,31285.7138671875,22942.857421875,0,31285.7153320313,0,15642.857421875,0,0,0,0,16092.611328125,0,9972.955078125,0,0,0,0,0,0,4692.85693359375,0,0,0,0,0,0,0,156.428573608398,0,0,417018.5,7494.451171875
"NGA",3,1,"LSMS-ISA2015",2015,1,22,2211,594,0,220011,10,0,0,0,243.333325195313,0,243.333325195313,2433.3333984375,0,3170,513.690490722656,730,0,243.333325195313,0,5214.285546875,0,7300,500,0,1678.23754882813,0,7821.42890625,0,0,18250,0,0,0,1042.85712890625,0,0,5214.285546875,3128.571484375,0,15642.8568359375,0,521.428564453125,0,0,0,0,31911.4290283203,260.714282226562,0,0,0,0,0,4471.3119140625,0,0,0,0,13904.7609375,0,0,0,2521.6052734375,521.428564453125,2725.0693359375,0,0,0,4171.428515625,0,0,134378.734375,3618.0107421875
"NGA",3,1,"LSMS-ISA2015",2015,1,22,2211,594,0,220012,8,0,0,0,0,0,0,760.416687011719,0,4475,778.392822265625,912.5,0,1520.83337402344,0,521.428588867188,0,6083.3330078125,2493.75,0,3113.14819335938,0,0,0,0,0,0,6517.85693359375,0,2933.03564453125,0,0,3910.71435546875,3258.92846679688,1825,3910.71435546875,0,2085.71423339844,7821.4287109375,1629.46423339844,782.142883300781,0,23985.7142333984,977.678558349609,0,0,6321.00927734375,3077.87670898438,0,1535.72888183594,0,0,0,0,0,0,0,0,3152.00659179688,720.420166015625,0,655.426940917969,0,0,1742.04553222656,0,0,97501.703125,3618.0107421875
"NGA",3,1,"LSMS-ISA2015",2015,1,22,2211,594,0,220013,12,0,0,0,253.472229003906,0,0,0,0,433.333333333333,225.595230102539,0,0,506.944458007813,0,869.047607421875,0,2129.16674804688,1269.44445800781,0,3630.0126953125,0,0,0,0,1976.92129971724,0,0,0,461.281636619223,0,0,0,14497.4227564568,0,1976.92129971724,0,329.486876504522,0,2635.89501203618,1186.15272555834,0,2635.89503238123,329.486876504522,705.034338835411,0,1796.91509682417,2282.00178946682,0,3798.97981011409,0,0,0,0,0,0,0,1235.57586669258,0,3392.17314233694,0,0,0,0,3663.79109307726,0,0,52220.94921875,3618.0107421875
"NGA",3,1,"LSMS-ISA2015",2015,1,22,2211,594,0,220014,4,0,0,0,0,0,1216.66662597656,0,0,4400,0,0,0,0,0,0,0,0,0,0,4195.02978515625,0,0,0,0,12514.2861328125,0,3910.71435546875,0,2607.14282226563,0,0,5214.28564453125,15642.857421875,0,3258.92846679688,0,4823.21435546875,6517.85693359375,0,0,0,0,521.428588867188,1394.68774414063,0,4214.00634765625,0,7618.3134765625,10521.1142578125,0,0,0,0,0,0,0,0,0,0,0,0,0,0,0,0,0,88570.5390625,3618.0107421875
"NGA",3,1,"LSMS-ISA2015",2015,1,22,2211,594,0,220015,9,0,0,0,0,0,270.370361328125,0,0,1733.33333333333,384.391540527344,0,0,1622.22222222222,0,0,0,4190.740234375,675.925964355469,0,6961.3076171875,0,0,0,0,8690.4765625,11587.3012152778,1158.73014322917,0,2317.46028645833,0,0,2896.82530381944,3476.19053819444,1158.73014322917,4924.60335286458,0,1158.73014322917,5793.65060763889,2027.77777777778,289.682535807292,0,1738.09526909722,1332.53967285156,0,0,5733.30034722222,0,0,5540.52994791667,0,0,0,0,0,0,0,0,0,2511.67350260417,0,0,0,0,0,0,0,78174.5859375,3618.0107421875
"NGA",3,1,"LSMS-ISA2015",2015,1,22,2211,594,0,220016,16,0,0,0,0,0,380.208343505859,0,0,4400,965.625,228.125,0,988.541687011719,0,0,0,0,0,0,4504.22998046875,0,0,0,0,3258.92846679688,4888.39306640625,977.678588867188,0,2281.25003051758,0,0,3258.92846679688,1955.35717773438,0,4888.39306640625,0,3193.74993896484,4073.66064453125,0,0,0,9939.7325592041,162.946426391602,0,0,1316.876953125,0,0,2254.52465820313,0,0,0,0,0,0,0,0,0,0,0,0,0,0,1088.77856445313,0,1216.66662597656,56222.59375,3618.0107421875
"NGA",3,1,"LSMS-ISA2015",2015,1,22,2211,594,0,220017,11,0,0,0,1548.48490767045,0,0,0,0,2654.54545454545,539.826843261719,0,0,4424.24254261364,0,474.025967684659,0,6083.333984375,181.818176269531,0,9732.5380859375,0,0,0,0,0,0,1422.07794744318,0,1422.07794744318,0,0,3792.20774147727,0,0,6162.33735795455,0,2085.71426669034,2370.12979403409,0,0,0,0,237.01298384233,2415.63299005682,0,0,6276.45454545455,0,0,0,0,0,0,0,1649.61044034091,0,0,0,587.792214133523,0,0,0,0,0,0,0,54059.86328125,3618.0107421875
"NGA",3,1,"LSMS-ISA2015",2015,1,22,2211,594,0,220018,7,0,0,0,0,0,0,0,0,2428.57142857143,676.870727539063,0,0,0,0,2979.591796875,0,1042.85717773438,285.714294433594,0,1226.23901367188,0,0,0,0,5586.73493303571,0,0,0,1489.7958984375,0,0,6704.08147321429,2979.591796875,0,5065.30636160714,0,4692.85714285714,0,0,0,0,3724.48967633929,744.89794921875,1518.39787946429,0,0,0,0,0,0,0,0,0,0,0,0,0,0,3233.947265625,0,0,0,0,0,0,260.714294433594,44640.65625,3618.0107421875
"NGA",3,1,"LSMS-ISA2015",2015,1,22,2211,594,0,220019,11,0,0,0,1106.06063565341,0,0,0,0,4045.45454545455,158.008651733398,1106.06066894531,0,884.848455255682,0,0,0,4203.0302734375,2212.12133789063,0,1730.40783691406,0,0,0,0,0,0,3318.18181818182,0,1706.49343039773,0,0,3318.18181818182,5688.31178977273,0,3555.19495738636,0,2607.14284446023,0,0,0,0,1990.90909090909,1896.10395951705,7604.20667613636,0,0,5967.46022727273,0,1116.89373224432,0,0,0,0,0,0,0,0,0,0,0,0,0,0,0,0,0,54215.07421875,3618.0107421875
"NGA",3,1,"LSMS-ISA2015",2015,1,22,2211,594,0,220020,10,0,0,0,0,0,608.333349609375,0,0,8500,340.833312988281,0,0,1277.5,0,0,0,9733.333984375,3000,0,2305.84545898438,0,0,0,0,3910.714453125,4692.85703125,4171.428515625,0,3754.285546875,0,0,1042.85712890625,2085.7142578125,0,1564.2857421875,625.714306640625,1824.99997558594,3910.714453125,782.14287109375,0,0,13244.2860351563,1042.85715332031,0,0,4057.36630859375,0,0,2019.39326171875,0,0,0,0,0,0,0,0,0,0,0,0,0,0,0,0,0,74495.4609375,3618.0107421875
"NGA",3,1,"LSMS-ISA2015",2015,1,22,2216,428,1,220021,7,0,2057.14282226563,0,0,0,1738.09528459821,0,0,3628.57142857143,2742.92529296875,0,0,8690.47600446429,0,3724.48967633929,0,17380.951171875,0,0,2400,0,0,0,0,7448.97935267857,11173.4698660714,0,0,5959.18373325893,0,0,5214.28571428571,2979.591796875,0,9683.67299107143,0,2085.7143031529,6704.08147321429,0,0,0,0,0,0,0,0,2956.55385044643,0,2576.599609375,0,0,0,0,0,0,0,0,0,268.163260323661,0,0,0,0,1107.54561941964,0,3041.66674804688,103562.1640625,6202.30419921875
"NGA",3,1,"LSMS-ISA2015",2015,1,22,2216,428,1,220022,6,0,400,0,0,0,5069.4443359375,0,0,2333.33333333333,1436.90478515625,0,0,0,0,3041.66666666667,0,40555.5546875,100,0,4456.42236328125,0,0,0,0,14773.8098958333,4345.23795572917,3476.1904296875,0,3476.1904296875,0,0,0,6083.33333333333,0,6517.857421875,0,8255.95231119792,4345.23795572917,0,0,0,0,434.523803710938,0,0,0,0,0,0,0,0,0,0,0,0,0,0,0,0,0,0,0,0,0,0,0,109101.6640625,6202.30419921875
"NGA",3,1,"LSMS-ISA2015",2015,1,22,2216,428,1,220023,1,0,0,0,2433.33325195313,0,8516.6669921875,0,0,8000,4259.52392578125,0,0,12166.6669921875,0,5214.28564453125,0,36500,5866.66650390625,0,6000,0,0,0,0,52142.85546875,13557.142578125,10428.5712890625,0,15642.857421875,0,0,41714.28515625,15642.857421875,0,11471.4287109375,0,22421.4287109375,26071.427734375,0,0,0,140785.712890625,2607.14282226563,0,0,0,0,0,0,0,0,0,0,0,0,0,0,0,0,0,0,0,0,0,0,8516.6669921875,449959.5,6202.30419921875
"NGA",3,1,"LSMS-ISA2015",2015,1,22,2216,428,1,220024,1,0,6000,0,0,0,6083.33349609375,0,0,12400,14104.76171875,0,0,12166.6669921875,0,0,0,12166.6669921875,6083.33349609375,0,8400,0,0,0,0,10950,0,13035.7138671875,0,22942.857421875,0,0,41714.28515625,0,0,11471.4287109375,0,21900,20857.142578125,0,0,0,90728.5712890625,0,0,0,0,0,0,0,0,0,0,0,0,0,0,0,0,0,0,0,0,0,500.571411132813,0,10950,322455.3125,6202.30419921875
"NGA",3,1,"LSMS-ISA2015",2015,1,22,2216,428,1,220025,3,0,4800,0,0,0,4055.5556640625,0,0,7933.33333333333,8342.2216796875,0,0,7300,0,0,0,15411.1103515625,0,0,6000,0,0,0,0,0,52142.859375,0,0,10428.5716145833,0,0,19119.0481770833,20857.1432291667,4866.66666666667,10080.9521484375,0,9038.09537760417,17380.9518229167,1042.85717773438,2085.71435546875,0,15642.8567708333,3476.1904296875,0,0,0,12166.6666666667,0,6012.06575520833,0,0,0,0,0,0,0,13035.71484375,0,0,0,0,0,0,0,0,6083.33349609375,257301.90625,6202.30419921875
"NGA",3,1,"LSMS-ISA2015",2015,1,22,2216,428,1,220026,7,0,5142.85693359375,0,695.238071986607,0,938.571428571429,0,0,3514.28571428571,122.959182739258,0,0,6952.38113839286,0,0,0,6952.38134765625,857.142883300781,0,1058.56408691406,0,0,0,0,3352.04073660714,5959.18359375,1191.83673967634,0,2681.63274274554,0,0,1489.7958984375,1862.24487304688,0,2532.65300641741,0,2458.16326032366,1787.75516183036,0,1415.30615234375,0,9683.67340959821,223.469395228795,0,0,0,0,0,2137.06180245536,0,0,0,0,0,0,0,0,0,372.448974609375,0,187.264840262277,0,0,995.45458984375,0,0,64564.3671875,6202.30419921875
"NGA",3,1,"LSMS-ISA2015",2015,1,22,2216,428,1,220027,6,0,2000,0,5677.77799479167,0,1622.22216796875,2920,0,18433.3333333333,8957.9365234375,0,0,0,0,10428.5716145833,0,6488.88916015625,16666.666015625,0,3629.72729492188,0,0,0,0,6952.380859375,43452.3802083333,5214.28580729167,17380.9518229167,6517.85713704427,0,0,0,31285.7135416667,10949.9996744792,4866.66650390625,2607.14290364583,10254.7618815104,0,4345.23795572917,4345.23803710938,0,4779.7617594401,8690.47607421875,0,0,0,0,0,0,0,0,0,0,0,0,0,0,0,347.619018554688,0,0,43.452382405599,0,0,0,0,238859.0625,6202.30419921875
"NGA",3,1,"LSMS-ISA2015",2015,1,22,2216,428,1,220028,8,0,1500,0,1520.83337402344,0,380.208343505859,821.25,0,11425,9184.5234375,760.416687011719,0,15208.3330078125,0,3258.92846679688,0,3041.66674804688,23041.666015625,0,2722.29541015625,0,0,0,0,3910.71435546875,0,13687.4995727539,0,2867.85711669922,0,0,7821.4287109375,0,4888.39306640625,1173.21423339844,0,3128.57147216797,1629.46423339844,325.892852783203,1694.64288330078,0,4562.5,5214.28564453125,0,0,0,0,26664.09765625,0,0,0,0,0,0,0,0,0,0,635.888427734375,0,0,912.5,0,391.071441650391,0,0,152373.15625,6202.30419921875
"NGA",3,1,"LSMS-ISA2015",2015,1,22,2216,428,1,220029,7,0,1200,0,347.619035993304,0,1042.85714285714,0,0,3200,1463.26538085938,0,0,2780.95228794643,0,2234.69391741071,0,13904.7626953125,1000,0,2400,0,0,0,0,6257.14285714286,0,893.877580915179,1489.7958984375,2979.591796875,0,0,2979.591796875,2532.65318080357,670.408133370536,2756.12252371652,0,3128.57146344866,4469.38783482143,0,1787.75516183036,0,21006.1226981027,372.448974609375,0,0,0,0,8706.64397321429,2137.06180245536,0,274.436087472098,0,0,0,0,0,0,0,1385.51004464286,0,374.529680524554,0,0,1493.18178013393,0,14600,109869,6202.30419921875
"NGA",3,1,"LSMS-ISA2015",2015,1,22,2216,428,1,220030,4,0,10500,0,912.5,0,2053.125,0,0,1800,419.34521484375,0,0,0,0,1825,0,18250,0,0,3048.89453125,0,0,0,0,78214.2890625,0,5605.35717773438,0,39107.14453125,0,0,7821.4287109375,5214.28564453125,1303.57141113281,1564.28576660156,2867.85717773438,3389.28576660156,3128.57153320313,651.785705566406,11080.357421875,0,19553.5708007813,2216.07147216797,0,0,0,0,7618.3134765625,2493.23876953125,0,0,0,0,0,0,0,1173.21423339844,0,1042.85705566406,0,0,0,0,0,0,0,232854.375,6202.30419921875
"NGA",3,1,"LSMS-ISA2015",2015,1,22,2201,422,0,220031,3,1216.66662597656,2000,0,0,0,3244.4443359375,0,0,3600,5542.380859375,0,0,0,0,0,0,22305.5546875,0,0,4000,0,0,0,1738.09521484375,5214.28580729167,8690.47591145833,3476.1904296875,0,5040.47631835938,3476.1904296875,0,0,8690.47591145833,0,695.238118489583,0,6083.33333333333,0,0,2085.71435546875,0,7126.19059244792,0,0,0,5480.92529296875,0,0,4986.4775390625,0,651.785725911458,0,0,0,0,0,6517.857421875,0,695.238118489583,0,0,0,0,1938.20491536458,0,4055.5556640625,118551.7578125,3618.0107421875
"NGA",3,1,"LSMS-ISA2015",2015,1,22,2201,422,0,220032,4,3041.66674804688,3000,0,608.333312988281,0,2190,0,0,5000,126.011901855469,0,0,4562.5,0,1303.57141113281,0,30416.666015625,0,0,3326.11108398438,0,0,0,7821.4287109375,10950,20857.142578125,37803.5720214844,0,17598.21484375,0,0,6517.85693359375,7821.4287109375,3128.57153320313,5996.42864990234,1303.57141113281,8473.21423339844,2607.14282226563,1303.57141113281,4301.78576660156,0,15642.857421875,6257.14297485352,0,0,0,0,0,0,0,0,0,0,0,0,0,0,0,0,0,0,0,0,2613.06811523438,0,0,214571.859375,3618.0107421875
"NGA",3,1,"LSMS-ISA2015",2015,1,22,2201,422,0,220033,1,3650,12000,0,0,0,2676.66674804688,0,0,12600,1608.33325195313,0,0,24333.333984375,0,26071.427734375,0,97333.3359375,6000,0,13304.4443359375,0,0,0,0,0,0,3910.71435546875,0,10428.5712890625,0,0,0,0,6257.14306640625,0,23464.2861328125,0,0,0,20335.7138671875,0,411928.58203125,0,0,0,0,4139.17529296875,0,0,0,0,0,0,0,0,0,0,0,0,5105.41650390625,0,0,0,0,0,0,685147.125,3618.0107421875
"NGA",3,1,"LSMS-ISA2015",2015,1,22,2201,422,0,220034,2,0,0,0,1520.83337402344,0,0,1520.83337402344,0,3400,832.5,0,0,0,0,5214.28564453125,0,1825,0,0,10029.09765625,0,0,0,0,10240.9623651973,0,9363.16598852839,0,1170.39576382484,0,0,0,26333.9031790207,0,12581.7539033391,0,2633.39040125285,4388.98405962586,1462.99463742802,0,0,4974.18198993769,5559.3797981792,0,0,0,0,45797.3632764472,0,0,0,0,0,0,0,0,0,0,0,0,0,0,0,0,0,0,148849.03125,3618.0107421875
"NGA",3,1,"LSMS-ISA2015",2015,1,22,2201,422,0,220035,3,0,1000,0,0,0,4055.5556640625,0,0,10800,2833.33325195313,0,0,0,0,0,0,16222.22265625,0,0,4000,0,0,0,0,10428.5716145833,29547.6197916667,3476.1904296875,0,7126.19018554688,0,0,0,8690.47591145833,0,7647.619140625,0,7473.80940755208,4345.23795572917,869.047607421875,1738.09521484375,0,33719.0476888021,4345.23811848958,0,0,0,0,0,6012.06575520833,0,0,0,0,0,0,0,0,0,834.285725911458,0,0,0,0,0,0,4055.5556640625,169220.15625,3618.0107421875
"NGA",3,1,"LSMS-ISA2015",2015,1,22,2201,422,0,220036,4,0,9000,0,0,0,3041.66674804688,0,0,6750,2084.52392578125,0,0,9125,0,3910.71435546875,0,10645.833984375,3541.66674804688,0,3133.3173828125,0,0,6517.85693359375,3910.71435546875,9125,5214.28564453125,2867.85717773438,0,3910.71435546875,0,0,20857.142578125,19553.572265625,0,8603.5712890625,0,6257.14294433594,6517.85693359375,0,0,0,15642.8569335938,3910.71423339844,0,0,0,0,0,0,0,0,0,0,0,0,0,0,0,1303.57141113281,0,0,0,0,0,0,0,165425.59375,3618.0107421875
"NGA",3,1,"LSMS-ISA2015",2015,1,22,2201,422,0,220037,7,0,1714.28576660156,0,521.428571428571,0,869.047642299107,0,0,1614.28571428571,175.10205078125,0,0,0,0,0,0,2085.71435546875,5714.28564453125,0,2270.12866210938,0,0,0,0,2234.69391741071,5214.28571428571,9683.67368861607,0,893.877580915179,0,0,1489.7958984375,1713.26524135045,0,17132.6534598214,4096.93875558036,2756.12241908482,7448.97935267857,0,1489.7958984375,0,0,1713.26529366629,0,0,0,0,0,0,0,0,0,0,0,0,1241.49665178571,0,0,0,0,0,2234.69391741071,0,0,0,0,74307.8125,3618.0107421875
"NGA",3,1,"LSMS-ISA2015",2015,1,22,2201,422,0,220038,3,0,12000,0,0,0,9733.33333333333,0,0,9066.66666666667,1707.14294433594,0,0,8111.111328125,0,2607.14290364583,0,16222.22265625,0,0,3200,0,0,0,0,10428.5716145833,6952.380859375,5214.28564453125,0,13904.76171875,0,0,13904.76171875,13904.76171875,0,3997.619140625,0,6604.76188151042,0,0,0,0,25202.3806966146,1738.09521484375,0,0,0,0,0,0,0,0,0,0,0,0,0,0,0,0,0,0,0,0,0,0,0,164500,3618.0107421875
"NGA",3,1,"LSMS-ISA2015",2015,1,22,2201,422,0,220039,1,6083.33349609375,160,0,0,0,12166.6669921875,0,0,11000,30573.810546875,0,0,0,0,0,0,14600,0,0,9400.046875,0,5796.04919780156,0,0,11592.0983956031,0,2898.02459890078,11592.0983956031,10432.8882732113,0,0,17388.1481323722,11592.0983956031,30139.4562634584,5796.04919780156,0,12751.3086193674,20286.1725631617,0,22024.9866688144,0,17388.1481323722,11592.0983956031,0,0,0,0,27675.9036486896,0,0,0,0,0,0,0,0,43470.3715102379,0,8694.07406618609,0,0,0,0,0,0,0,355093.8125,3618.0107421875
"NGA",3,1,"LSMS-ISA2015",2015,1,22,2201,422,0,220040,9,0,4000,0,337.962972005208,0,1081.4814453125,1622.22222222222,0,18555.5555555556,9007.275390625,0,0,3379.62955729167,0,11587.3012152778,0,27037.037109375,28777.77734375,0,109675.7734375,0,0,0,0,52142.8576388889,57936.5069444444,9849.20638020833,2896.82530381944,5793.65060763889,0,0,11587.3012152778,27519.8415798611,6952.380859375,4634.92051866319,2896.82541232639,5851.58737521701,0,2027.77777777778,7068.25371636285,0,10428.5711534288,10428.5714518229,0,0,0,0,0,840.892795138889,0,0,0,0,0,695.238118489583,695.238118489583,0,170.760226779514,0,0,0,0,0,0,0,0,435479.25,3618.0107421875
"NGA",3,1,"LSMS-ISA2015",2015,1,22,2209,792,1,220041,2,0,6000,0,0,0,6083.33349609375,0,0,10300,12854.1669921875,0,0,3041.66674804688,0,33892.85546875,0,6083.33349609375,0,0,33863.31640625,0,0,0,0,0,0,7821.4287109375,5214.28564453125,6257.14306640625,0,0,0,65178.5703125,0,33892.85546875,0,6517.85717773438,15642.857421875,0,0,0,0,0,0,0,0,9125,21014.392578125,0,0,0,0,0,15843.4072265625,0,0,0,0,2085.71435546875,0,0,0,0,3876.40966796875,0,0,304588.59375,3359.58154296875
"NGA",3,1,"LSMS-ISA2015",2015,1,22,2209,792,1,220042,6,0,1000,0,2433.33333333333,1013.88891601563,811.111083984375,0,0,5266.66666666667,2161.90478515625,0,0,1622.22216796875,0,2607.14290364583,0,12166.6669921875,166.66667175293,0,4,0,0,0,0,13383.3333333333,0,6952.380859375,0,1390.47623697917,0,0,0,6083.33333333333,0,1825,0,4345.23803710938,8690.47591145833,0,0,0,13904.7614746094,695.238118489583,0,0,0,0,0,0,0,0,0,0,0,0,0,0,0,0,0,0,0,0,0,0,0,86523.828125,3359.58154296875
"NGA",3,1,"LSMS-ISA2015",2015,1,22,2209,792,1,220043,5,0,1920,0,1216.66669921875,0,608.333349609375,2920,0,13840,5569.33349609375,486.666656494141,0,0,0,2502.8572265625,0,7300,2000,0,2400,0,0,0,0,9649.36532752752,11625.7407520557,2881.03926574719,0,465.029660533592,0,0,1395.08897642142,17438.6123828283,4882.81137900556,7905.50409515932,2325.14823830177,10811.9389487696,0,4650.29637894728,6801.05871566429,0,21507.6213163889,348.772244105355,0,0,2615.79190477371,0,0,0,0,0,0,0,0,0,0,697.54448821071,0,2010.28443041176,0,0,0,0,0,0,2433.33349609375,151208.84375,3359.58154296875
"NGA",3,1,"LSMS-ISA2015",2015,1,22,2209,792,1,220044,6,0,1200,0,2027.77783203125,0,1013.88891601563,0,0,6033.33333333333,2689.6826171875,0,0,5069.4443359375,0,0,0,24333.333984375,2933.33325195313,0,3333.33325195313,0,0,0,5214.28580729167,5561.90494791667,6952.380859375,0,0,1216.66670735677,0,0,3476.1904296875,0,0,2780.95231119792,1303.57145182292,4084.52388509115,0,869.047607421875,1042.85717773438,3476.1904296875,43452.3795572917,1303.57145182292,0,0,0,0,2346.84554036458,2513.90730794271,0,0,0,0,0,3345.83333333333,0,0,0,651.785705566406,2836.34212239583,0,0,0,2916.90234375,0,0,143980.265625,3359.58154296875
"NGA",3,1,"LSMS-ISA2015",2015,1,22,2209,792,1,220045,1,0,3600,0,0,0,3041.66674804688,0,0,0,1042.85717773438,0,0,6083.33349609375,0,0,0,14600,9300,0,8400,0,0,0,0,79019.9135791613,0,42802.4513912993,0,52679.9423861075,0,0,0,49387.4452250777,0,36217.4596285508,0,23047.4740320239,39509.9567895806,0,0,0,26339.9711930538,13169.9855965269,0,0,0,0,0,44651.3701909748,0,0,0,0,0,0,0,0,0,0,0,0,0,0,0,0,0,452893.8125,3359.58154296875
"NGA",3,1,"LSMS-ISA2015",2015,1,22,2209,792,1,220046,7,0,5142.85693359375,0,2085.71428571429,0,3476.19056919643,0,0,6971.42857142857,1848.29943847656,0,0,8690.47600446429,0,3724.48967633929,0,24333.33203125,228.571426391602,0,10213.568359375,0,0,0,8938.77566964286,24581.6316964286,0,7821.42857142857,0,4469.38783482143,0,0,11918.3671875,2979.591796875,0,16387.7555803571,0,5363.26527622768,3724.48967633929,0,0,0,21006.1224888393,595.918387276786,0,0,0,0,0,1755.11872209821,0,0,0,0,0,0,0,0,0,1847.34695870536,0,0,0,0,0,0,1390.47619628906,179494.578125,3359.58154296875
"NGA",3,1,"LSMS-ISA2015",2015,1,22,2209,792,1,220047,6,0,2000,0,1013.88891601563,0,1419.44449869792,2433.33333333333,1622.22216796875,14900,2016.66662597656,0,0,6083.33333333333,0,608.333333333333,0,3244.44458007813,0,0,2000,0,0,0,8690.47591145833,3910.71419270833,0,5214.28564453125,0,5214.28580729167,0,0,5214.28580729167,12601.1905924479,0,5214.28580729167,1216.66666666667,3302.38102213542,5648.80924479167,0,4345.23795572917,0,12166.6665039063,869.047607421875,0,0,15798.3515625,0,0,0,0,0,9710.662109375,0,0,0,0,521.428588867188,0,173.809529622396,0,0,0,0,4866.66666666667,0,2027.77783203125,144048.6875,3359.58154296875
"NGA",3,1,"LSMS-ISA2015",2015,1,22,2209,792,1,220048,5,0,3600,0,486.666650390625,0,1460,0,0,6200,2783.33349609375,0,0,4866.666796875,0,2085.7142578125,0,14600,1600,0,2400,0,0,0,11679.9997070312,5005.714453125,7300,5214.285546875,0,7508.57158203125,0,0,0,2607.14282226563,3232.8572265625,4692.8572265625,5735.71416015625,6257.14282226563,2502.8572265625,521.428564453125,1251.42861328125,0,42548.57109375,0,0,0,0,0,0,0,0,0,0,0,5214.285546875,2377.7142578125,0,0,0,0,0,0,0,0,156.428576660156,0,7300,161189.390625,3359.58154296875
"NGA",3,1,"LSMS-ISA2015",2015,1,22,2209,792,1,220049,7,0,0,0,0,0,2085.71428571429,0,0,1485.71428571429,1014.28570556641,0,0,6083.33314732143,0,0,0,8690.4755859375,0,0,8039.26123046875,0,0,0,0,5214.28571428571,11173.4698660714,3724.48967633929,0,5959.18359375,0,0,8193.87779017857,5959.18359375,0,24581.6316964286,0,3203.06124441964,3724.48967633929,0,0,0,12365.3058035714,0,0,0,0,0,5904.88504464286,0,0,0,0,0,0,0,0,0,0,446.938790457589,0,0,0,0,1661.31849888393,0,0,119510.8984375,3359.58154296875
"NGA",3,1,"LSMS-ISA2015",2015,1,22,2209,792,1,220050,6,0,3000,0,0,0,2027.77783203125,5069.4443359375,506.944458007813,13866.6666666667,3547.42065429688,0,0,4055.5556640625,0,1738.09521484375,0,20277.77734375,11000,0,5217.95166015625,0,0,0,0,7821.42838541667,78214.2864583333,1738.09521484375,0,17380.9518229167,0,0,5214.28580729167,2607.14290364583,0,14773.8095703125,0,2954.76192220052,2607.14290364583,1303.57145182292,2607.14290364583,0,17815.4760742188,1972.73807779948,0,0,0,0,0,0,2459.83951822917,0,0,0,0,0,0,0,695.238118489583,0,0,0,0,0,0,0,0,230473.546875,3359.58154296875
"NGA",3,1,"LSMS-ISA2015",2015,1,22,2220,1296,1,220051,4,0,0,0,0,0,1703.33337402344,0,0,2900,912.5,0,0,0,0,0,0,13079.166015625,0,0,1200,0,0,0,0,4562.5,0,3910.71435546875,0,5214.28564453125,0,0,0,9125,0,5866.0712890625,0,3258.92858886719,0,782.142883300781,0,0,2607.14282226563,0,0,0,0,0,19176.3701171875,0,0,0,0,0,0,0,0,1894.70471191406,0,0,0,0,0,0,1938.20483398438,0,1216.66662597656,79347.71875,7752.88037109375
"NGA",3,1,"LSMS-ISA2015",2015,1,22,2220,1296,1,220052,5,0,0,0,0,0,2676.6666015625,0,0,9600,2301.66674804688,0,0,28956.665625,0,10428.57109375,0,29200,6083.3330078125,0,20747.49609375,0,0,0,0,0,0,0,0,4171.428515625,0,0,13035.7140625,10428.57109375,0,0,0,5214.2857421875,0,521.428564453125,0,0,0,1042.85712890625,0,0,0,7300,5603.83828125,3358.146875,2951.807421875,0,0,0,0,0,0,14339.2859375,0,0,2042.1666015625,0,0,0,0,0,0,180003.921875,7752.88037109375
"NGA",3,1,"LSMS-ISA2015",2015,1,22,2220,1296,1,220053,2,0,0,0,0,0,1825,0,0,0,1466.66662597656,1216.66662597656,0,0,0,0,0,7300,0,0,3600,0,0,0,0,18306.3611915753,0,4184.31126983131,0,5491.90835726772,0,0,2615.1944210621,5230.38884212419,0,0,0,4707.35005597775,7061.02496087199,0,0,0,9153.18059578765,2615.1944210621,0,0,0,0,10365.4617676916,2170.55692683525,0,0,0,0,0,0,0,17409.204026636,0,0,0,0,0,0,0,0,3650,108368.4609375,7752.88037109375
"NGA",3,1,"LSMS-ISA2015",2015,1,22,2220,1296,1,220054,8,0,0,0,0,0,821.25,18250,0,0,760.416687011719,0,0,15208.3330078125,0,0,0,7604.16650390625,29645.833984375,0,1500,0,0,0,1303.57141113281,4562.5,0,8277.67858886719,0,18510.7142944336,0,0,6517.85693359375,0,0,9059.8215637207,0,782.142852783203,0,325.892852783203,651.785705566406,0,29591.0706787109,586.607147216797,0,0,0,0,7618.3134765625,0,0,0,0,0,0,0,0,1466.51794433594,0,1466.51782226563,1184.96069335938,0,0,0,1042.85717773438,0,1520.83337402344,168259.640625,7752.88037109375
"NGA",3,1,"LSMS-ISA2015",2015,1,22,2220,1296,1,220055,9,0,0,0,0,0,540.74072265625,0,0,4088.88888888889,951.4814453125,0,0,0,0,0,0,13518.5185546875,888.888916015625,0,890.315124511719,0,0,0,347.619059244792,4866.66666666667,5793.65060763889,7589.68240017361,1274.60319010417,1390.47623697917,1158.73014322917,0,2896.82530381944,2317.46028645833,1969.84125434028,2491.26988389757,0,2549.2063530816,1738.09526909722,231.746039496528,3012.69845920139,0,13209.5238172743,753.174601236979,0,0,0,0,0,0,0,0,0,0,0,0,0,579.365071614583,0,359.206353081597,0,0,666.269856770833,0,0,0,0,76074.9453125,7752.88037109375
"NGA",3,1,"LSMS-ISA2015",2015,1,22,2220,1296,1,220056,5,0,0,0,0,0,730,0,0,1400,384.285705566406,0,0,0,0,0,0,4866.6669921875,1000,0,1061.25451660156,0,0,0,1564.2857421875,1668.571484375,0,3754.2857421875,0,625.714306640625,0,0,4171.428515625,3545.714453125,0,1147.14287109375,0,4484.28564453125,3754.285546875,521.428564453125,0,0,2085.7142578125,2189.99992675781,0,0,0,0,8400.9921875,1022.09775390625,0,2481.093359375,0,0,0,0,0,2346.4287109375,0,938.57138671875,0,0,0,0,0,0,0,54144.24609375,7752.88037109375
"NGA",3,1,"LSMS-ISA2015",2015,1,22,2220,1296,1,220057,12,0,0,0,1013.88891601563,0,811.111083984375,0,0,1483.33333333333,937.896789550781,0,0,3041.66666666667,0,1738.09521484375,0,6590.27734375,166.66667175293,0,1550.32165527344,0,0,0,869.047607421875,912.5,0,2607.14282226563,0,1738.09521484375,0,0,3910.71419270833,1738.09521484375,0,1216.66666666667,869.047607421875,2607.14286295573,0,0,0,0,1564.28572591146,608.333353678385,0,0,0,0,0,0,0,0,0,0,0,1755.30403645833,0,0,0,0,789.973795572917,0,0,0,0,0,608.333312988281,39127.94140625,7752.88037109375
"NGA",3,1,"LSMS-ISA2015",2015,1,22,2220,1296,1,220058,4,0,0,0,0,0,365,3650,0,10525,0,0,0,0,0,13035.7138671875,0,7300,600,0,8498.7158203125,0,0,0,0,2607.14282226563,0,26723.2143554688,0,2085.71435546875,0,0,15642.857421875,0,0,5214.28564453125,0,1433.92861938477,1955.35717773438,3258.92846679688,1564.28576660156,0,7821.42846679688,7821.42834472656,0,0,0,0,0,0,0,0,0,0,0,0,0,0,0,0,0,0,1382.57580566406,0,0,0,0,121485.578125,7752.88037109375
"NGA",3,1,"LSMS-ISA2015",2015,1,22,2220,1296,1,220059,3,0,0,0,0,0,851.666666666667,0,0,4333.33333333333,788.333312988281,0,0,8111.111328125,0,0,0,16222.22265625,533.333312988281,0,5568.05029296875,0,0,0,2607.14290364583,8342.857421875,17380.9518229167,10776.1907552083,0,5214.28580729167,0,0,15642.8567708333,8690.47591145833,0,7647.619140625,0,10950,4345.23795572917,0,0,0,13035.7141927083,1738.09521484375,0,0,0,0,0,0,0,0,0,0,0,0,0,0,0,0,0,0,0,0,0,0,1013.88891601563,143793.359375,7752.88037109375
"NGA",3,1,"LSMS-ISA2015",2015,1,22,2220,1296,1,220060,8,0,0,0,0,0,304.166656494141,0,0,1800,292.261901855469,0,0,0,0,0,0,117104.171875,750,0,1436.86962890625,0,0,0,5083.92858886719,3650,13035.7138671875,977.678588867188,0,977.678604125977,0,0,13035.7138671875,1303.57141113281,586.607116699219,2150.8928527832,0,3193.75003051758,1629.46423339844,130.357147216797,651.785705566406,0,8473.21411132813,1108.0357208252,0,0,0,0,0,0,0,0,0,0,3258.92846679688,0,0,0,0,0,0,0,0,0,0,0,0,180934.796875,7752.88037109375
"NGA",3,1,"LSMS-ISA2015",2015,1,22,2205,2432,0,220061,3,4055.5556640625,8000,0,4055.5556640625,0,1297.77775065104,0,0,6866.66666666667,4965.47607421875,0,0,0,0,5214.28580729167,0,12166.6669921875,466.666656494141,0,4177.75634765625,0,0,0,15657.3048928132,21920.2257917989,26095.5070578529,24007.867087634,0,10438.2031533686,0,0,0,10438.2031533686,0,22964.0466024769,0,28183.1488419692,26095.5070578529,0,0,0,67848.3213224641,13047.7536916869,0,0,0,0,0,0,0,0,0,0,0,0,0,0,0,0,0,0,0,0,62.6292150964415,0,405.555541992188,318430.65625,6977.59228515625
"NGA",3,1,"LSMS-ISA2015",2015,1,22,2205,2432,0,220062,5,0,6240,0,0,0,121.666662597656,1703.3333984375,0,18000,2941.66650390625,0,0,9733.33359375,0,5214.285546875,0,9733.333984375,2000,0,3356.02392578125,0,0,0,0,2607.1427734375,0,1042.85712890625,0,0,0,0,0,18771.42890625,1251.42861328125,3754.28564453125,0,1564.2857421875,3754.285546875,0,3754.285546875,0,2085.7142578125,5840,0,0,9479.0109375,0,42662.55625,1994.591015625,0,0,0,0,0,0,0,0,0,712.195068359375,0,0,0,0,0,0,0,158317.703125,6977.59228515625
"NGA",3,1,"LSMS-ISA2015",2015,1,22,2205,2432,0,220063,13,0,0,0,0,0,0,935.8974609375,0,15123.0769230769,230.769226074219,0,0,1871.794921875,0,0,0,935.8974609375,1538.46154785156,0,1813.47277832031,0,0,0,0,5615.38461538462,0,0,0,401.098895733173,0,0,6016.48377403846,12032.9675480769,0,8021.97776442308,0,0,3008.24188701923,1002.74722055288,0,0,1002.74722055288,0,0,0,0,0,56420.5895432692,1849.86628605769,0,0,0,0,0,0,0,0,3879.39272836538,6163.83559945913,0,0,0,0,6606.11991295448,0,0,134470.828125,6977.59228515625
"NGA",3,1,"LSMS-ISA2015",2015,1,22,2205,2432,0,220064,7,1216.66674804688,2057.14282226563,0,0,0,1738.09528459821,0,0,4014.28571428571,3996.25830078125,0,0,5214.28571428571,0,2234.69391741071,0,13904.7626953125,0,0,3358.45166015625,0,0,0,0,3724.48967633929,0,2234.69391741071,0,2979.591796875,0,0,0,3724.48967633929,0,0,0,1862.24490792411,2681.63253348214,0,1042.85714285714,0,9683.67299107143,0,0,0,0,0,8005.48325892857,2137.06180245536,0,0,0,0,0,0,0,12185.2893415179,0,1557.19147600446,0,0,0,0,2257.23688616071,0,0,91810.59375,6977.59228515625
"NGA",3,1,"LSMS-ISA2015",2015,1,22,2205,2432,0,220065,5,973.333312988281,960,0,0,0,365,0,0,4880,571.90478515625,0,0,0,0,4171.428515625,0,6326.6669921875,1200,0,2469.59301757813,0,0,0,2502.8572265625,4692.85703125,7821.42890625,521.428564453125,0,3754.285546875,0,0,0,2607.1427734375,0,3649.99990234375,417.14287109375,6048.57124023438,3650,521.428564453125,0,0,8342.85703125,2085.7142578125,0,0,0,0,0,2991.8865234375,0,0,0,0,0,0,0,0,0,0,0,0,0,0,1550.5638671875,0,0,73076.09375,6977.59228515625
"NGA",3,1,"LSMS-ISA2015",2015,1,22,2205,2432,0,220066,4,912.5,10500,0,0,0,912.5,0,0,6400,1882.4404296875,0,0,0,0,2607.14282226563,0,12166.6669921875,2400,0,8334.08203125,0,0,0,0,3519.64282226563,0,260.714294433594,0,1303.57141113281,0,13035.7138671875,2607.14282226563,5214.28564453125,0,651.785705566406,0,5866.07135009766,3910.71435546875,0,0,0,17207.1424560547,6517.85717773438,0,0,5866.0712890625,0,10501.240234375,1246.61938476563,0,0,0,0,0,0,0,1173.21423339844,0,0,0,655.426940917969,0,0,0,0,0,125652.53125,6977.59228515625
"NGA",3,1,"LSMS-ISA2015",2015,1,22,2205,2432,0,220067,13,2807.6923828125,1384.61535644531,0,0,0,467.94873046875,0,0,3261.53846153846,86.2637405395508,0,0,9358.97415865385,0,0,0,9358.974609375,1538.46154785156,0,6896.94873046875,0,0,0,0,0,0,0,0,2005.49444110577,0,0,2005.49444110577,2406.59344951923,601.648362379808,721.97802734375,200.549447866587,2085.71431790865,1604.39558293269,401.098895733173,481.318697415865,0,5013.73617788462,802.197791466346,0,0,2549.26615084135,2020.35006009615,7032.2890625,820.169057992788,0,0,0,0,0,0,0,601.648287259615,0,200.549447866587,0,0,0,0,447.278057391827,0,0,67163.1796875,6977.59228515625
"NGA",3,1,"LSMS-ISA2015",2015,1,22,2205,2432,0,220068,3,0,2000,0,0,0,2433.33333333333,0,0,0,0,0,0,0,0,4171.4287109375,0,32444.4453125,0,0,3848.41772460938,0,0,0,0,0,31285.7135416667,5214.28580729167,0,0,0,0,0,14773.8095703125,0,24333.3321940104,0,2954.76188151042,4345.23795572917,0,0,0,6952.380859375,0,0,0,0,7293.5625,0,4986.4775390625,0,0,0,0,0,0,0,0,0,6588.20874023438,0,0,0,0,3876.40983072917,0,0,157501.8125,6977.59228515625
"NGA",3,1,"LSMS-ISA2015",2015,1,22,2205,2432,0,220069,11,774.242431640625,381.818176269531,0,0,0,884.848455255682,331.818181818182,0,6945.45454545455,11644.1552734375,0,0,3318.18181818182,0,5688.31178977273,0,11060.60546875,987.878723144531,0,29715.037109375,0,7584.41548295455,6636.36363636364,0,7110.38991477273,0,14220.7798295455,0,2844.15589488636,0,0,4740.25958806818,4740.25958806818,0,4740.25958806818,0,4076.62344637784,16590.9090909091,0,0,0,53090.9076704545,0,0,0,12258.9275568182,0,18107.640625,335.646861683239,0,0,0,0,0,0,0,0,0,0,0,0,0,0,45.5064919211648,0,0,228855.390625,6977.59228515625
"NGA",3,1,"LSMS-ISA2015",2015,1,22,2205,2432,0,220070,5,7300,0,0,0,0,0,0,0,9600,2416.66674804688,0,0,4866.666796875,0,0,0,12166.666015625,30000,0,67978.8046875,0,0,0,0,9385.7140625,18771.428125,3128.571484375,0,7821.42890625,0,0,5214.285546875,5214.285546875,1877.1427734375,2502.8572265625,0,3545.7142578125,5631.428515625,8551.42861328125,1251.42861328125,0,3128.571484375,2607.1427734375,0,0,2085.7142578125,0,0,3989.18203125,0,0,0,0,0,0,0,9776.7859375,0,1042.85712890625,0,0,0,0,0,0,0,229854.78125,6977.59228515625
"NGA",3,1,"LSMS-ISA2015",2015,1,22,2205,664,0,220071,4,0,0,0,0,0,0,2433.33325195313,0,46500,3400,0,0,0,0,2607.14282226563,0,12166.6669921875,10600,0,1500,0,0,0,0,8603.5712890625,0,8473.21447753906,0,6257.14306640625,0,0,19553.572265625,13035.7138671875,0,1173.21429443359,0,3519.6428527832,3910.71435546875,0,0,0,4562.5,3910.71435546875,0,0,0,0,14009.595703125,0,0,0,0,0,0,0,0,2444.19653320313,0,0,0,0,0,0,46.9285697937012,0,0,168707.875,5168.5869140625
"NGA",3,1,"LSMS-ISA2015",2015,1,22,2205,664,0,220072,7,0,0,0,0,0,0,1738.09528459821,0,40571.4285714286,285.714294433594,0,0,5214.28571428571,0,0,0,13904.7626953125,285.714294433594,0,6857.14306640625,0,0,0,0,22346.9397321429,0,0,0,0,0,0,0,18994.8976004464,0,3054.08150809152,0,968.367361886161,1489.7958984375,0,0,0,3724.48967633929,2160.20403180804,0,0,0,0,30473.2544642857,2694.6484375,0,0,0,0,0,0,0,3608.96149553571,3602.29324776786,186.224487304688,0,0,0,0,0,0,0,162161.296875,5168.5869140625
"NGA",3,1,"LSMS-ISA2015",2015,1,22,2205,664,0,220073,4,912.5,0,0,0,0,0,1520.83337402344,0,2750,3268.75,0,0,9125,0,5214.28564453125,0,24333.333984375,2633.33325195313,0,8093.65380859375,0,0,0,0,0,0,2607.14282226563,0,5214.28564453125,0,0,0,5214.28564453125,0,8603.5712890625,0,6517.85705566406,0,0,0,0,32589.2862548828,2346.42846679688,0,0,6517.85693359375,8205.2578125,8800.6708984375,6233.09619140625,0,0,0,0,0,0,0,0,0,1616.42858886719,4739.8427734375,0,0,0,78.2142868041992,0,0,157135.921875,5168.5869140625
"NGA",3,1,"LSMS-ISA2015",2015,1,22,2205,664,0,220074,8,760.416687011719,0,0,0,0,760.416687011719,0,0,5100,1094.9404296875,0,0,7604.16650390625,0,0,0,10645.833984375,1000,0,11007.5947265625,0,0,0,0,5214.28564453125,0,325.892852783203,0,1955.35717773438,0,0,3910.71435546875,3910.71435546875,0,2607.14294433594,0,1499.10717773438,2607.14282226563,977.678588867188,0,0,13035.7142333984,1173.21423339844,0,0,4888.39306640625,0,7618.3134765625,1246.61938476563,0,0,0,0,0,0,0,0,0,1385.04461669922,0,0,0,0,775.281860351563,0,0,91103.9921875,5168.5869140625
"NGA",3,1,"LSMS-ISA2015",2015,1,22,2205,664,0,220075,10,0,0,0,0,0,243.333325195313,0,0,1320,312.142883300781,0,0,1460,0,0,0,1825,600,0,1076.96752929688,0,0,0,0,4692.85703125,0,1564.2857421875,0,0,0,0,1564.2857421875,0,0,2346.42861328125,0,521.428564453125,2815.7142578125,0,0,0,1564.2857421875,938.571447753906,0,0,2607.1427734375,0,6300.74453125,1994.591015625,0,0,0,0,0,1981.428515625,0,0,0,1065.31552276611,0,262.170776367188,0,0,0,0,0,37056.6953125,5168.5869140625
"NGA",3,1,"LSMS-ISA2015",2015,1,22,2205,664,0,220076,7,869.047668457031,0,0,1390.47614397321,0,695.238071986607,869.047642299107,0,4571.42857142857,1251.87084960938,0,0,2607.14285714286,0,5959.18359375,0,8342.857421875,342.857147216797,0,4671.4853515625,0,0,0,0,0,3128.57142857143,1489.7958984375,0,2234.69391741071,0,0,0,3575.51032366071,0,0,0,0,3724.48967633929,0,0,0,27561.2237723214,1117.34695870536,0,0,7448.97935267857,6251.625,0,4785.71135602679,0,0,0,0,0,0,0,0,0,0,0,0,0,0,62.5714242117746,0,0,92951.15625,5168.5869140625
"NGA",3,1,"LSMS-ISA2015",2015,1,22,2205,664,0,220077,7,0,0,0,0,0,0,125.142857142857,0,18257.1428571429,514.693908691406,0,0,5214.28571428571,0,8938.77566964286,0,0,0,0,1790.46704101563,0,0,0,0,0,0,0,0,372.448974609375,0,0,0,29051.0212053571,0,5363.26506696429,0,372.448974609375,8938.77566964286,0,0,0,372.448974609375,0,0,0,8231.49274553571,6251.625,91419.7589285714,13381.84375,0,0,0,0,0,0,0,0,11355.9274553571,545.047223772321,0,0,0,0,17.8775503976004,0,0,210514.484375,5168.5869140625
"NGA",3,1,"LSMS-ISA2015",2015,1,22,2205,664,0,220078,2,0,0,0,0,0,0,0,0,4700,1477.380859375,0,0,0,0,20857.142578125,0,12166.6669921875,0,0,2872.17895507813,0,0,0,7821.4287109375,0,5735.71435546875,0,0,5214.28564453125,0,0,23464.28515625,9385.7138671875,0,0,0,8342.85717773438,6517.85693359375,0,0,0,36499.9995117188,0,0,0,0,10940.34375,0,12528.1994628906,0,0,0,0,0,0,0,3910.71435546875,0,1616.42858886719,0,0,0,0,0,0,0,174051.171875,5168.5869140625
"NGA",3,1,"LSMS-ISA2015",2015,1,22,2205,664,0,220079,10,0,0,0,0,0,730,0,0,3760,1726,0,0,4258.333203125,0,7821.42890625,0,973.333312988281,0,0,1678.01196289063,0,156.428576660156,0,0,2085.7142578125,0,730,0,2085.7142578125,0,0,3128.571484375,2867.8572265625,1564.2857421875,0,0,2085.71428222656,1042.85712890625,365,1042.85712890625,0,5214.285546875,0,0,0,521.428564453125,0,9806.7171875,1994.591015625,0,0,0,0,0,0,0,3910.714453125,0,1434.17692871094,0,0,0,0,1162.92294921875,0,0,62146.94140625,5168.5869140625
"NGA",3,1,"LSMS-ISA2015",2015,1,22,2205,664,0,220080,2,1520.83337402344,0,0,0,0,1216.66662597656,0,0,0,1173.21435546875,0,0,0,0,5214.28564453125,0,0,0,0,4029.68530273438,0,0,0,0,13035.7138671875,0,0,0,0,0,0,0,23464.28515625,0,0,0,0,0,0,0,0,7821.4287109375,0,0,0,0,0,10560.8046875,4986.4775390625,0,0,0,0,0,0,0,9776.7861328125,0,8318.02734375,0,728.252136230469,0,0,3876.40966796875,0,0,95722.875,5168.5869140625
"NGA",3,1,"LSMS-ISA2015",2015,1,22,2214,1354,0,220081,1,0,0,0,0,0,6083.33349609375,0,0,12800,4129.76171875,0,0,24333.333984375,0,0,0,24333.333984375,4000,0,9893.814453125,0,0,0,4171.4287109375,9385.7138671875,0,0,0,7821.4287109375,0,0,10428.5712890625,10428.5712890625,0,5735.71435546875,0,7300,0,1564.28576660156,18771.4287109375,0,73521.4296875,0,0,0,0,0,4979.60107421875,0,0,0,0,0,0,0,0,0,0,1877.14282226563,3403.61083984375,0,0,0,3876.40966796875,0,0,248838.875,3876.44018554688
"NGA",3,1,"LSMS-ISA2015",2015,1,22,2214,1354,0,220082,7,0,0,0,0,0,1216.66671316964,0,0,5571.42857142857,1210.88439941406,0,0,3476.19056919643,0,2234.69391741071,0,17380.951171875,714.285705566406,0,2397.15991210938,0,0,0,0,4469.38783482143,0,1489.7958984375,0,3724.48967633929,0,0,4469.38783482143,2532.65318080357,0,3128.57142857143,4096.93875558036,0,4469.38783482143,1117.34695870536,1787.75516183036,0,21974.4895368304,1713.26529366629,0,0,2234.69391741071,0,5028.95479910714,0,0,0,0,0,0,0,0,0,0,4559.09929547991,0,0,0,0,0,0,0,100998.4765625,3876.44018554688
"NGA",3,1,"LSMS-ISA2015",2015,1,22,2214,1354,0,220083,5,0,0,0,0,0,0,0,0,11200,880,0,0,4866.666796875,0,0,0,5840,200,0,1716.73461914063,0,0,0,0,4171.428515625,0,0,0,417.14287109375,0,0,15642.8578125,10428.57109375,0,0,1229.4736328125,417.14287109375,2607.1427734375,0,0,0,1251.42861328125,5214.285546875,0,0,18958.021875,0,14081.0734375,4038.7865234375,0,0,0,0,0,0,0,2933.0357421875,2898.0451171875,0,0,0,0,0,62.5714294433594,0,0,109054.40625,3876.44018554688
"NGA",3,1,"LSMS-ISA2015",2015,1,22,2214,1354,0,220084,4,3650,0,0,0,0,1825,0,0,8900,6172.02392578125,0,0,9125,0,19553.572265625,0,18250,0,0,7515.64208984375,0,0,0,0,17598.21484375,0,0,0,5214.28564453125,0,0,0,9125,0,3258.92846679688,0,2607.14282226563,6517.85693359375,0,0,0,3910.71435546875,1303.57141113281,0,0,8412.82922363281,0,7040.53662109375,5670.31829833984,0,0,0,0,0,0,0,7332.58935546875,0,3370.66357421875,2552.70825195313,0,0,0,2907.30737304688,0,0,161813.90625,3876.44018554688
"NGA",3,1,"LSMS-ISA2015",2015,1,22,2214,1354,0,220085,4,0,0,0,0,0,0,3041.66674804688,0,5000,250,0,0,0,0,0,0,2433.33325195313,0,0,1436.08947753906,0,0,0,0,1658.82482731359,0,0,0,0,0,0,0,3455.88484215683,0,0,0,967.647784291917,0,0,0,0,0,7879.41746186499,0,0,27894.4173912698,0,80787.3313572655,1321.95998226454,0,0,0,0,16.8009186753768,0,0,2591.91381472309,0,420.716433553481,0,0,0,0,0,0,0,139156,3876.44018554688
"NGA",3,1,"LSMS-ISA2015",2015,1,22,2214,1354,0,220086,1,0,0,0,0,0,14600,0,0,14800,11365,0,0,0,0,10428.5712890625,0,19466.666015625,0,0,8131.29248046875,0,0,0,0,0,23464.28515625,0,0,6257.14306640625,0,0,0,13035.7138671875,0,0,0,2607.14282226563,0,0,0,0,13035.7138671875,0,0,0,2607.14282226563,13808.19921875,0,11122.5541992188,0,0,0,0,0,0,0,11732.1435546875,0,6207.4833984375,0,0,0,0,1938.20483398438,0,0,184607.265625,3876.44018554688
"NGA",3,1,"LSMS-ISA2015",2015,1,22,2214,1354,0,220087,7,0,0,0,0,0,0,0,0,3857.14285714286,1469.04772949219,0,0,10428.5714285714,0,7448.97935267857,6083.33314732143,6952.38134765625,0,0,1653.62475585938,0,0,0,0,6704.08147321429,0,0,0,4469.38783482143,0,0,0,7448.97935267857,0,0,0,6331.63260323661,3724.48967633929,0,3575.51032366071,0,1489.7958984375,0,0,0,0,0,14009.5959821429,8548.24720982143,0,0,0,0,0,0,0,9584.35407366071,0,3354.25788225446,0,0,0,0,1661.31849888393,0,0,108794.734375,3876.44018554688
"NGA",3,1,"LSMS-ISA2015",2015,1,22,2214,1354,0,220088,7,0,0,0,0,0,0,0,0,3857.14285714286,950,0,0,3476.19056919643,0,2979.591796875,0,10428.5712890625,228.571426391602,0,3367.87817382813,0,0,0,0,0,0,0,0,2979.591796875,0,0,0,2979.591796875,0,0,0,2830.61223493304,3724.48967633929,0,0,0,18249.9994419643,0,0,0,2979.591796875,3125.8125,10057.9095982143,3614.91741071429,0,0,0,0,0,0,0,139.66836983817,0,399.052490234375,0,0,0,0,44.6938781738281,0,0,76413.875,3876.44018554688
"NGA",3,1,"LSMS-ISA2015",2015,1,22,2214,1354,0,220089,2,1825,0,0,0,0,2433.33325195313,0,0,3500,5198.21435546875,0,0,0,0,5214.28564453125,0,12166.6669921875,200,0,3018.25317382813,0,0,0,0,12912.9238308963,0,0,0,5380.38467571882,0,0,0,10760.7693514376,0,12912.9238308963,1345.09616892971,5918.42328832297,0,0,0,0,13450.9619261772,7532.53863785418,0,0,5380.38467571882,0,10897.2149866681,13055.24215315,0,0,0,0,0,0,0,0,0,3607.30299820864,4890.82861650004,0,0,0,18220.3263230116,0,0,159821.078125,3876.44018554688
"NGA",3,1,"LSMS-ISA2015",2015,1,22,2214,1354,0,220090,3,0,0,0,0,0,2433.33333333333,0,0,8133.33333333333,2516.66674804688,0,0,0,0,3476.1904296875,0,2433.33325195313,10000,0,1888.79626464844,0,0,0,0,6778.57161458333,0,2259.52380371094,0,1738.09521484375,0,0,0,3128.5712890625,0,3302.38102213542,0,1738.09521484375,4171.4287109375,521.428588867188,0,0,6952.380859375,1738.09521484375,0,0,3476.1904296875,0,10157.7513020833,0,0,0,0,0,0,3302.380859375,1042.85717773438,0,0,4033.96077473958,0,0,0,0,2584.27311197917,0,0,87807.6328125,3876.44018554688
"NGA",3,1,"LSMS-ISA2015",2015,1,22,2218,596,0,220091,5,0,0,0,0,0,0,1703.3333984375,0,6680,577.142883300781,0,0,2920,0,0,0,0,200,3128.571484375,3139.43115234375,0,0,0,0,5214.285546875,0,1460,0,0,0,0,0,4797.14282226563,0,625.714306640625,625.714306640625,730,0,0,0,0,2085.7142578125,4171.428515625,0,0,0,0,5632.429296875,601.20654296875,0,0,0,0,0,0,0,625.714306640625,834.2857421875,763.06611328125,0,0,0,1390.476171875,62.5714294433594,0,0,47968.23046875,4651.72802734375
"NGA",3,1,"LSMS-ISA2015",2015,1,22,2218,596,0,220092,2,0,0,0,0,0,730,0,0,6300,1482.38098144531,0,0,0,0,0,0,12166.6669921875,2000,0,3876.619140625,0,0,0,0,7821.4287109375,0,0,0,0,0,0,0,5214.28564453125,0,3128.57153320313,0,2607.14282226563,3128.57153320313,0,0,0,0,3128.57153320313,0,0,0,0,4979.60107421875,6012.23876953125,0,0,0,0,0,0,0,0,0,2399.75628662109,0,0,0,0,31.2857131958008,0,0,65007.125,4651.72802734375
"NGA",3,1,"LSMS-ISA2015",2015,1,22,2218,596,0,220093,6,0,0,0,0,0,446.111124674479,0,0,8366.66666666667,1675,0,0,3447.22233072917,0,0,0,10138.888671875,1000,0,1942.29541015625,0,0,0,0,2041.52240293437,0,0,0,0,0,0,4536.71641608386,0,0,2177.62402431903,0,1814.6865978268,1905.42095589839,181.468668210408,0,0,0,2903.49860998632,0,0,4385.49249175868,0,6125.65579376614,5249.37169549567,0,0,0,0,0,2767.397075776,0,0,0,2087.71434794685,0,0,0,0,674.538102208599,0,0,63867.296875,4651.72802734375
"NGA",3,1,"LSMS-ISA2015",2015,1,22,2218,596,0,220094,1,0,0,0,0,0,0,6083.33349609375,0,51400,1400,0,0,0,0,0,0,36500,0,26592.857421875,6000,0,0,0,0,15642.857421875,0,0,0,0,0,0,0,28678.572265625,0,5214.28564453125,0,7821.42846679688,0,0,10950,0,25550,7821.42846679688,0,0,4214.00634765625,0,213312.78125,6012.0654296875,0,0,0,0,0,0,0,0,2249.75927734375,0,0,0,0,0,0,0,6083.33349609375,461526.71875,4651.72802734375
"NGA",3,1,"LSMS-ISA2015",2015,1,22,2218,596,0,220095,1,0,0,0,0,0,0,0,0,0,1616.66662597656,0,0,0,0,0,0,0,400,5214.28564453125,5006.98876953125,0,0,0,0,3910.71435546875,0,3128.57153320313,0,0,0,0,0,20857.142578125,0,5214.28564453125,0,0,3128.57153320313,0,0,0,0,0,0,0,0,0,9959.2021484375,9972.955078125,0,0,0,0,0,0,0,9776.7861328125,0,16636.0546875,0,0,0,0,7752.8193359375,0,0,102575.046875,4651.72802734375
"NGA",3,1,"LSMS-ISA2015",2015,1,22,2218,596,0,220096,10,0,0,0,0,0,1216.66669921875,0,0,1360,1653.8095703125,0,0,1216.66669921875,0,36500,0,9733.333984375,400,0,2357.5146484375,0,0,0,0,6517.85703125,0,1564.2857421875,0,2607.1427734375,0,0,0,2085.7142578125,0,0,0,2711.42856445313,2607.1427734375,0,0,0,28157.14375,0,0,0,5214.285546875,0,2987.760546875,2493.2384765625,0,0,0,0,0,0,0,2346.4287109375,0,0,0,0,0,0,43.7999969482422,0,0,113774.2265625,4651.72802734375
"NGA",3,1,"LSMS-ISA2015",2015,1,22,2218,596,0,220097,3,0,0,0,0,0,3244.4443359375,0,0,1600,1048.8095703125,0,0,4055.5556640625,0,24333.3333333333,0,16222.22265625,400,0,5998.36474609375,0,0,0,0,5214.28580729167,0,11786.9853515625,0,5214.28580729167,0,0,0,0,0,0,0,3823.8095703125,0,0,0,0,41714.2864583333,869.047607421875,0,0,6952.380859375,0,0,8310.794921875,0,0,0,0,0,0,0,3910.71451822917,0,0,0,0,0,0,0,0,0,144699.328125,4651.72802734375
"NGA",3,1,"LSMS-ISA2015",2015,1,22,2218,596,0,220098,6,0,0,0,0,0,1216.66666666667,0,0,2733.33333333333,1534.126953125,0,0,4055.5556640625,0,17380.9518229167,0,12166.6669921875,1666.66662597656,0,6181.57373046875,0,0,0,0,6517.857421875,4779.76204427083,3476.1904296875,0,2607.14290364583,0,0,0,3476.1904296875,0,0,0,3650.00008138021,0,0,0,0,52142.8567708333,0,1771.46419270833,0,7023.34375,0,0,5010.05436197917,0,0,0,0,0,0,0,1955.35725911458,0,1077.61905924479,5122.2236328125,0,0,0,52.1428578694661,0,0,145597.75,4651.72802734375
"NGA",3,1,"LSMS-ISA2015",2015,1,22,2218,596,0,220099,10,0,0,0,0,0,0,1460,0,18400,3062.14306640625,0,0,0,0,4432.14296875,0,2433.33349609375,1800,0,1523.84704589844,0,0,0,0,2085.7142578125,0,0,0,5214.285546875,0,0,0,6778.5712890625,0,6257.14267578125,0,469.285693359375,0,0,0,0,938.57138671875,1042.85712890625,0,0,0,0,104285.7125,4197.683203125,0,0,0,0,0,0,0,935.89736328125,0,1683.7798828125,0,0,0,0,62.5714294433594,0,0,167063.53125,4651.72802734375
"NGA",3,1,"LSMS-ISA2015",2015,1,22,2218,596,0,220100,6,0,0,0,0,0,202.777770996094,0,0,2666.66666666667,940.079345703125,0,0,0,0,5214.28580729167,0,1622.22216796875,0,0,731.683044433594,0,0,0,0,0,4351.25846191531,1740.50341744459,0,1827.52861273088,0,0,0,2610.7552075471,0,2262.65446709203,0,2523.73005310889,0,0,0,0,2175.62923095765,870.251708722296,194.650915512768,0,4746.07198811048,0,0,5016.99599890639,0,0,0,0,0,0,0,0,0,1036.01402050835,0,0,0,0,1293.92686453115,0,0,42027.68359375,4651.72802734375
"NGA",3,1,"LSMS-ISA2015",2015,1,22,2203,530,0,220101,6,0,0,0,0,0,0,1622.22216796875,0,13166.6666666667,1866.66662597656,0,0,0,0,8690.47591145833,405.555541992188,12166.6669921875,1666.66662597656,0,2088.87817382813,0,0,0,0,8690.47591145833,0,0,0,4779.76188151042,0,0,0,39107.14453125,0,2172.61897786458,0,1738.09521484375,0,434.523803710938,4171.4287109375,0,1738.09521484375,0,0,0,8690.47591145833,0,76183.1354166667,5464.9833984375,0,0,0,0,0,0,0,0,6624.291015625,3478.09236653646,0,0,0,0,4950.0952351888,0,0,209897.03125,4651.72802734375
"NGA",3,1,"LSMS-ISA2015",2015,1,22,2203,530,0,220102,1,6083.33349609375,0,0,12166.6669921875,0,6083.33349609375,0,0,21500,23057.142578125,0,0,0,0,31285.71484375,0,43800,0,0,50648.8671875,0,0,0,0,0,31285.71484375,0,0,10428.5712890625,0,0,0,26071.427734375,15642.857421875,57357.14453125,5214.28564453125,14078.5712890625,31285.71484375,0,26071.4291992188,0,0,10428.5712890625,0,0,0,6208.7626953125,0,2079.46704101563,9221.46484375,0,0,0,15843.4072265625,0,0,0,0,4171.4287109375,3403.61083984375,0,0,0,7752.8193359375,0,0,471170.34375,4651.72802734375
"NGA",3,1,"LSMS-ISA2015",2015,1,22,2203,0,0,220103,1,60.8333320617676,0,0,0,0,486.666656494141,0,0,7600,1848.09521484375,0,0,0,0,0,0,8030,1000,0,6671.62841796875,0,0,0,0,0,0,7300,0,2607.14282226563,0,0,0,0,0,0,0,0,0,0,0,0,172071.42578125,0,0,0,0,0,0,0,0,0,0,0,0,0,0,0,0,0,0,0,0,0,0,0,0,207675.78125,4651.72802734375
"NGA",3,1,"LSMS-ISA2015",2015,1,22,2203,530,0,220104,5,730,0,0,0,0,632.666650390625,0,0,4640,1570,0,0,3650,0,0,0,14600,1400,0,3224.41088867188,0,0,0,0,6570,0,2085.7142578125,0,1877.1427734375,0,0,5214.285546875,1668.571484375,0,2607.1427734375,0,1042.85712890625,3128.571484375,0,2920,0,7300,1042.85712890625,0,0,2085.7142578125,0,2987.760546875,0,0,0,0,0,0,0,0,0,0,2535.09064941406,0,262.170776367188,0,0,1162.92294921875,0,0,74937.8828125,4651.72802734375
"NGA",3,1,"LSMS-ISA2015",2015,1,22,2203,530,0,220105,6,1013.88891601563,0,0,0,0,0,1622.22216796875,0,5200,801.1904296875,0,0,0,0,4345.23795572917,0,7908.33349609375,3333.33325195313,0,3918.19360351563,0,0,0,0,3128.5712890625,0,3476.1904296875,0,3476.1904296875,0,0,8690.47591145833,6952.380859375,0,3432.73807779948,0,1129.76192220052,4432.14290364583,0,0,0,2389.88087972005,11210.7141927083,0,0,0,0,11674.6640625,0,0,0,0,0,0,0,0,0,0,4135.87646484375,0,0,1216.66666666667,0,41.7142842610677,0,0,93530.3671875,4651.72802734375
"NGA",3,1,"LSMS-ISA2015",2015,1,22,2203,530,0,220106,6,1013.88891601563,0,0,0,0,1013.88891601563,0,0,5250,2526.58740234375,4055.5556640625,0,6083.33333333333,0,0,0,16222.22265625,1166.66662597656,0,2276.04174804688,0,0,0,1738.09521484375,4171.4287109375,0,869.047607421875,0,1825,0,0,5214.28580729167,3910.71419270833,2780.95239257813,3650,0,2694.04764811198,3476.1904296875,434.523803710938,2520.23811848958,0,15642.8570963542,869.047607421875,0,0,0,0,0,2118.05301920573,0,0,0,0,0,0,0,0,1390.47623697917,902.154134114583,0,0,0,0,775.281901041667,0,0,94590.5703125,4651.72802734375
"NGA",3,1,"LSMS-ISA2015",2015,1,22,2203,530,0,220107,3,1622.22216796875,0,0,2027.77783203125,0,2433.33333333333,0,0,9466.66666666667,4473.80908203125,0,0,8111.111328125,0,1738.09521484375,0,16222.22265625,4255.5556640625,0,5150.67529296875,0,0,0,0,8690.47591145833,8690.47591145833,0,0,5214.28580729167,0,0,5214.28580729167,5214.28580729167,0,0,0,11123.8095703125,8690.47591145833,0,0,0,29547.6184895833,0,0,0,6952.380859375,0,0,11717.7874348958,0,0,0,0,0,0,0,4888.39290364583,0,0,0,0,0,0,104.285715738932,0,0,161550.03125,4651.72802734375
"NGA",3,1,"LSMS-ISA2015",2015,1,22,2203,530,0,220108,8,608.333312988281,0,0,1520.83337402344,0,3041.66674804688,0,0,2875,738.6904296875,0,0,6083.33349609375,0,26071.427734375,0,18250,350,0,14808.1982421875,0,0,0,0,6517.85693359375,0,2607.14282226563,0,3258.92846679688,0,0,10428.5712890625,2867.85717773438,0,0,0,2737.5,0,0,0,0,39758.9289550781,0,0,0,3910.71435546875,0,8800.6708984375,6233.09619140625,0,0,0,0,0,0,0,1466.51794433594,0,0,2369.92138671875,0,0,0,39.1071434020996,0,0,165344.296875,4651.72802734375
"NGA",3,1,"LSMS-ISA2015",2015,1,22,2203,530,0,220109,5,0,0,0,0,0,0,0,0,4520,2913.33349609375,0,0,7300,0,1460,0,14600,0,0,6456.2275390625,0,0,0,0,7821.42890625,15642.8578125,1460,0,3754.285546875,0,0,0,14600,0,11784.2854248047,0,5214.28564453125,2502.8572265625,521.428564453125,0,0,9385.71416015625,0,0,0,1685.6025390625,0,0,4809.65234375,0,0,0,0,0,0,0,0,0,0,0,0,0,0,1938.2048828125,0,0,118370.15625,4651.72802734375
"NGA",3,1,"LSMS-ISA2015",2015,1,22,2203,530,0,220110,6,0,0,0,0,0,0,0,0,2266.66666666667,941.666687011719,0,0,1216.66666666667,0,10428.5716145833,0,8719.4443359375,33.3333320617676,0,1942.29541015625,0,0,0,0,4345.23795572917,0,1216.66666666667,0,3128.5712890625,0,0,0,4345.23795572917,0,0,0,3476.1904296875,1738.09521484375,521.428588867188,0,0,6952.380859375,869.047607421875,0,0,0,0,9339.73046875,4155.3974609375,0,0,0,0,0,0,0,4943.11067708333,0,1738.09521484375,0,0,0,0,1938.20491536458,0,0,74256.0390625,4651.72802734375
"NGA",3,1,"LSMS-ISA2015",2015,1,22,2203,266,0,220111,7,0,0,0,0,0,0,0,0,12614.2857142857,729.761901855469,0,0,0,0,14897.9587053571,0,1738.09533691406,0,0,2438.53271484375,0,0,0,0,0,0,0,0,0,0,0,8938.77566964286,11173.4698660714,0,0,0,1862.24490792411,0,0,1564.28571428571,0,6257.14299665179,2607.14285714286,0,0,0,4690.09821428571,78359.7946428571,4294.33231026786,0,0,0,0,0,0,0,893.877580915179,7204.58649553571,1834.57952008929,4862.30078125,749.059361049107,0,0,89.3877563476563,0,0,167799.6875,7752.88037109375
"NGA",3,1,"LSMS-ISA2015",2015,1,22,2203,266,0,220112,3,0,0,0,0,0,0,2027.77783203125,0,5133.33333333333,440,0,0,12166.6666666667,0,0,0,6488.888671875,13333.3330078125,0,5998.36474609375,0,0,0,0,10851.2217363617,48227.6518722555,0,0,5787.31869913989,0,0,19291.0610093189,7957.56276494327,0,0,0,20979.0285862746,0,0,0,0,0,0,0,0,0,0,0,0,13650.8385874354,0,0,0,0,0,0,2893.65934956994,0,6766.97618004994,0,1212.4269812349,0,0,434.048878979746,0,0,183640.15625,7752.88037109375
"NGA",3,1,"LSMS-ISA2015",2015,1,22,2203,266,0,220113,11,0,0,0,0,0,663.636363636364,0,0,3527.27272727273,1069.52380371094,0,0,2212.12127130682,0,2133.11683238636,0,6636.36376953125,568.181823730469,0,6233.1796875,0,0,0,0,0,0,0,0,1137.66237571023,0,0,7110.38991477273,2275.32475142045,0,0,0,0,2370.12979403409,0,0,0,17301.9486860795,0,0,0,1896.10387073864,5967.46022727273,4480.34126420455,5462.85813210227,0,0,0,0,0,0,0,2666.39612926136,0,2642.7978071733,0,0,0,0,1295.38376409357,0,0,77650.1953125,7752.88037109375
"NGA",3,1,"LSMS-ISA2015",2015,1,22,2203,266,0,220114,11,0,0,0,0,0,0,553.030317826705,0,12090.9090909091,781.818176269531,0,0,5530.30291193182,0,9480.51917613636,0,22121.2109375,272.727264404297,0,1007.30706787109,0,0,0,0,2133.11683238636,0,0,0,379.220791903409,0,0,0,3792.20774147727,0,2370.12979403409,0,1090.2597434304,1896.10387073864,0,0,0,4645.45445667614,0,0,0,4016.05326704545,0,22924.7940340909,4453.83797940341,0,0,0,0,5761.23899147727,0,0,1481.33114346591,2050.58558238636,1468.32435191761,0,0,0,0,113.766235351563,0,0,110414.25,7752.88037109375
"NGA",3,1,"LSMS-ISA2015",2015,1,22,2203,266,0,220115,5,730,0,0,0,0,973.33330078125,0,0,2320,1786.66662597656,0,0,4866.666796875,0,0,0,24333.33203125,1840,0,12238.0458984375,0,0,0,0,4692.85703125,0,1042.85712890625,0,3754.285546875,0,0,6257.14296875,5318.571484375,0,2085.7142578125,0,1042.85712890625,3128.571484375,0,1460,0,17728.5711914062,1564.2857421875,0,0,0,0,5632.429296875,1994.591015625,0,0,0,0,0,0,0,0,0,7640.66623535156,0,262.170776367188,0,0,0,0,0,112693.609375,7752.88037109375
"NGA",3,1,"LSMS-ISA2015",2015,1,22,2203,266,0,220116,8,0,0,0,0,0,182.5,0,0,2000,1610.59521484375,0,0,3041.66674804688,0,1955.35717773438,0,9125,0,0,1005.81622314453,0,0,0,0,8773.34488925367,0,1044.44583862793,0,3481.48602703452,0,0,0,0,0,0,0,4874.08057447962,1531.85388560408,417.778341918714,1671.11336767485,0,10165.9389657697,0,0,0,266.368739981943,0,0,6486.86490533821,0,0,0,0,15144.4639777976,0,0,4386.67244462683,0,828.925307647325,0,0,0,0,2070.56797479825,0,0,80064.8359375,7752.88037109375
"NGA",3,1,"LSMS-ISA2015",2015,1,22,2203,266,0,220117,6,0,0,0,0,0,405.555541992188,0,0,2833.33333333333,1094.44445800781,0,0,0,0,4345.23795572917,0,6083.33349609375,0,0,2088.87817382813,0,608.333333333333,0,0,3910.71419270833,4345.23795572917,869.047607421875,1738.09521484375,3476.1904296875,0,0,4345.23795572917,0,695.238118489583,0,0,2867.85705566406,0,521.428588867188,1738.09529622396,0,3650.00008138021,1303.57145182292,0,0,0,0,0,5010.05436197917,1536.91080729167,0,0,0,0,0,0,2032.234375,0,1034.58056640625,0,0,0,0,1938.20491536458,0,0,58471.8125,7752.88037109375
"NGA",3,1,"LSMS-ISA2015",2015,1,22,2203,266,0,220118,3,1216.66662597656,0,0,0,0,0,0,0,4800,3229.365234375,0,0,0,0,10428.5716145833,0,16222.22265625,800,0,5608.55322265625,0,0,0,0,13035.71484375,0,0,0,3476.1904296875,0,0,24333.3333333333,5214.28580729167,0,0,0,5561.90478515625,13035.71484375,0,0,0,17033.3333333333,0,0,0,8690.47591145833,0,23468.4557291667,20152.5944010417,0,0,0,0,0,0,0,9776.78580729167,0,1738.09521484375,0,0,0,0,2427.01309204102,0,0,190249.28125,7752.88037109375
"NGA",3,1,"LSMS-ISA2015",2015,1,22,2203,266,0,220119,4,0,0,0,0,0,0,0,0,3600,730.357177734375,0,0,3041.66674804688,0,0,0,21291.666015625,4000,0,1353.31555175781,0,0,0,0,3519.64282226563,0,1303.57141113281,0,3128.57153320313,0,0,2607.14282226563,2607.14282226563,782.142883300781,2607.14282226563,0,782.142883300781,4692.85693359375,391.071441650391,456.25,0,2607.14282226563,391.071441650391,0,0,3910.7138671875,0,7040.53662109375,346.577850341797,0,0,0,0,0,0,0,3376.46118164063,0,1859.05767059326,0,0,0,0,0,0,0,76426.2421875,7752.88037109375
"NGA",3,1,"LSMS-ISA2015",2015,1,22,2203,266,0,220120,12,506.944458007813,0,0,608.333333333333,0,608.333333333333,0,0,1816.66666666667,1138.73010253906,0,0,2027.77783203125,0,1042.85717773438,0,16222.22265625,658.333312988281,0,2629.1826171875,0,0,0,0,0,2172.61897786458,869.047607421875,0,1042.85717773438,0,0,5648.80924479167,2172.61897786458,0,0,0,2694.04764811198,0,0,0,0,6952.380859375,782.142822265625,0,0,2172.61897786458,4558.47688802083,0,2908.7783203125,0,0,0,0,0,0,0,2444.19645182292,0,538.809529622396,3159.89518229167,0,0,0,1764.16664377848,0,0,67140.84375,7752.88037109375
"NGA",3,1,"LSMS-ISA2015",2015,1,23,2308,5180,1,230001,4,0,5400,0,1520.83337402344,0,2129.16674804688,2676.66674804688,0,5000,2356.01196289063,0,0,0,0,22160.71484375,0,18250,75000,0,7458.15087890625,0,4432.14306640625,0,0,7039.28564453125,7821.4287109375,3128.57153320313,0,9385.7138671875,0,0,14339.2861328125,3910.71435546875,11732.1430664063,6648.21411132813,0,7039.28564453125,6257.14306640625,3128.57153320313,9776.78570556641,0,58921.4299316406,130.357147216797,0,0,0,0,0,0,0,0,0,0,0,0,0,0,8981.10180664063,0,0,0,0,0,0,0,9125,313748.75,5352.8681640625
"NGA",3,1,"LSMS-ISA2015",2015,1,23,2308,5180,1,230002,7,0,3428.57153320313,0,0,6952.38113839286,347.619035993304,0,0,2171.42857142857,1564.96594238281,0,0,0,0,14897.9587053571,0,24333.333984375,857.142883300781,0,1090.56884765625,0,2681.63253348214,0,2085.71428571429,40969.3883928571,11173.4698660714,10130.6118861607,0,5810.2041015625,4469.38783482143,0,14897.9587053571,5214.28557477679,4022.44907924107,11918.3669084821,0,10428.5714285714,5214.28571428571,744.89794921875,5214.28578404018,0,18175.5103236607,4171.4286063058,0,0,0,0,0,0,0,0,0,0,0,0,0,0,0,0,0,0,0,0,0,0,0,212966.390625,5352.8681640625
"NGA",3,1,"LSMS-ISA2015",2015,1,23,2308,5180,1,230003,3,0,8000,0,0,3244.4443359375,2027.77783203125,0,0,11533.3333333333,4773.4921875,0,0,9733.33333333333,0,24333.3333333333,5677.77799479167,28794.443359375,2333.33325195313,0,30107.2265625,0,20857.1432291667,0,0,86904.7604166667,0,41714.2864583333,0,26071.4296875,0,0,27809.5234375,95595.2395833333,2607.14290364583,45190.4765625,0,18250.0001627604,0,2085.71435546875,8864.28580729167,0,28157.1422526042,1911.90478515625,0,0,0,0,0,0,0,0,0,0,0,0,0,0,0,0,0,0,0,0,0,0,1622.22216796875,538199.875,5352.8681640625
"NGA",3,1,"LSMS-ISA2015",2015,1,23,2308,5180,1,230004,4,0,12000,0,0,0,760.416687011719,0,0,7500,1260.71435546875,0,0,0,0,0,0,10950,400,0,3311.40966796875,0,9385.7138671875,0,0,11732.142578125,11732.142578125,0,0,3128.57153320313,0,0,0,6257.14306640625,0,0,0,0,11732.142578125,0,0,0,0,0,0,0,0,0,0,0,0,0,0,0,0,4106.25,0,3910.71435546875,3258.92846679688,2216.07153320313,0,0,586.607116699219,0,294.607147216797,0,0,104523.578125,5352.8681640625
"NGA",3,1,"LSMS-ISA2015",2015,1,23,2308,5180,1,230005,6,0,4000,0,3650,0,405.555541992188,0,0,9790,2704.36499023438,0,0,9733.33333333333,0,6952.380859375,0,17844.4453125,1933.33337402344,0,2597.435546875,0,10428.5716145833,0,0,10428.5716145833,6952.380859375,869.047607421875,0,5735.71443684896,0,0,6517.857421875,11297.6184895833,1042.85717773438,3128.57153320313,2433.33337402344,5648.80948893229,3476.1904296875,1042.85717773438,3563.09529622396,0,43886.9049479167,2346.42864990234,0,0,0,7560.71484375,0,8190.55403645833,0,0,0,0,0,0,0,0,0,0,0,0,0,0,98.202382405599,0,1520.83337402344,195779.9375,5352.8681640625
"NGA",3,1,"LSMS-ISA2015",2015,1,23,2308,5180,1,230006,3,0,24000,0,0,0,3244.4443359375,8111.111328125,0,44000,5153.01611328125,0,0,48666.6666666667,0,8690.47591145833,0,81111.109375,0,0,150473.125,0,6257.142578125,0,0,14078.5716145833,24333.3326822917,6257.142578125,0,10428.5716145833,0,0,19119.0481770833,12166.6666666667,11471.4287109375,8690.47591145833,1738.09521484375,9733.33333333333,13904.76171875,4171.4287109375,13904.76171875,0,0,173.809529622396,0,0,0,0,0,0,0,0,0,0,0,0,0,0,0,0,0,0,0,0,0,0,0,529878.5,5352.8681640625
"NGA",3,1,"LSMS-ISA2015",2015,1,23,2308,5180,1,230007,5,0,12000,0,3893.333203125,0,2433.3333984375,0,0,4440,0,0,0,2920,0,0,0,11680,0,0,27203.828125,0,4692.85703125,0,0,8760,21900,0,0,3128.571484375,0,0,0,0,2502.8572265625,13557.1421875,0,5214.28564453125,3962.85703125,0,0,0,3128.571484375,417.14287109375,0,0,0,0,0,0,0,0,0,18771.428125,0,0,0,0,1564.2857421875,0,0,0,0,0,0,0,0,152170.5,5352.8681640625
"NGA",3,1,"LSMS-ISA2015",2015,1,23,2308,5180,1,230008,4,0,3000,0,0,608.333312988281,608.333312988281,0,0,3700,684.523803710938,0,0,0,0,7821.4287109375,0,4866.66650390625,6000,0,1878.7744140625,0,4692.85693359375,0,0,7300,11732.142578125,14339.2856445313,0,2607.14282226563,0,0,13035.7138671875,15642.8566894531,0,3128.57153320313,3258.92846679688,8473.21423339844,3128.57153320313,1303.57141113281,912.5,0,13035.7141113281,3910.71423339844,0,0,0,0,0,0,0,0,0,0,0,0,0,0,0,0,0,0,0,0,0,0,0,135669.84375,5352.8681640625
"NGA",3,1,"LSMS-ISA2015",2015,1,23,2308,5180,1,230009,6,0,8000,0,0,0,2838.88899739583,4055.5556640625,0,6666.66666666667,2985.67456054688,0,0,8111.111328125,0,6952.380859375,0,16222.22265625,6083.33349609375,0,17289.580078125,0,3128.5712890625,0,0,7039.28580729167,0,2085.71435546875,4345.23795572917,1042.85717773438,0,0,0,6083.33333333333,0,4345.23795572917,0,2867.85713704427,4866.66666666667,869.047607421875,0,0,6517.857421875,86.9047648111979,0,0,0,0,0,0,0,0,0,0,0,0,0,0,0,0,0,0,0,0,0,0,0,122483.9921875,5352.8681640625
"NGA",3,1,"LSMS-ISA2015",2015,1,23,2307,2316,1,230011,3,0,20000,0,0,2433.33333333333,3041.66666666667,0,0,6866.66666666667,2187.69848632813,0,0,0,0,8690.47591145833,0,21088.888671875,133.33332824707,0,12435.4921875,0,0,0,0,0,8690.47591145833,1738.09521484375,8690.47591145833,9559.52351888021,3476.1904296875,0,17380.9518229167,0,0,13383.3330078125,0,13035.7143554688,0,869.047607421875,2607.14290364583,0,64309.5237630208,0,2809.68098958333,0,0,6882.857421875,0,0,0,0,0,0,0,0,5793.65104166667,0,0,0,0,5721.23046875,10428.5716145833,0,2867.85719807943,0,0,255121.90625,5352.8681640625
"NGA",3,1,"LSMS-ISA2015",2015,1,23,2307,2316,1,230013,3,0,20000,16222.22265625,0,4055.5556640625,2027.77783203125,0,0,18333.3333333333,2780.95239257813,0,0,24333.3333333333,0,33023.8098958333,0,60833.33203125,0,0,288212.59375,0,0,0,0,48666.6666666667,17380.9518229167,0,8690.47591145833,12514.28515625,0,0,0,26071.4296875,14426.1897786458,95595.2395833333,10428.5716145833,5214.28580729167,55619.046875,0,11297.6184895833,0,8516.66666666667,1738.09521484375,5682.56575520833,0,0,0,21102.47265625,0,0,0,0,0,0,0,0,17120.23828125,3476.19010416667,1230.03670247396,0,2621.70784505208,0,0,0,0,2636.11108398438,839851.75,5352.8681640625
"NGA",3,1,"LSMS-ISA2015",2015,1,23,2307,2316,1,230014,4,0,6000,0,0,9125,304.166656494141,0,0,5500,1597.02380371094,0,0,0,0,27375,0,6083.33349609375,600,0,2564.15747070313,0,4692.85693359375,0,3128.57153320313,0,0,0,0,1955.35711669922,2607.14282226563,0,19553.572265625,3258.92846679688,0,2867.85717773438,1955.35717773438,10167.8570556641,3128.57153320313,651.785705566406,1303.57141113281,0,28678.5708007813,2998.21417236328,0,0,0,0,28712.306640625,7214.83520507813,0,0,0,0,0,0,0,3910.71435546875,0,0,0,0,0,0,638.618347167969,0,0,186573.375,5352.8681640625
"NGA",3,1,"LSMS-ISA2015",2015,1,23,2307,2316,1,230015,2,7908.33349609375,18000,0,0,0,4258.33349609375,0,0,16700,8246.4287109375,0,0,0,0,46928.5703125,0,27375,7100,0,58248.0546875,0,0,0,0,0,36500,2085.71435546875,0,12514.2858886719,0,0,18250,5214.28564453125,5214.28564453125,5475,11732.1428222656,20857.142578125,0,3128.57153320313,9646.42858886719,0,68046.4291992188,9385.7138671875,1378.98461914063,0,0,6778.5712890625,55729.9453125,0,0,3128.57153320313,0,0,0,16164.2856445313,19323.529296875,1251.42858886719,0,3801.38244628906,6570.2568359375,0,0,0,2467.2262878418,0,3285,522693.90625,5352.8681640625
"NGA",3,1,"LSMS-ISA2015",2015,1,23,2307,2316,1,230016,7,0,5142.85693359375,0,0,0,869.047642299107,0,0,22742.8571428571,4795.8505859375,0,0,7821.42857142857,0,3352.04073660714,0,9038.095703125,11428.5712890625,0,7978.75341796875,0,0,2979.591796875,0,0,3724.48967633929,744.89794921875,0,9311.22419084821,2234.69391741071,0,7448.97935267857,8938.77566964286,1117.34695870536,744.89794921875,5214.28557477679,7821.42846679688,0,744.89794921875,9460.2039969308,0,35904.08203125,7523.09669712612,0,0,0,5734.22433035714,9660.26674107143,0,0,0,0,0,0,0,0,2262.99993024554,0,0,2757.16099330357,0,0,0,0,0,608.333374023438,198105.375,5352.8681640625
"NGA",3,1,"LSMS-ISA2015",2015,1,23,2307,2316,1,230017,4,0,0,0,0,0,912.5,0,0,3825,520.714294433594,0,0,9125,0,7821.4287109375,0,15208.333984375,0,0,1852.48706054688,0,4692.85693359375,0,0,14078.5712890625,0,0,16294.642578125,3910.71435546875,0,0,0,0,7169.64306640625,2346.42846679688,4301.78564453125,2216.07147216797,0,2346.42846679688,9124.99957275391,0,19553.572265625,0,0,0,0,0,0,0,0,0,0,0,19553.572265625,0,0,0,2026.43359375,782.142883300781,3800.26684570313,0,0,0,294.607147216797,0,0,151758.1875,5352.8681640625
"NGA",3,1,"LSMS-ISA2015",2015,1,23,2307,2316,1,230018,8,0,1200,0,0,380.208343505859,2281.25,1672.91662597656,0,1825,2376.755859375,0,0,2281.25,0,2607.14282226563,0,10797.916015625,162.5,0,4500,0,0,0,1563.74667611645,6333.17424174199,6254.9867044658,5473.11348479683,0,0,0,0,0,1563.74667611645,1641.93403396823,3283.86816720768,1172.81004716393,3127.49342098654,5629.4879181237,390.936669029113,1329.1846827143,0,1954.683324187,860.060695910004,0,0,0,0,0,0,0,0,0,21110.5811313275,0,0,0,0,0,0,0,0,0,0,0,0,4562.5,96337.2421875,5352.8681640625
"NGA",3,1,"LSMS-ISA2015",2015,1,23,2307,2316,1,230019,3,0,8000,0,0,4866.66666666667,811.111083984375,0,0,3066.66666666667,579.365051269531,0,0,0,0,8690.47591145833,0,7300,5333.33349609375,0,4854.9931640625,0,0,0,0,8895.78866914511,17791.5780323979,3558.31553814547,0,3024.56830804069,0,0,10674.9469453405,3558.31553814547,3202.4838850597,7294.54698959729,4981.64165682406,9073.70476674491,4269.97884970027,889.578884536367,1779.15776907273,0,11564.5258392976,1779.15776907273,2876.05979404763,0,0,0,0,0,0,0,0,0,0,0,7413.15778476651,0,0,0,0,7027.67365937563,13343.6840125797,0,2223.94716728628,0,0,168725.421875,5352.8681640625
"NGA",3,1,"LSMS-ISA2015",2015,1,23,2307,2316,1,230020,5,0,4800,0,0,0,3406.666796875,0,0,2240,6688.9521484375,0,0,11680,0,5214.285546875,0,17033.33203125,2000,0,44923.1484375,0,2502.8572265625,0,0,5631.428515625,16685.7140625,1251.42861328125,0,2502.8572265625,0,0,0,8342.85703125,0,2607.1427734375,3128.57138671875,3650,3962.85703125,0,0,0,14600,521.428564453125,0,0,0,0,0,0,0,0,0,0,0,0,0,0,0,0,0,0,0,0,0,0,0,163373.53125,5352.8681640625
"NGA",3,1,"LSMS-ISA2015",2015,1,23,2307,78,1,230022,4,0,0,0,0,608.333312988281,1216.66662597656,0,0,2780,430.357147216797,0,0,0,0,0,0,3041.66674804688,0,0,6376.27734375,0,0,0,0,3258.92846679688,0,4692.85729980469,0,0,0,0,13035.7138671875,0,0,16946.427734375,1955.35717773438,2476.78570556641,5214.28564453125,0,0,0,19553.5708007813,260.714294433594,0,0,0,0,0,0,0,0,0,0,0,0,0,0,1303.57141113281,0,0,0,0,0,0,0,3041.66674804688,86193.1796875,6140.0546875
"NGA",3,1,"LSMS-ISA2015",2015,1,23,2307,78,1,230023,1,0,12000,0,0,7300,8516.6669921875,0,0,3800,1129.76196289063,0,0,0,0,20857.142578125,0,0,9200,0,16898.587890625,0,0,0,0,16305.0324392455,0,0,0,6987.87129665437,8734.83896199759,0,11646.4515503092,14558.0641386208,0,14558.0647739022,2911.6128875773,19798.9678920022,0,2911.6128875773,0,0,0,7570.1937213885,6160.10658446576,0,2657.57965484292,0,17867.9375427547,0,0,0,0,0,0,0,24263.4422016393,0,0,0,7337.55144369228,0,22322.3641465977,0,2084.42081594979,0,0,268378.28125,6140.0546875
"NGA",3,1,"LSMS-ISA2015",2015,1,23,2307,78,1,230024,2,0,18000,0,0,9125,3650,0,0,1500,1477.380859375,0,0,0,0,10428.5712890625,0,4866.66650390625,1600,0,5045.82373046875,0,3128.57153320313,0,7821.42883300781,12514.2861328125,28678.5712890625,10428.5712890625,0,4171.4287109375,0,0,7821.4287109375,5214.28564453125,2607.14282226563,5735.71435546875,3389.28564453125,8342.85729980469,6257.14306640625,0,4692.85717773438,0,28678.5710449219,5735.71435546875,0,0,0,0,0,0,0,0,0,0,0,0,0,3210.04467773438,0,1682.02758789063,0,8581.845703125,0,0,1866.45098876953,0,0,216251.6875,6140.0546875
"NGA",3,1,"LSMS-ISA2015",2015,1,23,2307,78,1,230025,6,0,400,0,2433.33333333333,0,1419.44449869792,2433.33333333333,0,1333.33333333333,1005.67462158203,0,0,6083.33333333333,0,10428.5716145833,0,8111.111328125,4041.66674804688,0,903.628601074219,0,4171.4287109375,0,0,9733.33333333333,17380.9524739583,869.047607421875,0,2085.71435546875,0,0,5214.28580729167,2607.14290364583,3650,3650.00008138021,0,3563.09525553385,0,869.047607421875,608.333333333333,0,13035.7142740885,86.9047648111979,0,0,0,0,0,0,0,0,0,0,0,0,0,0,0,0,0,0,0,0,0,0,0,106118.4296875,6140.0546875
"NGA",3,1,"LSMS-ISA2015",2015,1,23,2307,78,1,230026,3,0,0,0,0,4055.5556640625,2433.33333333333,0,0,12666.6666666667,2631.50805664063,0,0,0,0,0,0,22711.111328125,0,0,5116.29833984375,0,6778.57161458333,0,0,8690.47591145833,17380.9518229167,0,0,9733.33333333333,0,0,0,24333.3333333333,0,17380.9518229167,0,6430.95231119792,17380.9518229167,0,3476.1904296875,0,151214.286458333,347.619059244792,0,0,0,0,0,0,0,0,0,0,0,0,0,0,0,1345.6220703125,0,0,1738.09521484375,0,0,0,770.555603027344,316616.40625,6140.0546875
"NGA",3,1,"LSMS-ISA2015",2015,1,23,2307,78,1,230027,4,0,3000,0,0,1216.66662597656,608.333312988281,0,0,8675,720.178588867188,0,0,7604.16650390625,0,7169.64306640625,0,19770.83203125,1800,0,1878.7744140625,0,1373.23966514314,0,0,4943.66263594846,0,823.943834951825,0,4119.71918608645,0,0,7552.81845968729,8926.05749182423,3707.74723242929,823.943834951825,2746.47933028629,4669.01487532858,3295.7753398073,686.619832571572,4806.33894629554,0,16478.8760735818,5630.28265540128,0,0,0,0,2358.44050058031,0,0,0,1279.47207660347,0,0,2609.15532035448,0,1411.69034310992,982.950505467526,531.576631053095,0,0,0,0,155.176086156759,0,4258.33349609375,136614.90625,6140.0546875
"NGA",3,1,"LSMS-ISA2015",2015,1,23,2307,78,1,230028,8,0,3000,0,2281.25,0,1520.83337402344,0,0,2400,619.464294433594,0,0,0,0,2607.14282226563,0,4562.5,350,0,1250.71801757813,0,1564.28576660156,0,0,7300,7821.42846679688,0,0,1564.28576660156,0,0,7169.64306640625,0,1173.21432495117,1955.35717773438,0,2346.42861938477,3128.57153320313,0,782.142852783203,0,11732.142578125,65.1785736083984,0,0,0,0,0,0,0,0,0,0,0,0,0,0,0,0,0,0,0,0,0,0,0,65194.59375,6140.0546875
"NGA",3,1,"LSMS-ISA2015",2015,1,23,2307,78,1,230029,6,0,8000,0,0,1419.44449869792,811.111083984375,0,0,17506.6666666667,2905.5556640625,0,0,20277.77734375,0,6517.857421875,0,26361.111328125,12430.5546875,0,10468.1552734375,0,2433.33333333333,0,1303.57145182292,2607.14290364583,5214.28580729167,1738.09521484375,0,5127.380859375,0,0,5648.80924479167,4345.23795572917,3389.28572591146,0,4171.42862955729,3910.71427408854,8342.85693359375,1564.28564453125,2911.3095703125,0,17989.2856445313,130.357147216797,0,0,0,6689.92838541667,17341.2073567708,0,0,0,0,0,0,0,0,1101.95235188802,0,0,0,1310.85392252604,0,0,475.667510986328,0,0,204445.21875,6140.0546875
"NGA",3,1,"LSMS-ISA2015",2015,1,23,2307,78,1,230030,3,0,12000,0,0,6083.33333333333,3041.66666666667,0,0,14666.6666666667,2051.58715820313,0,0,6894.44466145833,0,24333.3333333333,2027.77783203125,16222.22265625,0,0,1807.25720214844,0,0,0,1738.09521484375,13904.76171875,19119.0475260417,9211.90462239583,0,4171.42854817708,3128.5712890625,0,6952.380859375,6778.57161458333,2607.14290364583,3823.8095703125,5735.71419270833,5561.90490722656,3476.1904296875,869.047607421875,4692.85709635417,0,54054.7641601563,2607.14290364583,0,0,0,9038.09505208333,0,2178.11930338542,0,0,0,0,0,0,0,5214.28580729167,0,0,0,0,0,0,1047.89589436849,0,0,255040.015625,6140.0546875
"NGA",3,1,"LSMS-ISA2015",2015,1,23,2306,970,1,230031,3,0,12000,0,0,8111.111328125,3041.66666666667,0,0,9333.33333333333,3719.84106445313,0,0,8111.111328125,0,52142.859375,0,16222.22265625,200,0,21525.798828125,0,0,0,0,0,8690.47591145833,0,4345.23795572917,6952.38069661458,5214.28564453125,0,34761.9036458333,6952.380859375,8516.66666666667,1738.09521484375,8690.47607421875,13730.9524739583,0,1738.09521484375,7473.8095703125,0,58747.619140625,0,2809.68098958333,0,0,13379.8567708333,38283.0755208333,3683.00162760417,0,0,0,0,0,0,0,11634.375,0,1121.35172526042,5146.70052083333,0,5863.17447916667,0,1709.12705485026,0,0,385590.71875,4723.119140625
"NGA",3,1,"LSMS-ISA2015",2015,1,23,2306,970,1,230032,4,0,0,0,0,0,4562.5,3650,0,11850,3648.51196289063,0,0,3041.66674804688,0,3910.71435546875,0,18250,750,0,3600,0,0,0,0,7039.28564453125,5214.28564453125,3128.57153320313,0,4692.85693359375,0,0,7821.4287109375,3910.71435546875,7430.35693359375,5475.00012207031,3910.71423339844,5605.35723876953,3128.57153320313,1303.57141113281,5344.64282226563,0,20857.142578125,651.785705566406,0,0,0,0,0,0,0,0,0,0,0,0,0,0,0,0,0,0,0,0,0,0,3650,142427.6875,4723.119140625
"NGA",3,1,"LSMS-ISA2015",2015,1,23,2306,970,1,230033,7,0,6857.14306640625,0,0,1738.09528459821,2954.76199776786,0,0,9085.71428571429,610.408203125,0,0,0,0,0,0,13904.7626953125,0,0,4589.3125,0,3575.51032366071,0,0,5586.73493303571,8193.87779017857,4469.38790457589,0,0,0,0,0,12663.265625,0,2309.18362862723,0,2309.18373325893,1489.7958984375,0,2532.65304129464,0,18920.4075055804,297.959193638393,0,0,0,0,0,0,0,1212.56431361607,0,0,0,0,0,0,1686.822265625,0,0,0,0,0,0,0,0,104987.5390625,4723.119140625
"NGA",3,1,"LSMS-ISA2015",2015,1,23,2306,970,1,230035,3,0,6000,0,0,0,1622.22216796875,0,0,19666.6666666667,9749.6826171875,0,0,32444.4453125,0,0,0,24333.333984375,12166.6669921875,0,12000,0,0,0,0,0,0,0,0,8342.857421875,0,0,9559.52408854167,0,10428.5712890625,7300.00016276042,4345.23803710938,4692.85725911458,0,4345.23795572917,17380.9527994792,0,116452.37890625,869.047607421875,0,0,0,5457.619140625,2666.57845052083,0,0,0,0,0,0,0,0,0,0,0,0,0,0,0,0,0,14599.9990234375,324423.875,4723.119140625
"NGA",3,1,"LSMS-ISA2015",2015,1,23,2306,970,1,230036,6,0,2000,0,2433.33333333333,0,608.333333333333,2433.33333333333,0,0,1234.5634765625,0,0,0,0,3476.1904296875,0,1622.22216796875,400,0,2556.90258789063,0,0,0,0,4692.85709635417,17380.9518229167,4171.4287109375,0,0,0,0,5214.28580729167,2607.14290364583,0,3128.57149251302,0,2867.85721842448,0,0,0,0,30416.6666666667,86.9047648111979,0,0,0,0,0,0,0,0,0,0,0,0,0,0,0,0,0,0,0,0,0,0,0,87331.546875,4723.119140625
"NGA",3,1,"LSMS-ISA2015",2015,1,23,2306,970,1,230037,1,0,7200,0,0,0,2433.33325195313,0,0,0,2161.4287109375,0,0,0,0,0,0,0,5600,0,24456.29296875,0,0,0,0,0,0,0,0,6257.14306640625,0,0,0,0,0,0,0,2607.14282226563,0,0,0,0,70914.287109375,0,2757.96923828125,0,0,5162.14306640625,7999.7353515625,0,0,0,0,0,0,6690.5380859375,6083.33349609375,2502.85717773438,9385.71435546875,5113.36419677734,2771.8271484375,2621.70776367188,6396.18994140625,0,589.214294433594,0,6691.66650390625,186395.890625,4723.119140625
"NGA",3,1,"LSMS-ISA2015",2015,1,23,2306,970,1,230038,6,2433.33325195313,6000,0,0,811.111083984375,608.333333333333,0,0,19300,8784.9208984375,0,0,15208.3333333333,0,10428.5716145833,0,24333.333984375,10069.4443359375,0,4104.61474609375,0,2085.71435546875,0,0,0,8690.47591145833,1738.09521484375,0,6517.85693359375,0,0,4345.23795572917,10428.5714518229,3997.61897786458,0,11123.8094075521,6952.38094075521,2172.61897786458,1216.66666666667,22508.3336588542,0,20422.6193033854,434.523803710938,0,0,0,11297.6184895833,30822.5546875,0,0,0,0,0,0,0,0,4626.80948893229,434.523803710938,0,5067.0224609375,0,0,0,1964.34613037109,0,3244.4443359375,262173.8125,4723.119140625
"NGA",3,1,"LSMS-ISA2015",2015,1,23,2306,970,1,230039,3,0,4000,0,0,4055.5556640625,0,0,0,2946.66666666667,2375.39672851563,0,0,0,0,11123.8098958333,0,16222.22265625,0,0,1922.44152832031,0,4171.4287109375,0,0,13035.71484375,15642.8567708333,6257.142578125,0,8342.857421875,0,0,0,11297.6184895833,0,4171.4287109375,0,0,3476.1904296875,0,1042.85717773438,0,10428.5716145833,0,0,0,0,0,0,0,0,2756.77018229167,0,0,0,0,0,0,2049.12272135417,0,0,0,0,0,196.404764811198,0,0,125515.0703125,4723.119140625
"NGA",3,1,"LSMS-ISA2015",2015,1,23,2306,970,1,230040,5,0,1200,0,0,2676.6666015625,730,0,0,1600,669.285705566406,0,0,0,0,4171.428515625,0,2920,160,0,2400,0,2502.8572265625,0,1251.42861328125,5214.285546875,10428.571484375,2085.7142578125,0,3232.8572265625,0,0,2085.7142578125,4692.85703125,2555,2711.42861328125,521.428564453125,5005.71440429687,2502.8572265625,1042.85712890625,3545.7142578125,0,29095.7142578125,521.428564453125,0,0,0,0,0,2209.8009765625,0,0,0,0,0,0,0,1797.625,0,0,0,0,0,0,667.323254394531,0,2433.33349609375,102631.890625,4723.119140625
"NGA",3,1,"LSMS-ISA2015",2015,1,23,2308,556,1,230041,7,0,6857.14306640625,0,0,1738.09528459821,869.047642299107,0,0,16642.8571428571,3577.55102539063,0,0,6952.38113839286,0,19367.3459821429,0,27809.525390625,3857.14282226563,0,8972.7041015625,0,1489.7958984375,0,3352.04073660714,7151.02064732143,3724.48967633929,223.469395228795,0,5363.26534598214,0,0,10428.5714285714,12663.2647879464,11992.8570731027,4841.83656529018,5065.30608258929,4320.40813337054,7151.02036830357,1489.7958984375,8864.28578404018,0,22868.3670479911,1527.04084123884,0,0,0,0,18965.6498325893,0,0,0,0,0,0,0,0,1531.51014927455,2378.44614955357,0,1943.21205357143,0,1340.81626674107,0,4642.05346679688,0,1911.90478515625,241874.203125,3967.419921875
"NGA",3,1,"LSMS-ISA2015",2015,1,23,2308,556,1,230042,5,0,720,0,2190,0,730,2433.3333984375,0,3600,991.142883300781,0,0,0,0,6257.14296875,0,7786.6669921875,1040,0,1503.01953125,0,1251.42861328125,0,2085.7142578125,5631.428515625,6257.14296875,2085.7142578125,0,2502.8572265625,0,0,6257.14296875,3128.571484375,625.714306640625,3128.571484375,1042.85712890625,2815.71435546875,2502.8572265625,521.428564453125,1042.85715332031,0,4692.8572265625,521.428564453125,0,0,0,0,0,0,0,0,0,0,0,0,0,0,0,0,0,0,0,0,0,0,0,73345.59375,3967.419921875
"NGA",3,1,"LSMS-ISA2015",2015,1,23,2308,556,1,230043,5,0,3000,0,0,2676.6666015625,1825,0,0,2400,1294.28576660156,0,0,4866.666796875,0,10428.57109375,0,7786.66650390625,300,0,3120,0,0,0,1470.58924622691,2626.05214058327,22058.8394850749,3361.3468639583,0,4096.64153589988,2100.84175205018,0,8403.36700820072,6932.77776197381,3781.5153305137,0,5252.10457674061,4516.80995362716,2310.92598663055,525.210438012545,2941.17839479757,0,1575.63136351709,2521.010122252,2222.37802887751,0,0,6994.00850994082,0,877.566834115719,0,0,0,0,0,0,0,7305.13860553735,0,609.92183401272,1323.58206109254,2766.10849358534,0,0,550.781296671746,0,3163.33349609375,137985.515625,3967.419921875
"NGA",3,1,"LSMS-ISA2015",2015,1,23,2308,556,1,230044,8,0,6000,0,2281.25,3041.66674804688,2281.25,0,0,27725,3879.46435546875,0,0,0,0,0,0,27375,2750,0,12255.009765625,0,0,0,0,59964.28515625,10102.6784667969,782.142883300781,0,0,0,0,0,16294.642578125,0,3389.28570556641,0,4236.6071472168,0,0,0,0,4171.4287109375,0,0,0,0,0,0,0,0,2121.98754882813,0,0,0,0,0,0,768.421020507813,0,0,0,0,0,294.607147216797,0,973.333312988281,190688.0625,3967.419921875
"NGA",3,1,"LSMS-ISA2015",2015,1,23,2308,556,1,230045,5,0,2400,0,0,851.66669921875,730,0,0,9640,1032.85717773438,0,0,8273.33359375,0,18250,0,7300,840,0,2864.37646484375,0,0,0,0,5422.85703125,0,625.714306640625,0,3650.00009765625,2607.1427734375,0,7195.7142578125,5735.7142578125,4484.28569335937,2085.71435546875,2085.71430664063,3337.14287109375,0,1564.2857421875,3545.71435546875,0,29617.1419921875,521.428564453125,551.59384765625,480.045361328125,0,0,14017.21953125,0,0,2502.8572265625,0,0,0,0,0,911.45712890625,995.28828125,0,5256.20546875,0,1251.42861328125,0,2620.69989013672,0,1581.66674804688,154829.28125,3967.419921875
"NGA",3,1,"LSMS-ISA2015",2015,1,23,2308,556,1,230046,3,0,4000,0,0,2838.88899739583,405.555541992188,0,0,1333.33333333333,173.809524536133,0,0,0,0,0,0,0,266.666656494141,0,3363.88256835938,0,0,0,0,4171.4287109375,0,1738.09521484375,0,2954.76196289063,0,0,0,5214.28564453125,0,2085.71427408854,0,3650.00012207031,1911.90478515625,869.047607421875,695.238118489583,0,9559.52351888021,1390.47623697917,1838.64615885417,0,0,0,8997.32063802083,1235.42032877604,0,0,0,0,0,0,0,0,869.047607421875,0,0,0,0,0,1390.47623697917,0,0,60953.5234375,3967.419921875
"NGA",3,1,"LSMS-ISA2015",2015,1,23,2308,556,1,230047,6,0,6000,0,0,1825,3041.66666666667,0,0,3000,2246.90478515625,0,0,8111.111328125,0,6083.33333333333,0,9733.3330078125,800,0,16666.666015625,0,0,0,695.238118489583,0,18250.0006510417,0,0,4432.14282226563,1738.09521484375,17380.9518229167,8690.47591145833,2259.52376302083,2085.71435546875,869.047607421875,2867.85709635417,5648.80944824219,0,869.047607421875,2867.85717773438,0,19205.9519856771,1651.1904703776,1838.64615885417,0,0,6778.57161458333,0,1089.05965169271,0,0,0,0,0,0,4345.23828125,6887.20247395833,2506.27115885417,560.675862630208,3628.55403645833,0,3997.619140625,0,1242.73805745443,0,16222.22265625,196116.703125,3967.419921875
"NGA",3,1,"LSMS-ISA2015",2015,1,23,2308,556,1,230048,2,0,12000,0,0,2433.33325195313,5475,0,0,9000,2773.21435546875,0,0,0,0,0,0,36500,0,0,14385.36328125,0,0,0,0,13035.7138671875,0,3128.57153320313,0,0,0,0,0,26071.427734375,0,6517.85693359375,0,0,5214.28564453125,0,2085.71435546875,0,0,521.428588867188,5515.9384765625,0,0,0,12661.484375,0,0,0,0,0,0,0,0,1251.42858886719,0,5652.46856689453,0,0,0,0,0,0,0,164223.234375,3967.419921875
"NGA",3,1,"LSMS-ISA2015",2015,1,23,2308,556,1,230049,6,0,600,0,0,0,1419.44449869792,2433.33333333333,0,8333.33333333333,2384.5634765625,0,0,0,0,4345.23795572917,0,8111.111328125,3333.33325195313,0,6000,0,2085.71435546875,0,0,14078.5716145833,8690.47591145833,0,0,1042.85717773438,0,0,10428.5716145833,2607.14290364583,2867.85709635417,2607.14290364583,1303.57141113281,3736.90474446615,5214.28580729167,869.047607421875,1825,0,15729.76171875,434.523803710938,0,0,0,0,0,0,0,0,0,0,0,0,0,0,0,0,0,0,0,0,0,0,6083.33349609375,116565.125,3967.419921875
"NGA",3,1,"LSMS-ISA2015",2015,1,23,2308,556,1,230050,7,0,342.857147216797,0,0,0,1216.66671316964,2085.71428571429,0,2571.42857142857,917.244934082031,0,0,0,0,3724.48967633929,0,5561.90478515625,571.428588867188,0,1714.28576660156,0,1787.75516183036,0,744.89794921875,0,5959.18359375,893.877580915179,0,1787.75516183036,0,0,4469.38783482143,2234.69391741071,1787.75516183036,3128.57149832589,0,1564.28574916295,5363.26506696429,744.89794921875,1042.85714285714,0,3724.48974609375,372.448974609375,0,0,0,0,0,0,0,0,0,0,0,0,0,0,0,0,0,0,0,0,0,0,1738.09533691406,56050.24609375,3967.419921875
"NGA",3,1,"LSMS-ISA2015",2015,1,23,2315,924,0,230051,1,0,24000,0,0,9733.3330078125,4866.66650390625,0,0,4040,3746.4287109375,0,0,0,0,15642.857421875,0,4866.66650390625,400,0,26609.966796875,0,13493.916445171,0,0,15742.9020131506,56224.6504797068,0,0,6746.9582225855,0,0,0,0,24738.8461016592,12369.4231728999,0,11244.9303889101,12369.4231728999,0,0,0,0,6184.71158644997,0,0,0,0,0,0,0,0,0,0,0,7871.45100657532,0,0,0,2176.43811489357,16844.1058984819,0,12931.669782134,0,0,0,0,292845.34375,4817.58154296875
"NGA",3,1,"LSMS-ISA2015",2015,1,23,2315,924,0,230052,4,0,6600,0,0,0,4562.5,3650,0,0,4992.6787109375,0,0,15208.3330078125,0,13035.7138671875,0,18250,22500,0,15000,0,2867.85717773438,0,0,0,14339.2856445313,1694.64282226563,0,6257.14306640625,0,0,0,7821.4287109375,6257.14306640625,5475.00012207031,1955.35717773438,5344.64288330078,5996.4287109375,3258.92846679688,13687.5004882813,0,7300,912.5,0,0,0,8186.4287109375,0,0,2933.03564453125,0,0,0,0,0,0,0,0,0,0,0,0,0,0,0,15208.3330078125,213294.890625,4817.58154296875
"NGA",3,1,"LSMS-ISA2015",2015,1,23,2315,924,0,230053,2,0,0,0,0,0,3650,4866.66650390625,0,5500,5102.02392578125,0,0,0,0,7821.4287109375,0,17033.333984375,3000,0,6652.22216796875,0,5735.71435546875,0,0,15642.857421875,5214.28564453125,3389.28564453125,0,6257.14306640625,0,0,0,7821.4287109375,0,5214.28564453125,3910.71423339844,7560.71435546875,5996.4287109375,0,0,0,8864.28564453125,1042.85717773438,0,0,0,0,0,0,0,0,0,0,0,0,0,0,0,0,0,0,0,0,0,0,0,130275.6796875,4817.58154296875
"NGA",3,1,"LSMS-ISA2015",2015,1,23,2315,924,0,230054,3,0,3200,0,0,0,4866.66666666667,0,0,10733.3333333333,1315.39685058594,0,0,8516.66666666667,0,17380.9518229167,0,48666.66796875,0,0,22547.078125,0,0,0,4345.23795572917,86904.7604166667,13904.76171875,0,0,7300,0,0,0,0,0,13209.5234375,0,6778.57161458333,0,0,8516.66666666667,0,0,347.619059244792,0,0,0,0,0,0,0,0,0,62571.4270833333,0,0,0,2739.23795572917,4171.4287109375,0,9110.53125,0,0,0,0,0,3244.4443359375,340370.9375,4817.58154296875
"NGA",3,1,"LSMS-ISA2015",2015,1,23,2315,924,0,230055,1,0,24000,0,0,0,9125,0,0,0,521.428588867188,0,0,0,0,0,0,4866.66650390625,4000,0,18206.20703125,0,0,0,0,0,0,0,0,0,0,0,0,11398.4932901995,0,0,5699.24664509975,11968.4181128604,13678.1925808431,0,2849.62332254987,0,0,1139.84938173693,6028.95507124103,0,0,14818.0411718254,0,2380.69804386374,0,0,8548.86917689494,0,0,0,15957.8908171472,5984.20905643021,0,0,0,0,17477.6893158291,0,4749.37248079753,0,0,183398.84375,4817.58154296875
"NGA",3,1,"LSMS-ISA2015",2015,1,23,2315,924,0,230056,7,0,3428.57153320313,0,5214.28571428571,0,1216.66671316964,2085.71428571429,0,4457.14285714286,6821.53076171875,0,0,2607.14285714286,0,5959.18359375,0,10428.5712890625,1428.57141113281,0,2201.51220703125,0,2681.63253348214,0,0,13035.7142857143,0,4618.36725725446,0,3575.51032366071,0,0,0,5214.28571428571,1042.85714285714,5363.26541573661,0,5586.73458426339,6257.14285714286,1117.34695870536,2681.63267299107,0,11098.9796316964,595.918387276786,0,0,9311.22433035714,0,0,0,0,0,0,0,0,0,0,0,0,0,0,0,0,0,0,0,0,118029.5,4817.58154296875
"NGA",3,1,"LSMS-ISA2015",2015,1,23,2315,924,0,230057,6,0,4000,0,0,3041.66666666667,1216.66666666667,0,0,4933.33333333333,1559.126953125,0,0,10138.888671875,0,2607.14290364583,0,8111.111328125,66.6666641235352,0,5000,0,2332.62689029981,0,1360.69896721992,0,24298.1960497223,0,0,4762.44627005834,1943.85564224586,19438.5560146308,9719.27800731538,4373.67513035687,4568.06078867842,3207.36184843077,4859.6391664181,4665.25352227777,0,0,4956.83191419867,0,14384.5321683071,3596.13300138668,0,0,0,9155.56000163569,0,1870.03837127457,0,0,0,0,0,5831.56636986717,0,2915.78353789008,0,564.345218432897,5867.96462490283,4478.9676742141,0,0,0,0,5069.4443359375,184895.40625,4817.58154296875
"NGA",3,1,"LSMS-ISA2015",2015,1,23,2315,924,0,230058,2,0,12000,0,0,0,4258.33349609375,0,0,0,504.047607421875,0,0,0,0,7821.4287109375,0,0,0,0,18263.830078125,0,0,0,3910.71435546875,0,0,0,0,3128.57153320313,0,0,0,7821.4287109375,0,13035.7138671875,0,1042.85717773438,0,0,8082.14306640625,0,15642.857421875,521.428588867188,0,0,0,8186.4287109375,25860.6279296875,0,0,0,0,0,0,0,0,0,0,3174.27885437012,6364.673828125,0,0,0,0,0,0,139619.375,4817.58154296875
"NGA",3,1,"LSMS-ISA2015",2015,1,23,2315,924,0,230059,5,0,13200,0,0,730,1946.6666015625,0,0,25440,17338.71484375,0,0,14600,0,17728.571875,0,58400,7200,0,17932.06640625,0,0,0,2607.1427734375,0,25028.57109375,0,0,9385.7142578125,521.428564453125,0,17311.428515625,11992.857421875,5214.2857421875,16268.5715820313,3650,6257.14272460938,0,1042.85712890625,8342.85703125,0,42757.142578125,0,706.72958984375,0,0,5422.85703125,2532.296875,435.623876953125,0,1251.42861328125,0,0,0,0,0,5428.0712890625,1251.42861328125,2792.16567382812,3116.4666015625,0,5874.7615234375,0,2964.91672363281,0,5475.00048828125,362147.78125,4817.58154296875
"NGA",3,1,"LSMS-ISA2015",2015,1,23,2315,924,0,230060,2,4380,30000,0,0,3041.66674804688,3650,0,0,2500,17048.333984375,0,0,0,0,16946.427734375,0,30416.666015625,16200,0,36873.44140625,0,1303.57141113281,0,0,0,0,0,0,11471.4287109375,6517.85693359375,0,11732.142578125,10428.5712890625,8603.5712890625,3910.71423339844,4692.85693359375,3389.28576660156,0,0,22421.4283447266,0,32067.8583984375,6778.57165527344,0,0,0,1355.71423339844,8477.4482421875,0,2757.05346679688,0,0,0,0,15489.4951171875,30416.662109375,2502.85717773438,9416.85815429688,1682.02758789063,6405.2529296875,0,0,0,294.607147216797,0,3771.66674804688,366944.03125,4817.58154296875
"NGA",3,1,"LSMS-ISA2015",2015,1,23,2309,998,0,230061,10,0,0,0,0,0,0,1460,0,4000,1043.14282226563,0,0,1338.33330078125,0,782.14287109375,0,1946.66662597656,5000,625.714306640625,590.956848144531,0,0,0,0,7411.3578652893,0,0,0,0,0,0,0,3176.29628549432,0,1588.14814274716,0,794.07407137358,0,1588.14814274716,0,9528.88846186884,0,582.320982219294,0,0,19851.853481395,0,64273.1482529456,0,0,0,0,19057.7769237377,0,0,0,5205.59639902213,1261.00141610242,3134.83107036594,5082.07413172462,0,0,0,0,0,0,159322.46875,1842.01647949219
"NGA",3,1,"LSMS-ISA2015",2015,1,23,2309,998,0,230062,2,0,0,0,0,0,0,3650,0,0,3372.02392578125,0,0,0,0,7821.4287109375,0,6083.33349609375,200,0,2391.18041992188,0,0,0,0,9125,0,0,0,3128.57153320313,0,0,0,7821.4287109375,0,7039.28588867188,0,1303.57141113281,6257.14306640625,0,0,0,0,260.714294433594,0,0,0,0,31653.708984375,0,0,0,0,0,0,0,0,0,0,3650,0,0,0,0,0,0,0,93757.390625,1842.01647949219
"NGA",3,1,"LSMS-ISA2015",2015,1,23,2309,998,0,230063,1,0,0,0,0,0,4866.66650390625,0,0,12600,3721.4287109375,0,0,0,0,312857.15625,0,0,2000,0,4141.220703125,0,18771.427734375,0,0,14600,0,10428.5712890625,0,6257.14306640625,0,0,10428.5712890625,22942.857421875,5214.28564453125,30242.8566894531,6778.57141113281,2607.14282226563,26071.427734375,2607.14282226563,22421.4287109375,0,31807.142578125,2085.71435546875,0,0,12808.2453613281,10324.2861328125,41322.439453125,3706.26098632813,0,0,10428.5712890625,93857.140625,0,0,3128.5712890625,3743.58959960938,7518.8134765625,20138.5703125,0,0,0,0,8516.6669921875,0,0,768943.875,1842.01647949219
"NGA",3,1,"LSMS-ISA2015",2015,1,23,2309,998,0,230064,3,0,0,0,0,0,0,0,0,5066.66666666667,624.365051269531,0,0,0,0,0,0,9733.3330078125,0,0,2012.16882324219,0,0,0,0,4866.66666666667,0,1738.09521484375,0,0,0,0,8690.47591145833,0,0,12166.6666666667,0,1042.85717773438,3650,0,0,0,0,173.809529622396,0,0,4345.23795572917,0,32165.6875,3324.318359375,0,0,0,0,0,0,0,0,0,8234.02734375,0,0,0,0,0,0,0,97834.3828125,1842.01647949219
"NGA",3,1,"LSMS-ISA2015",2015,1,23,2309,998,0,230065,5,0,0,0,0,0,1070.66669921875,0,0,5680,907.619018554688,0,0,0,0,16685.7140625,0,2433.33349609375,1200,0,1019.78796386719,0,0,0,0,2920,0,0,0,2189.99992675781,0,0,3128.571484375,3754.285546875,1303.57138671875,417.14287109375,0,521.428564453125,6257.14296875,1042.85712890625,3545.7142578125,0,9072.85703125,1042.85712890625,3409.539453125,0,6029.018359375,0,24851.29375,2622.6748046875,0,0,1394.25458984375,18771.428125,0,0,1564.285546875,6969.1267578125,5093.2396484375,4089.23737792969,0,0,0,0,1762.42862548828,0,0,140750.046875,1842.01647949219
"NGA",3,1,"LSMS-ISA2015",2015,1,23,2309,998,0,230066,8,0,0,0,0,0,0,0,0,2577.5,175.178573608398,0,0,1825,0,9776.7861328125,0,5170.8330078125,850,1303.57141113281,676.657775878906,0,0,0,0,3910.71435546875,0,1564.28576660156,0,2933.03567504883,0,0,6517.85693359375,0,0,1368.75,0,325.892852783203,3910.71435546875,782.142883300781,912.5,4562.5,6778.57141113281,130.357147216797,641.012390136719,0,1256.04541015625,0,17781.2883300781,610.926574707031,0,0,607.280456542969,8799.107421875,7129.533203125,182.116592407227,1368.74987792969,1501.33544921875,6453.19610595703,1742.31349754334,0,0,0,0,2233.01792907715,0,0,106358.78125,1842.01647949219
"NGA",3,1,"LSMS-ISA2015",2015,1,23,2309,998,0,230067,4,0,0,0,0,0,0,0,0,4050,462.023803710938,0,0,6083.33349609375,0,0,0,0,0,1303.57141113281,1509.12658691406,0,0,0,0,0,0,0,0,0,0,0,0,3910.71435546875,0,18250,0,1173.21423339844,2737.5,0,0,0,0,0,0,0,6730.01574707031,0,62986.0703125,0,0,0,0,0,0,0,0,0,0,3612.43969726563,0,0,0,0,176.764297485352,0,0,112984.7734375,1842.01647949219
"NGA",3,1,"LSMS-ISA2015",2015,1,23,2309,998,0,230068,4,0,0,0,0,0,0,3650,0,5000,947.678588867188,0,0,0,0,3910.71435546875,0,0,0,0,1729.80139160156,0,0,0,0,4562.5,0,1564.28576660156,0,0,0,0,0,0,0,3910.71435546875,0,1303.57141113281,3128.57153320313,1303.57141113281,0,0,0,1042.8571472168,0,0,22088.29296875,0,77663.5712890625,3071.45776367188,0,0,0,0,19804.259765625,0,0,0,0,5214.28588867188,0,0,0,0,0,0,0,159896.125,1842.01647949219
"NGA",3,1,"LSMS-ISA2015",2015,1,23,2309,998,0,230069,3,0,2000,0,0,0,0,0,0,2200,647.619079589844,0,0,0,0,13904.76171875,0,19466.666015625,200,3476.1904296875,4000,0,0,0,0,9733.33333333333,0,0,0,4692.85729980469,0,0,0,6257.142578125,1738.09521484375,1390.47623697917,869.047607421875,7821.42854817708,4345.23795572917,869.047607421875,8864.28564453125,43452.3802083333,70219.0475260417,1738.09521484375,0,0,3165.1220703125,0,54080.3046875,7715.30794270833,0,0,0,0,0,10428.5703125,0,11641.951171875,0,6765.48828125,0,0,0,0,4229.365234375,0,4055.5556640625,309967.34375,1842.01647949219
"NGA",3,1,"LSMS-ISA2015",2015,1,23,2309,998,0,230070,6,0,0,0,0,0,0,0,0,4100,586.90478515625,0,0,4461.11100260417,0,3041.66666666667,0,4866.66650390625,533.333312988281,0,902.210388183594,0,0,0,0,3985.73549814578,0,0,0,5693.90798637199,0,0,5693.90762440314,7971.47099629156,0,0,0,569.39078246721,3188.58836681296,569.39078246721,5238.39532827035,0,6604.93310336684,227.756324097123,0,0,7056.13624358449,0,8295.67025081764,3750.57569841955,0,0,0,19473.1654815479,0,0,1708.17216588694,3577.87626726421,0,3351.3235616682,0,0,0,0,2867.96943641361,0,425.833343505859,108742.0859375,1842.01647949219
"NGA",3,1,"LSMS-ISA2015",2015,1,23,2304,322,0,230071,7,0,1714.28576660156,0,0,347.619035993304,695.238071986607,0,0,4342.85714285714,568.979614257813,0,0,0,0,11173.4698660714,0,9733.3330078125,1000,0,1371.42858886719,0,372.448974609375,0,0,2234.69391741071,0,893.877580915179,0,3873.46934291295,0,0,0,6704.08147321429,670.408133370536,0,0,2234.69384765625,0,893.877580915179,3575.51021902902,0,7821.42857142857,0,0,0,1003.54310825893,0,3198.27204241071,1755.11872209821,0,744.89794921875,0,0,0,0,0,1271.67445591518,1207.93938337054,189.515415736607,1187.92592075893,0,0,0,860.108808244978,0,1390.47619628906,73031.171875,4392.5009765625
"NGA",3,1,"LSMS-ISA2015",2015,1,23,2304,322,0,230072,6,0,1200,0,0,0,1216.66666666667,1825,0,11466.6666666667,1812.34130859375,0,0,3650,0,5214.28580729167,0,12166.6669921875,2000,0,2000,0,2085.71435546875,0,0,5214.28580729167,12166.6663411458,1042.85717773438,0,4345.23795572917,0,0,4345.23795572917,1303.57145182292,4953.57145182292,3650.00008138021,0,4258.33329264323,2172.61897786458,869.047607421875,1825,0,19466.6666666667,347.619059244792,0,0,0,0,0,0,0,0,0,0,0,0,0,0,0,0,0,0,0,0,0,0,2027.77783203125,112625.8359375,4392.5009765625
"NGA",3,1,"LSMS-ISA2015",2015,1,23,2304,322,0,230073,4,0,21000,6083.33349609375,0,0,3650,1825,0,13700,4297.5,0,0,3041.66674804688,0,45625,0,18250,29770.833984375,65.1785736083984,77359.1484375,0,0,0,0,13687.5,13035.7138671875,1564.28576660156,3258.92846679688,3128.57153320313,0,0,0,0,5605.35717773438,17207.1431884766,3910.71435546875,5996.42858886719,6517.85693359375,3258.92846679688,12253.5712890625,0,0,782.142852783203,0,0,0,0,4748.056640625,0,0,0,0,58660.71484375,0,0,0,0,0,0,0,0,0,0,0,0,912.5,379196.09375,4392.5009765625
"NGA",3,1,"LSMS-ISA2015",2015,1,23,2304,322,0,230074,8,0,3000,0,0,1520.83337402344,1368.75,0,0,16875,6462.5,0,0,1672.91662597656,0,4888.39306640625,0,16729.166015625,0,0,4500,0,0,0,2607.14282226563,32589.28515625,10428.5712890625,2737.5,0,0,2281.25,0,13035.7138671875,0,6583.03540039063,10102.6781005859,0,1629.46429443359,1629.46423339844,1173.21423339844,7039.28552246094,0,11666.9639892578,651.785705566406,0,0,0,0,0,0,0,2121.98754882813,0,0,0,0,0,0,0,3001.39367675781,0,0,0,0,0,0,7452.08349609375,173748.375,4392.5009765625
"NGA",3,1,"LSMS-ISA2015",2015,1,23,2313,0,1,230075,3,0,2000,0,0,0,3244.4443359375,4461.11100260417,0,4133.33333333333,1037.14294433594,0,0,16222.22265625,0,17380.9518229167,0,7300,66.6666641235352,0,8000,0,0,0,0,0,0,0,7647.619140625,6604.76204427083,3476.1904296875,0,8690.47591145833,5214.28580729167,4345.23811848958,19119.0481770833,0,5388.09529622396,4171.4287109375,869.047607421875,4171.42854817708,0,3128.57145182292,1738.09521484375,0,0,0,10113.056640625,0,0,0,0,0,0,0,0,0,5596.66666666667,0,0,0,0,0,0,397.278930664063,0,8111.111328125,162628.265625,4392.5009765625
"NGA",3,1,"LSMS-ISA2015",2015,1,23,2304,322,0,230076,6,0,10000,0,0,0,2027.77783203125,2433.33333333333,0,9633.33333333333,2132.34130859375,0,0,0,0,43452.3802083333,0,8111.111328125,333.333343505859,0,7840.18798828125,0,2085.71435546875,0,0,7821.42838541667,5214.28580729167,0,0,8690.47591145833,0,0,0,6083.33333333333,6083.33333333333,2607.14290364583,0,6517.85721842448,6517.857421875,0,13470.2383626302,0,39107.14453125,521.428568522135,0,0,0,0,0,0,0,0,0,0,0,0,0,0,0,0,0,0,0,0,0,0,1419.44445800781,192103.484375,4392.5009765625
"NGA",3,1,"LSMS-ISA2015",2015,1,23,2304,322,0,230077,2,0,2400,0,3650,3041.66674804688,1825,0,0,3100,260.714294433594,0,0,0,0,5214.28564453125,0,4866.66650390625,0,0,2895.34619140625,0,3128.57153320313,0,0,0,31285.71484375,10950.0002441406,0,5474.99981689453,3910.71435546875,0,5214.28564453125,5214.28564453125,7300,1042.85717773438,0,9385.71435546875,6257.14306640625,1303.57141113281,7169.64270019531,0,8082.14263916016,2607.14288330078,0,0,0,8186.4287109375,16095.8525390625,6556.68701171875,0,0,0,0,0,9385.7138671875,782.142883300781,5866.0712890625,0,0,0,0,0,0,683.519119262695,0,0,183136.890625,4392.5009765625
"NGA",3,1,"LSMS-ISA2015",2015,1,23,2304,322,0,230078,6,0,4000,0,0,2027.77783203125,0,0,0,3466.66666666667,1071.58728027344,0,0,2433.33333333333,0,0,0,28388.888671875,0,0,3160.81811523438,0,2607.14290364583,0,3476.1904296875,86904.7604166667,0,0,0,0,0,0,8690.47591145833,3476.1904296875,0,11732.1432291667,1564.28564453125,3041.66666666667,4345.23795572917,1303.57145182292,1825,0,21639.28515625,434.523803710938,0,0,0,0,16404.1982421875,1073.4521484375,0,2829.31673177083,0,0,0,0,0,0,0,874.939615885417,0,0,0,0,0,0,567.777770996094,217339.234375,4392.5009765625
"NGA",3,1,"LSMS-ISA2015",2015,1,23,2304,322,0,230079,5,0,2400,0,0,0,0,0,0,320,344.285705566406,0,0,4866.666796875,0,0,0,7786.66650390625,64,0,3356.02392578125,0,0,0,0,0,0,3754.285546875,0,312.857153320312,0,0,4171.428515625,3128.571484375,0,0,1772.8572265625,5005.71440429687,2502.8572265625,1042.85712890625,2502.85712890625,0,7300.00009765625,0,5114.308984375,0,8038.690625,0,18885.1046875,4914.332421875,0,0,0,18771.428125,0,0,0,4692.85703125,0,0,0,0,0,0,2033.57145996094,0,0,113082.21875,4392.5009765625
"NGA",3,1,"LSMS-ISA2015",2015,1,23,2304,322,0,230080,1,0,24000,0,0,0,3650,0,0,22000,7860.71435546875,0,0,0,0,18250,0,37716.6640625,4000,0,47041.12890625,0,0,0,0,0,0,0,0,5214.28564453125,0,0,0,28678.5712890625,12514.2861328125,0,0,10428.5715332031,5214.28564453125,0,5735.71435546875,0,45885.712890625,521.428588867188,1766.82397460938,0,3910.71435546875,6882.85693359375,6330.7421875,6556.68701171875,0,0,0,0,0,0,0,3754.28564453125,3732.33081054688,1682.02758789063,0,0,7821.427734375,0,8342.857421875,0,4136.66650390625,333628.78125,4392.5009765625
"NGA",3,1,"LSMS-ISA2015",2015,1,23,2311,516,0,230081,6,0,0,0,0,3650,40.5555547078451,0,0,5000,2712.89672851563,0,0,6083.33333333333,0,0,0,8111.111328125,1000,0,1341.08825683594,0,4171.4287109375,0,0,5214.28580729167,0,347.619059244792,0,521.428588867188,0,0,0,3041.66666666667,0,11297.6184895833,0,3215.47623697917,5214.28580729167,0,0,0,0,260.714294433594,0,0,0,0,0,0,0,0,0,0,0,0,0,2824.83951822917,0,0,0,0,0,0,0,0,0,64048.34765625,5510.3056640625
"NGA",3,1,"LSMS-ISA2015",2015,1,23,2311,516,0,230083,4,0,0,0,0,912.5,912.5,0,0,5350,2054.10717773438,0,0,0,0,7169.64306640625,0,25245.83203125,1700,0,4131.10693359375,0,1238.39282226563,0,1303.57141113281,3910.71435546875,0,0,0,5996.42864990234,0,0,0,9125,0,1564.28576660156,3258.92846679688,4432.14288330078,3650,0,4823.21435546875,0,16816.0715332031,391.071441650391,0,0,0,0,17521.5244140625,0,0,0,0,0,9506.044921875,0,0,1652.92852783203,1555.13793945313,420.506896972656,0,655.426940917969,2398.5712890625,0,3812.0904083252,0,1095,142602.75,5510.3056640625
"NGA",3,1,"LSMS-ISA2015",2015,1,23,2311,516,0,230084,3,0,0,0,811.111083984375,2027.77783203125,1216.66666666667,0,0,0,6869.44482421875,0,0,0,0,0,0,16222.22265625,0,0,3200,0,0,0,0,11435.4008625937,32400.3012958088,0,0,3811.80019165176,0,0,19059.0005948556,0,8385.96040115062,5336.52030311073,571.770051267707,7623.60046468373,8767.14069209718,0,0,0,13341.300776718,952.95004791294,0,0,0,0,0,0,0,0,0,0,0,0,0,3811.80051717259,0,0,0,0,0,0,0,0,3244.4443359375,149089.203125,5510.3056640625
"NGA",3,1,"LSMS-ISA2015",2015,1,23,2311,516,0,230085,2,0,0,0,0,1520.83337402344,1825,0,0,4750,3060.71435546875,0,0,0,0,22160.71484375,0,34066.66796875,1500,0,8262.2138671875,0,1955.35717773438,0,0,7821.4287109375,0,3910.71435546875,0,12514.2858886719,0,0,18250,4692.85693359375,11471.4282226563,0,5214.28564453125,3910.71423339844,3910.71435546875,3128.57153320313,10428.5715332031,0,15121.4289550781,1042.85717773438,0,0,0,3441.42846679688,28099.4189453125,739.240539550781,0,0,0,0,0,0,0,7287.83312988281,0,4294.5181517601,0,0,3198.09497070313,0,800.840545654297,0,1825,230205.734375,5510.3056640625
"NGA",3,1,"LSMS-ISA2015",2015,1,23,2311,516,0,230086,6,0,0,0,811.111083984375,608.333333333333,0,0,0,3333.33333333333,2376.58715820313,0,0,1216.66666666667,0,6952.380859375,0,6083.33349609375,400,0,2666.66674804688,0,4345.23795572917,0,869.047607421875,5214.28580729167,0,2607.14290364583,0,2607.14294433594,0,0,4345.23795572917,3910.71419270833,0,695.238118489583,0,5040.47623697917,8690.47591145833,0,0,0,32154.7618815104,1911.9047648112,0,0,0,0,21742.01953125,0,0,0,0,0,0,4171.4287109375,0,3443.60123697917,0,0,0,0,0,0,377.465128580729,0,32444.4453125,159019.046875,5510.3056640625
"NGA",3,1,"LSMS-ISA2015",2015,1,23,2311,516,0,230087,7,0,0,0,0,1738.09528459821,1564.28571428571,0,0,3085.71428571429,2660.17016601563,0,0,6952.38113839286,0,2532.65318080357,0,9038.095703125,0,0,2057.14282226563,0,1862.24483816964,0,0,4469.38783482143,6704.08147321429,0,0,2979.591796875,0,0,8938.77566964286,0,7076.53055245536,1489.7958984375,0,1117.34695870536,0,744.89794921875,5139.79575892857,0,2532.65304129464,372.448974609375,0,0,0,0,8203.51618303571,211.211582728795,0,0,0,0,0,0,2234.69391741071,1173.95912388393,0,946.904261997768,989.938197544643,0,0,0,0,0,2954.76196289063,89771.078125,5510.3056640625
"NGA",3,1,"LSMS-ISA2015",2015,6,29,2916,0,1,230088,6,0,0,0,0,0,5677.77799479167,0,0,3333.33333333333,1361.50793457031,0,0,0,0,6083.33333333333,0,16222.22265625,2666.66674804688,0,1457.18359375,0,0,0,0,5214.28580729167,8690.47591145833,0,0,0,1738.09521484375,0,6083.33333333333,2607.14290364583,6952.380859375,4345.23811848958,1738.09521484375,3910.71427408854,4345.23811848958,0,869.047607421875,0,5214.28580729167,1564.28574625651,0,0,0,5027.46744791667,3476.19075520833,1989.65535481771,1042.85717773438,0,0,0,0,0,0,0,2745.5507405599,869.047607421875,3025.146484375,0,8284.92032877604,0,0,0,0,116535.484375,5510.3056640625
"NGA",3,1,"LSMS-ISA2015",2015,1,23,2311,516,0,230089,6,0,0,0,0,1216.66666666667,0,0,0,15033.3333333333,1123.01586914063,0,0,3041.66666666667,0,6952.380859375,0,8111.111328125,666.666687011719,0,4000,0,3593.81753964324,0,0,8086.08936789088,3593.81753964324,1796.90876982162,0,539.072656480015,0,0,0,7187.63507928649,2695.36315473243,2156.29062592006,0,2785.20861315971,4492.27184317385,449.227192455405,1078.14531296003,0,539.072656480015,2425.8269272848,0,0,0,0,19789.2478931581,0,0,0,0,0,0,0,0,0,0,0,0,0,0,0,0,0,2433.33325195313,103786.1640625,5510.3056640625
"NGA",3,1,"LSMS-ISA2015",2015,1,23,2311,516,0,230090,7,0,0,0,521.428571428571,0,1303.57142857143,2085.71428571429,0,4885.71428571429,3519.62573242188,0,0,15642.8571428571,0,4469.38783482143,0,13904.7626953125,2000,0,2397.15991210938,0,3575.51032366071,0,0,4469.38783482143,8268.36746651786,0,0,2234.69391741071,0,0,0,0,0,3128.57149832589,0,3724.48974609375,1862.24483816964,1862.24483816964,1787.75509207589,0,21155.1026785714,521.428571428571,0,0,0,0,0,0,0,0,0,16760.2042410714,0,0,0,0,0,0,0,0,0,0,0,0,0,120080.2265625,5510.3056640625
"NGA",3,1,"LSMS-ISA2015",2015,1,23,2302,1982,0,230091,13,0,0,0,467.94873046875,0,0,0,0,1612.30769230769,86.2637405395508,0,0,2339.74353966346,0,3008.24188701923,0,2994.87158203125,646.153869628906,0,2483.16455078125,0,0,0,0,2417.36234795,0,0,0,5036.17160773567,0,0,0,4633.27785689001,1047.52364381811,805.787423989788,402.893711994894,1208.68113584127,2417.36234795,0,1732.44296714036,0,2336.78354473783,201.446855997447,1820.67989990483,201.446855997447,1953.62898417771,0,1956.63712633775,1898.58569930306,0,0,0,0,0,0,2417.36234795,1274.21847303587,0,306.966675523162,0,405.144499122537,0,0,91.0539814835756,0,0,48204.15234375,7084.6787109375
"NGA",3,1,"LSMS-ISA2015",2015,1,23,2302,1982,0,230092,7,0,0,0,0,0,695.238071986607,0,0,4857.14285714286,4164.48974609375,0,0,3128.57142857143,0,5959.18359375,0,3476.19067382813,2285.71435546875,0,4611.59130859375,0,0,0,0,6883.07177412838,0,1529.57152166824,0,0,0,0,0,5353.50039921753,0,1911.96436539595,0,2064.92159429269,3059.14304333648,2294.35735225682,0,0,0,611.828619130465,6912.14591145477,0,0,0,43744.1094941635,0,0,0,0,0,0,0,458.871477426811,0,0,0,0,0,0,0,0,0,0,104001.6015625,7084.6787109375
"NGA",3,1,"LSMS-ISA2015",2015,1,23,2302,1982,0,230093,11,0,0,0,0,0,331.818181818182,0,0,4636.36363636364,2056.4287109375,0,0,1769.69691051136,0,0,0,3981.81811523438,909.090881347656,0,1525.46533203125,0,0,0,0,7143.82844867109,0,1428.76565394927,0,0,0,0,0,3333.78646715199,0,1428.76565394927,0,1285.88907510079,1905.02081251876,1428.76565394927,0,0,0,333.378646646803,3766.35203951646,0,3671.04656288959,0,29863.2628329696,0,0,0,0,0,0,0,22860.2504631883,0,0,0,0,0,0,0,0,0,0,93659.8125,7084.6787109375
"NGA",3,1,"LSMS-ISA2015",2015,1,23,2302,1982,0,230094,6,0,0,0,2027.77783203125,0,811.111083984375,0,0,2066.66666666667,583.571472167969,0,0,4055.5556640625,0,0,0,4055.5556640625,0,0,890.051086425781,0,0,0,0,13035.71484375,0,0,0,2172.61897786458,0,0,0,0,0,0,0,0,0,0,1216.66670735677,0,4171.42858886719,521.428588867188,2945.4248046875,0,0,0,20122.0052083333,0,0,0,0,25028.5703125,0,0,0,3172.02384440104,0,1795.57379150391,2085.71435546875,0,0,0,0,0,344.722198486328,91102.1796875,7084.6787109375
"NGA",3,1,"LSMS-ISA2015",2015,1,23,2302,1982,0,230095,12,0,0,0,506.944458007813,0,0,0,0,2333.33333333333,882.460266113281,0,0,1419.44449869792,0,0,0,2027.77783203125,0,0,956.896911621094,0,0,0,0,5431.54752604167,0,1303.57145182292,0,1086.30948893229,0,0,0,7821.42838541667,0,6517.857421875,0,869.047607421875,0,651.785725911458,869.047607421875,0,0,217.261901855469,2945.4248046875,0,0,0,11078.7981770833,0,0,0,0,0,0,0,0,0,0,586.238972981771,2573.35026041667,0,0,0,0,0,233.194442749023,50311.71875,7084.6787109375
"NGA",3,1,"LSMS-ISA2015",2015,1,23,2302,1982,0,230097,13,0,0,0,0,0,0,0,0,1738.46153846154,133.315017700195,0,0,1871.794921875,0,2085.71424278846,0,2246.15380859375,2230.76928710938,0,5257.90185546875,0,0,0,0,2406.59344951923,0,0,0,3569.78016075721,0,0,0,3609.89002403846,0,0,401.098895733173,721.97802734375,2406.59344951923,721.977989783654,2206.04400165264,0,3048.35163762019,80.2197829026442,1812.56911057692,1604.39558293269,4106.40339543269,0,1722.146484375,2835.19200721154,0,0,0,10107.6923076923,0,0,1443.95597956731,701.120868389423,0,561.538461538462,0,0,0,0,135.972515399639,0,0,59767.625,7084.6787109375
"NGA",3,1,"LSMS-ISA2015",2015,1,23,2302,1982,0,230098,10,0,0,0,0,0,0,0,0,1680,225.952392578125,0,0,2433.3333984375,0,0,0,1703.33337402344,900,0,824.7880859375,0,0,0,0,3327.07252739202,0,1663.53626369601,0,1330.82903048806,0,0,0,2661.65806097612,665.414515244029,665.414515244029,0,1663.53628811007,3327.07252739202,554.5120687638,665.414515244029,0,554.5120687638,1469.45703618668,2505.84446536943,0,4482.30585660296,0,11655.8475577886,2613.06804457235,0,0,0,9981.21714580981,0,0,0,1663.53626369601,0,0,0,0,0,0,0,0,0,59217.65234375,7084.6787109375
"NGA",3,1,"LSMS-ISA2015",2015,1,23,2302,1982,0,230099,7,0,0,0,0,0,347.619035993304,0,0,3085.71428571429,74.4897994995117,0,0,6952.38113839286,0,0,0,2085.71435546875,542.857116699219,0,1595.62731933594,0,0,0,0,6704.08147321429,5214.28571428571,1489.7958984375,0,2085.71435546875,0,0,0,3352.04073660714,744.89794921875,4469.38783482143,0,2458.16333007813,2234.69391741071,372.448974609375,2681.63267299107,0,5810.20417131696,744.89794921875,1204.14899553571,0,0,0,0,2632.67829241071,0,0,0,13408.1629464286,0,0,0,0,0,0,0,0,0,0,0,0,0,70291.640625,7084.6787109375
"NGA",3,1,"LSMS-ISA2015",2015,1,23,2316,140,1,230101,7,0,857.142883300781,0,0,0,521.428571428571,0,0,6714.28571428571,1246.83679199219,0,0,4171.42857142857,0,0,0,17380.951171875,0,0,1666.59411621094,0,0,0,0,0,0,595.918387276786,0,744.89794921875,0,0,7448.97935267857,0,0,2234.69391741071,0,1638.77556501116,3724.48967633929,372.448974609375,0,0,4469.38783482143,372.448974609375,7879.91127232143,0,0,6550.60993303571,1808.78348214286,3706.26116071429,0,0,0,0,0,0,0,0,1774.36356026786,600.72412109375,0,0,0,0,1194.54547991071,0,0,77675.9140625,3463.62060546875
"NGA",3,1,"LSMS-ISA2015",2015,1,23,2316,140,1,230102,1,0,6000,0,0,0,4866.66650390625,0,0,0,0,0,0,0,0,0,0,0,0,0,8695.330078125,0,0,0,0,0,0,0,0,0,0,0,0,0,0,0,0,0,0,0,0,0,0,2607.14282226563,4214.521484375,0,0,9895.7880859375,12661.484375,4986.4775390625,0,0,0,0,0,46468.48828125,0,1251.42858886719,0,4642.39660644531,7720.05078125,0,0,0,0,0,0,114009.7734375,3463.62060546875
"NGA",3,1,"LSMS-ISA2015",2015,1,23,2316,140,1,230103,7,0,2571.42846679688,0,0,0,0,0,0,0,74.4897994995117,0,0,0,0,0,0,695.238098144531,1142.85717773438,0,1144.69079589844,0,0,0,0,7448.97935267857,5959.18359375,3724.48967633929,0,1713.26524135045,0,0,4469.38783482143,3724.48967633929,0,0,0,3650.00003487723,5363.26506696429,595.918387276786,1936.73468889509,0,1936.73468889509,968.367344447545,4727.94698660714,0,0,0,0,3510.23744419643,0,0,0,0,0,0,0,3352.04073660714,0,0,0,0,0,0,1787.75502232143,0,0,60497.49609375,3463.62060546875
"NGA",3,1,"LSMS-ISA2015",2015,1,23,2316,140,1,230104,6,0,2000,0,506.944458007813,0,405.555541992188,0,0,9283.33333333333,870.238098144531,0,0,5069.4443359375,0,6517.857421875,0,7300,2266.66674804688,0,1252.51623535156,0,0,0,0,0,0,0,0,3432.73813883464,0,0,4345.23795572917,6517.85709635417,4779.76204427083,608.333333333333,869.047607421875,3389.28576660156,1738.09521484375,0,3780.35713704427,0,53359.5260416667,521.428588867188,2757.96907552083,0,0,3857.58170572917,2238.79036458333,2047.63850911458,0,0,0,0,0,1955.35709635417,0,1536.03043619792,0,627.956990559896,0,655.426961263021,1303.5712890625,0,3262.94029744466,0,608.333312988281,139665.828125,3463.62060546875
"NGA",3,1,"LSMS-ISA2015",2015,1,23,2316,140,1,230105,6,0,1000,0,0,0,0,2433.33333333333,0,4900,1961.78576660156,0,0,3041.66666666667,0,13904.76171875,0,8111.111328125,2000,0,1818.70056152344,0,0,0,0,0,0,0,0,4345.23795572917,0,0,8690.47591145833,0,3650,2607.14290364583,0,3389.28580729167,0,2172.61897786458,1738.09521484375,0,8690.47591145833,608.333333333333,4261.92415364583,0,0,7642.37825520833,4199.07096354167,3278.34342447917,0,0,0,0,0,0,0,0,1313.33601888021,0,6842.30598958333,0,0,0,0,0,0,102600.390625,3463.62060546875
"NGA",3,1,"LSMS-ISA2015",2015,1,23,2316,140,1,230106,12,0,2000,0,0,0,608.333333333333,0,0,1566.66666666667,354.960327148438,0,0,3041.66666666667,0,2172.61897786458,0,1216.66662597656,416.666656494141,0,1392.01257324219,0,0,0,0,0,3041.66666666667,0,0,1564.28574625651,0,0,5214.28580729167,3910.71419270833,2694.04760742188,0,0,2780.95239257813,5214.28580729167,695.238118489583,3019.94051106771,0,2172.61907958984,434.523803710938,2757.96907552083,0,6897.14615885417,6750.767578125,0,4523.53759765625,0,0,0,0,0,0,0,8174.06119791667,0,0,0,0,0,0,1216.66662597656,0,0,73832.296875,3463.62060546875
"NGA",3,1,"LSMS-ISA2015",2015,1,23,2316,140,1,230108,7,260.714294433594,1714.28576660156,0,347.619035993304,0,521.428571428571,0,0,6071.42857142857,1366.83679199219,0,0,6952.38113839286,0,8938.77566964286,0,16685.71484375,1371.42858886719,1862.24483816964,4261.80029296875,0,0,0,0,0,0,744.89794921875,0,6070.91824776786,0,0,7448.97935267857,5214.28571428571,2383.67354910714,0,1340.81626674107,3277.55102539063,2979.591796875,0,2681.6327078683,5214.28571428571,16685.7147042411,521.428571428571,2363.97349330357,0,186.224487304688,6612.99720982143,3617.56696428571,2632.67829241071,0,0,0,0,0,2271.93875558036,0,2733.39327566964,533.190115792411,527.158586774554,0,1123.58907645089,0,0,252.520385742188,0,660.476196289063,128434.140625,3463.62060546875
"NGA",3,1,"LSMS-ISA2015",2015,1,23,2316,140,1,230109,4,0,1500,0,0,0,0,3650,0,3350,2677.6787109375,0,0,0,0,7821.4287109375,0,12166.6669921875,2500,0,7458.15087890625,0,0,0,0,0,0,2346.42846679688,0,1564.28576660156,0,0,7821.4287109375,4562.5,0,3910.71435546875,0,4562.5,9776.7861328125,521.428588867188,651.785705566406,0,0,651.785736083984,12785.7724609375,0,0,19105.9453125,6298.6064453125,8195.8583984375,0,0,0,0,0,0,0,0,0,0,0,0,0,0,0,0,0,123879.75,3463.62060546875
"NGA",3,1,"LSMS-ISA2015",2015,1,23,2316,140,1,230110,9,0,1333.33337402344,0,0,0,135.185180664063,0,0,7811.11111111111,536.428588867188,0,0,4731.48133680556,0,5503.96831597222,0,13518.5185546875,533.333312988281,695.238118489583,1731.62365722656,0,0,0,0,0,1448.41265190972,579.365071614583,0,5272.22224934896,0,0,4055.55555555556,2607.14279513889,811.111111111111,0,463.492078993056,1738.09526909722,0,695.238118489583,3128.57145182292,2896.82530381944,9385.71419270833,579.365071614583,1838.64605034722,0,1116.48480902778,5143.44227430556,0,2059.03385416667,0,0,0,0,0,1100.79361979167,0,2326.13582356771,0,115.873019748264,1095.04275173611,0,0,0,130.936509874132,0,473.148162841797,85590.8671875,3463.62060546875
"NGA",3,1,"LSMS-ISA2015",2015,1,23,2303,2348,0,230111,11,0,1090.90905761719,0,0,0,564.090909090909,1327.27272727273,0,6181.81818181818,1147.33764648438,0,0,16590.9090909091,0,5688.31178977273,0,11060.60546875,872.727294921875,0,2137.19653320313,0,0,0,0,0,0,1137.66237571023,0,7963.63636363636,0,0,0,4740.25958806818,4076.62340198864,2844.15589488636,0,3318.18181818182,3555.19495738636,1327.27272727273,3223.37664240057,0,3981.81818181818,94.8051979758523,7748.953125,0,0,9726.66335227273,0,0,0,0,0,0,0,0,0,0,0,0,0,0,0,0,0,0,0,100399.78125,6092.82373046875
"NGA",3,1,"LSMS-ISA2015",2015,1,23,2303,2348,0,230112,10,0,2400,0,0,0,243.333325195313,0,0,5620,1404.8095703125,0,0,6083.333203125,0,2346.428515625,0,19466.66796875,1164,0,31806.181640625,0,0,0,0,0,0,1042.85712890625,0,4432.1427734375,0,0,2607.1427734375,7300,1355.7142578125,1251.42861328125,260.714282226562,1460,2085.7142578125,1303.57138671875,2294.2857421875,0,38585.7138671875,573.571435546875,3309.562890625,0,0,5786.372265625,2532.296875,0,0,0,0,0,0,5944.285546875,0,5646.80405273437,0,410.414758300781,0,0,0,0,2620.69989013672,0,219,161557.0625,6092.82373046875
"NGA",3,1,"LSMS-ISA2015",2015,1,23,2303,2348,0,230113,1,0,12000,0,0,0,10950,0,0,19400,7808.09521484375,0,0,24333.333984375,0,0,0,48666.66796875,0,0,13528.5302734375,0,0,0,0,0,20857.142578125,0,0,15642.857421875,0,0,0,46928.5703125,6257.14306640625,6257.14306640625,7821.4287109375,1042.85717773438,0,3128.57153320313,5214.28564453125,0,95942.85546875,2607.14282226563,8523.8486328125,0,0,30569.513671875,0,1478.48107910156,0,0,0,0,0,0,0,4108.85693359375,0,7888.70947265625,0,0,0,0,0,0,0,400956.03125,6092.82373046875
"NGA",3,1,"LSMS-ISA2015",2015,1,23,2303,2348,0,230114,8,0,1500,0,0,0,912.5,1825,0,2150,1995.92260742188,0,0,1216.66662597656,0,3910.71435546875,1520.83337402344,9125,1000,0,1464.65893554688,0,0,0,0,0,0,1042.85717773438,0,1564.28576660156,0,0,1955.35717773438,1303.57141113281,977.678588867188,2607.14288330078,0,4953.57147216797,4888.39306640625,456.25,651.785705566406,0,1825,521.428573608398,7458.36767578125,0,0,11463.5673828125,0,0,0,0,0,0,0,0,0,0,0,0,0,0,0,0,0,0,0,68290.546875,6092.82373046875
"NGA",3,1,"LSMS-ISA2015",2015,1,23,2303,2348,0,230115,11,0,1090.90905761719,0,0,0,553.030317826705,0,0,4345.45454545455,771.471862792969,0,0,4424.24254261364,0,2749.35067471591,0,9954.5458984375,763.636352539063,0,2934.64892578125,0,0,0,0,0,0,1422.07794744318,0,5783.11683238636,0,0,4740.25958806818,3792.20774147727,948.051935369318,0,1185.06489701705,1753.89612926136,2844.15589488636,568.831187855114,2322.72727272727,0,14931.8175603693,331.818181818182,2507.24449573864,0,913.487571022727,4208.27095170455,4070.52734375,2233.78746448864,0,0,0,0,0,0,0,7730.87739701705,0,1067.22407670455,0,0,0,0,160.694790926847,0,0,91103.4296875,6092.82373046875
"NGA",3,1,"LSMS-ISA2015",2015,1,23,2303,2348,0,230116,6,0,4000,0,0,0,811.111083984375,0,0,2866.66666666667,578.015869140625,0,0,14194.4440104167,0,0,0,8111.111328125,6183.33349609375,0,1430.61218261719,0,2607.14290364583,0,0,0,13035.71484375,0,0,3215.47623697917,0,0,8690.47591145833,3910.71419270833,3997.61897786458,0,0,3389.28576660156,3823.8095703125,347.619059244792,6083.33333333333,0,32850,955.952412923177,0,0,0,11572.7447916667,0,1089.05965169271,0,0,0,0,0,0,0,4747.17268880208,0,0,0,0,0,0,0,0,0,138491.40625,6092.82373046875
"NGA",3,1,"LSMS-ISA2015",2015,1,23,2303,2348,0,230117,10,0,1800,0,0,608.333349609375,0,0,0,4000,1613.57153320313,0,0,2433.3333984375,0,1564.2857421875,0,4866.6669921875,2433.33349609375,0,17568.005859375,0,0,0,0,0,0,1296.07227257359,0,1110.91903576604,0,0,0,18515.3188755829,0,5554.59527648645,0,617.177261566569,0,1234.35452313314,0,0,17280.9636343146,308.588630783284,5044.53131867248,0,1685.84663771873,12664.022293127,0,7760.67564854666,0,0,0,0,0,0,1296.07215188971,0,1470.13002665475,1516.30896877827,2333.02116890764,0,0,0,0,0,608.333374023438,117184.46875,6092.82373046875
"NGA",3,1,"LSMS-ISA2015",2015,1,23,2303,2348,0,230118,8,0,3000,0,0,0,456.25,0,0,3250,684.523803710938,0,0,12166.6669921875,0,0,0,9125,6383.33349609375,0,4035.14233398438,0,0,0,0,0,0,2607.14282226563,0,325.892852783203,0,0,3910.71435546875,7039.28588867188,0,912.5,651.785705566406,2998.21435546875,0,651.785705566406,2672.32141113281,0,14404.4641113281,0,2757.96923828125,0,7536.27294921875,7232.96533203125,17125.67578125,0,0,0,0,0,0,0,0,5165.40185546875,0,293.303558349609,0,0,0,0,1840.20825958252,0,0,117226.8203125,6092.82373046875
"NGA",3,1,"LSMS-ISA2015",2015,1,23,2303,2348,0,230119,8,0,1500,0,0,0,2585.41674804688,1825,0,10250,2281.755859375,0,0,9125,0,6517.85693359375,2281.25,18250,16458.33203125,0,1464.65893554688,0,0,0,0,0,0,521.428588867188,0,9646.4287109375,0,0,0,4562.5,2737.5,4692.85723876953,0,4301.78564453125,2867.85717773438,1629.46423339844,4041.07141113281,0,0,130.357147216797,7458.36767578125,0,0,28658.919921875,0,0,0,0,0,0,0,0,0,0,0,0,0,0,0,0,0,0,0,143787.8125,6092.82373046875
"NGA",3,1,"LSMS-ISA2015",2015,1,23,2303,2348,0,230120,7,0,3428.57153320313,0,0,0,590.952357700893,0,0,3000,331.632659912109,0,0,7821.42857142857,0,0,0,8690.4755859375,635.714294433594,0,1790.46704101563,0,0,0,0,4469.38783482143,7448.97935267857,2979.591796875,0,2234.69395228795,0,0,11173.4698660714,3724.48967633929,8342.85714285714,893.877580915179,0,3798.97966657366,7448.97935267857,744.89794921875,3798.97956194196,0,23911.2244698661,2681.63267299107,1575.982421875,0,0,0,0,0,0,0,0,0,0,0,0,5903.31640625,0,0,0,0,0,0,0,0,0,117420.5859375,6092.82373046875
"NGA",3,1,"LSMS-ISA2015",2015,6,24,2415,696,1,240001,3,0,2000,0,0,0,1216.66666666667,0,0,333.333333333333,869.047607421875,0,0,4055.5556640625,0,60833.3333333333,0,9733.3330078125,0,0,6000,0,0,0,1738.09521484375,0,0,0,0,5214.28580729167,0,0,26071.4296875,0,0,0,1738.09521484375,4345.23803710938,0,0,0,0,91249.9993489583,0,0,0,0,2669.40673828125,0,1838.966796875,0,0,0,0,0,0,7786.66658528646,4301.78580729167,0,0,0,869.047607421875,1390.47623697917,0,521.428588867188,0,6083.33349609375,240859.5,20463.4140625
"NGA",3,1,"LSMS-ISA2015",2015,6,24,2415,696,1,240002,7,0,857.142883300781,0,0,0,695.238071986607,0,434.523834228516,1428.57142857143,177.551025390625,0,0,0,0,4469.38783482143,0,6952.38134765625,0,0,6857.14306640625,0,0,0,0,0,0,0,0,5959.18359375,0,0,0,20857.1428571429,744.89794921875,0,0,2234.69384765625,0,0,744.89794921875,0,44321.4289202009,0,0,0,0,1716.04701450893,6764.73772321429,2174.00474330357,0,0,5135.55636160714,0,0,0,1986.39453125,1713.26534598214,0,382.737653459821,1167.08063616071,372.448974609375,0,0,0,0,6952.38134765625,125098.8203125,20463.4140625
"NGA",3,1,"LSMS-ISA2015",2015,6,24,2415,696,1,240003,6,1013.88891601563,2000,0,0,0,932.777750651042,2027.77783203125,506.944458007813,3166.66666666667,1491.86511230469,0,0,0,0,8690.47591145833,0,6083.33349609375,0,0,4000,0,0,0,0,5909.52408854167,1738.09521484375,6517.85709635417,0,3041.66666666667,0,0,4345.23795572917,5214.28580729167,869.047607421875,3215.47623697917,6257.14274088542,2607.14290364583,2172.61901855469,869.047607421875,1738.09521484375,0,19119.0475260417,0,0,0,0,0,0,0,0,0,1738.09521484375,0,0,0,0,0,0,288.082112630208,0,0,3331.34928385417,0,0,0,4461.111328125,103346.65625,20463.4140625
"NGA",3,1,"LSMS-ISA2015",2015,6,24,2415,696,1,240004,3,2027.77783203125,4800,0,0,0,0,0,1013.88891601563,0,2433.33325195313,0,0,0,0,0,0,6488.888671875,0,0,16000,0,0,0,0,0,3476.1904296875,12166.6666666667,0,3476.1904296875,0,0,8690.47591145833,8690.47591145833,0,3823.8095703125,3823.8095703125,6952.38102213542,0,0,3476.1904296875,0,6952.380859375,0,0,0,0,4004.10970052083,5954.58528645833,0,3823.8095703125,0,0,0,0,0,0,0,0,1152.32845052083,4084.78190104167,869.047607421875,6662.69856770833,0,0,0,16222.22265625,137066.0625,20463.4140625
"NGA",3,1,"LSMS-ISA2015",2015,6,24,2415,0,1,240005,7,1251.42858886719,2571.42846679688,0,0,0,347.619035993304,0,869.047668457031,1457.14285714286,0,869.047668457031,0,0,0,18622.4486607143,0,6952.38134765625,0,0,14571.4287109375,0,0,0,0,0,0,0,0,0,0,0,0,12033.6934386709,1604.49236156411,0,4011.23098556272,2005.61545790413,0,0,4011.23084605379,0,2406.73861606662,0,0,0,0,4964.7288508972,5496.87181557473,2341.3771003918,0,2427.85017282476,1604.49236156411,0,0,0,1604.49251693702,1805.05396601596,0,497.392644276746,8035.99070288425,2666.68428617079,2005.6154230269,0,48.1347723353311,0,14773.8095703125,121857.4765625,20463.4140625
"NGA",3,1,"LSMS-ISA2015",2015,6,24,2415,696,1,240006,4,0,3000,0,0,0,0,0,608.333312988281,0,0,0,0,2129.16674804688,0,9125,0,10341.6669921875,0,0,12000,0,0,0,0,0,0,8473.21435546875,0,5214.28564453125,0,0,6517.85693359375,2607.14282226563,1173.21423339844,2867.85717773438,1303.57141113281,4562.49993896484,0,0,2607.14282226563,0,24767.857421875,391.071441650391,0,0,0,3003.08227539063,0,0,0,0,0,0,0,6716.70751953125,625.714294433594,0,0,432.123168945313,3063.58642578125,0,3258.92846679688,0,0,0,12166.6669921875,126956.6875,20463.4140625
"NGA",3,1,"LSMS-ISA2015",2015,6,24,2415,696,1,240007,6,1520.83337402344,1200,0,0,0,3244.4443359375,0,0,0,2055.55541992188,0,0,0,0,32154.7630208333,0,12977.77734375,0,0,8000,0,0,0,0,0,0,3041.66666666667,0,5214.28580729167,0,0,0,6517.857421875,2085.71435546875,2085.71435546875,0,2607.14282226563,0,0,2694.04768880208,0,35717.8582356771,260.714294433594,0,0,0,4004.10970052083,0,1837.55354817708,0,0,0,0,0,0,0,0,0,864.246256510417,0,0,0,0,1997.810546875,0,8111.111328125,138193.21875,20463.4140625
"NGA",3,1,"LSMS-ISA2015",2015,6,27,2715,0,1,240008,5,0,0,0,0,0,3650,0,0,6800,608.333312988281,0,0,5840,0,26071.428125,0,14600,0,0,2403.16333007813,0,0,0,0,10011.42890625,6778.57109375,0,0,5214.285546875,0,0,0,20857.142578125,2085.7142578125,2294.2857421875,1564.2857421875,5996.428515625,1564.2857421875,625.714306640625,4171.428515625,0,33371.42890625,0,0,0,0,0,1678.6732421875,3199.18603515625,0,0,0,0,0,0,0,1376.57138671875,1503.7626953125,0,0,0,0,0,118062.447503662,0,1460,281788.5625,20463.4140625
"NGA",3,1,"LSMS-ISA2015",2015,6,24,2415,696,1,240009,1,0,6000,0,0,0,10341.6669921875,0,0,4500,8150,0,0,0,0,52142.85546875,0,36500,1500,0,24000,0,0,0,0,0,0,0,0,10428.5712890625,0,0,0,13035.7138671875,0,3128.57153320313,2607.14282226563,5214.28564453125,0,0,0,0,78214.287109375,1564.28576660156,0,0,0,11977.7119140625,0,3608.09985351563,0,0,0,0,0,50905.5703125,0,0,0,7427.52319335938,0,0,0,0,0,0,24333.333984375,355579.625,20463.4140625
"NGA",3,1,"LSMS-ISA2015",2015,6,24,2403,1588,1,240011,6,0,4000,0,0,0,1013.88891601563,0,1013.88891601563,3333.33333333333,3767.85717773438,0,0,5069.4443359375,0,0,0,15208.3330078125,5000,0,28448.287109375,0,0,0,0,0,0,0,0,6517.857421875,1738.09521484375,0,0,25202.3802083333,869.047607421875,2346.42858886719,5214.28580729167,3910.71427408854,0,0,869.047607421875,0,17380.9527994792,434.523803710938,0,0,0,4240.66373697917,0,5072.677734375,0,0,0,0,0,0,0,0,0,0,3476.1904296875,0,0,0,0,0,0,144127.90625,10979.408203125
"NGA",3,1,"LSMS-ISA2015",2015,6,24,2403,1588,1,240012,4,4562.5,1050,0,0,0,15208.3330078125,0,912.5,38400,12545.833984375,9125,0,15208.3330078125,0,65178.5703125,0,17337.5,70833.328125,0,30000,0,0,0,1735.84145059795,0,0,0,0,8679.2069806494,0,0,13886.7317268539,10415.0489477283,1041.50491449336,0,3471.68290119589,6943.36592446209,0,0,867.920725298973,0,21003.6813803325,7811.28671079622,0,0,0,16966.0912846359,0,2086.4970138343,42095.8913532672,0,7790.11787150099,0,0,0,0,2148.10385532923,0,3466.88782835012,3471.68290119589,0,7232.67237744929,0,867.920725298973,0,3345.83349609375,445689.90625,10979.408203125
"NGA",3,1,"LSMS-ISA2015",2015,6,24,2403,1588,1,240013,8,1216.66662597656,750,0,0,0,1520.83337402344,0,456.25,1875,3373.8095703125,0,0,4562.5,0,52142.85546875,0,11406.25,0,0,11250,0,0,0,0,4171.4287109375,0,4888.39282226563,3258.92846679688,3910.71435546875,0,17598.21484375,9776.7861328125,6517.85717773438,2085.71435546875,1564.28576660156,4562.49987792969,5540.17852783203,4171.42858886719,195.535720825195,4301.78558349609,0,216392.858520508,325.892852783203,0,0,0,0,0,0,0,0,1303.57141113281,0,0,0,0,0,0,0,0,0,0,0,0,0,13231.25,392351.5,10979.408203125
"NGA",3,1,"LSMS-ISA2015",2015,6,27,2703,0,1,240014,4,912.5,3000,0,0,0,3041.66674804688,0,0,4500,1042.85717773438,0,0,24333.333984375,0,19553.572265625,0,15208.3330078125,15208.3330078125,0,12000,0,0,0,0,0,7821.4287109375,0,0,2607.14282226563,0,0,9125,6517.85693359375,0,3258.92846679688,2607.14282226563,5214.28564453125,5214.28564453125,0,0,0,60616.0710449219,651.785736083984,0,0,0,2016.79943847656,0,2758.4501953125,0,0,0,0,0,0,3910.7138671875,0,0,0,0,0,0,0,0,0,13079.1669921875,224199.65625,10979.408203125
"NGA",3,1,"LSMS-ISA2015",2015,6,24,2403,0,1,240015,3,811.111083984375,4000,0,0,0,4055.5556640625,0,0,20966.6666666667,12921.8251953125,0,0,32444.4453125,0,17380.9518229167,0,16222.22265625,62833.33203125,0,20000,0,0,0,0,2259.52376302083,2085.71435546875,1390.47623697917,2085.71435546875,0,0,0,0,8690.47591145833,1042.85717773438,8690.47591145833,869.047607421875,3302.38094075521,6952.380859375,0,1738.09521484375,0,14252.3811848958,0,0,0,0,8043.94856770833,1039.88606770833,801.989013671875,0,0,0,0,0,0,0,1825,0,0,3904.11946614583,1155.49348958333,4526.28938802083,0,3103.74153645833,0,4055.5556640625,273451.65625,10979.408203125
"NGA",3,1,"LSMS-ISA2015",2015,6,24,2403,0,1,240016,6,1622.22216796875,1000,0,0,0,1013.88891601563,0,608.333312988281,23466.6666666667,13577.5791015625,4055.5556640625,0,40555.5546875,0,52142.859375,0,18250,16138.8876953125,0,15000,0,0,0,3476.1904296875,5561.90494791667,13904.7620442708,4171.42854817708,4345.23795572917,5214.28580729167,3476.1904296875,15642.8567708333,8690.47591145833,6083.33333333333,2172.61905924479,5388.09537760417,0,5648.80948893229,3910.71419270833,0,2954.76188151042,0,205095.24235026,869.047607421875,0,0,0,0,0,0,0,0,0,0,0,0,0,0,0,0,0,0,0,0,0,0,18250,502287.5,10979.408203125
"NGA",3,1,"LSMS-ISA2015",2015,6,24,2403,1588,1,240017,7,1738.09533691406,2057.14282226563,0,0,0,1390.47614397321,0,1216.66674804688,0,730,0,0,0,0,0,0,5735.71435546875,0,0,5733.7470703125,0,0,0,0,2087.64414717952,2609.5551839744,5964.69748350357,5219.11036794881,1863.96792873909,0,0,0,9692.6333406385,1491.17437087589,3131.46622076929,1491.17437087589,1863.96796361632,5666.46252546858,149.117444065181,0,0,3727.9359969871,1789.40927650923,0,0,0,0,2410.94440765899,0,0,0,0,0,0,0,0,0,0,0,0,490.844930260191,186.396778899418,0,0,0,608.333374023438,69046.6875,10979.408203125
"NGA",3,1,"LSMS-ISA2015",2015,6,27,2707,0,1,240018,1,0,0,0,0,0,10950,0,0,0,764.761901855469,0,0,0,0,26071.427734375,0,24333.333984375,0,0,36845.19921875,0,0,0,0,7821.4287109375,0,6257.14306640625,0,0,0,0,0,0,0,0,0,0,0,0,0,0,114714.28515625,7300,0,0,0,0,0,5516.900390625,0,0,0,0,0,73000,0,7300,0,25142.6003417969,0,0,0,0,0,0,0,346017.09375,10979.408203125
"NGA",3,1,"LSMS-ISA2015",2015,6,24,2403,1588,1,240019,4,1216.66662597656,4500,0,0,0,6083.33349609375,0,608.333312988281,8000,5055.9521484375,0,0,0,0,6517.85693359375,0,6083.33349609375,500,0,9087.6943359375,0,0,0,0,9776.7861328125,0,3910.71435546875,0,1825,0,0,0,5214.28564453125,260.714294433594,1564.28576660156,0,4562.49993896484,2607.14282226563,0,521.428588867188,0,40410.71484375,0,0,0,0,0,0,0,5214.28564453125,0,0,0,0,0,0,0,0,0,0,0,0,0,325.892852783203,0,0,123846.9296875,10979.408203125
"NGA",3,1,"LSMS-ISA2015",2015,6,24,2403,0,1,240020,2,2433.33325195313,3780,0,0,0,2737.5,0,1216.66662597656,15000,4341.66650390625,0,0,0,0,13035.7138671875,0,12166.6669921875,2750,0,18000,0,0,0,0,4171.4287109375,0,3910.71435546875,0,1303.57141113281,0,18250,0,0,3128.57135009766,5214.28564453125,1303.57141113281,3910.71423339844,2607.14282226563,7.28252172470093,4041.07141113281,0,11471.4284667969,2607.14282226563,0,0,0,8543.7900390625,8430.5048828125,3133.80908203125,10428.5712890625,0,0,0,0,0,0,0,0,625.714294433594,0,0,325.892822265625,0,4655.6123046875,0,44408.33203125,217940.703125,10979.408203125
"NGA",3,1,"LSMS-ISA2015",2015,6,24,2403,3592,1,240021,4,2433.33325195313,6000,0,0,0,2737.5,0,608.333312988281,6500,3185.41650390625,0,0,0,0,13035.7138671875,0,7300,250,0,11825.1513671875,0,0,0,0,0,12581.3528579775,0,0,4258.30409876784,0,0,0,9677.96360554139,1935.59271810329,8710.16714758042,1935.59271810329,7742.37087241314,2903.3891610393,0,2709.82993649224,0,16452.5384469279,0,0,0,0,3148.35014798589,0,1023.96312212111,0,0,0,0,0,0,0,0,0,1283.26605910951,0,0,0,0,774.237134504589,0,608.333312988281,129620.6953125,15937.8505859375
"NGA",3,1,"LSMS-ISA2015",2015,6,24,2403,3592,1,240022,2,2433.33325195313,9000,0,0,0,4258.33349609375,0,1216.66662597656,12000,1804.16662597656,0,0,0,0,39107.14453125,0,18250,1000,0,15000,0,0,0,0,4696.67748994938,17612.5402885041,0,0,6457.93139927737,0,0,0,17612.5402885041,5870.84686243672,7045.01623492406,8806.26990011143,14677.1164637421,0,0,3522.50811746203,0,38160.5034506867,880.627029365508,0,0,0,0,0,0,0,0,0,0,0,0,0,0,0,0,5870.84656363067,0,0,0,0,0,15208.3330078125,250491.390625,15937.8505859375
"NGA",3,1,"LSMS-ISA2015",2015,6,24,2403,3592,1,240024,1,4866.66650390625,8400,0,0,0,9125,0,2433.33325195313,6400,4533.3330078125,0,0,0,0,36500,0,48666.66796875,2000,0,432000,0,0,0,0,7821.4287109375,0,0,0,13035.7138671875,0,0,0,20857.142578125,6257.14306640625,3128.57153320313,0,10428.5712890625,10428.5712890625,0,5214.28564453125,0,70392.8562011719,0,0,0,0,0,0,6267.6181640625,0,0,0,0,0,0,0,0,0,1037.09558105469,0,0,0,0,26.0714282989502,0,30416.666015625,740236.75,15937.8505859375
"NGA",3,1,"LSMS-ISA2015",2015,6,24,2403,3592,1,240027,6,486.666656494141,1000,0,0,0,4866.66666666667,0,304.166656494141,4000,1035.91271972656,0,0,0,0,0,0,4461.111328125,0,0,20000,0,0,0,0,0,6083.33333333333,0,0,1911.90478515625,0,0,0,6083.33317057292,347.619059244792,0,2780.95243326823,5214.28564453125,1303.57145182292,0,695.238118489583,0,13035.71484375,782.142883300781,0,0,0,1413.5546875,0,1268.16943359375,0,0,0,0,0,0,0,2150.89290364583,0,0,0,2145.46142578125,0,0,0,0,20683.333984375,102054.0390625,15937.8505859375
"NGA",3,1,"LSMS-ISA2015",2015,6,27,2703,0,1,240028,4,1520.83337402344,3000,0,0,0,3041.66674804688,0,0,1500,1651.19055175781,0,0,3041.66674804688,0,65178.5703125,0,24333.333984375,0,0,9000,0,0,0,0,0,14991.0712890625,9125,0,3910.71435546875,0,0,0,15642.857421875,0,2867.85717773438,5214.28576660156,4562.5,2607.14282226563,0,0,0,106241.071533203,651.785705566406,0,0,0,2016.79943847656,0,546.802368164063,0,0,0,0,0,4103.04443359375,3910.7138671875,1433.92858886719,1879.70336914063,782.142883300781,0,309.507171630859,6517.857421875,0,83.298210144043,0,0,299665.34375,15937.8505859375
"NGA",3,1,"LSMS-ISA2015",2015,6,24,2403,3592,1,240030,2,0,12000,0,0,0,4866.66650390625,0,1216.66662597656,2000,7500,0,0,0,0,0,0,24333.333984375,2000,0,23650.302734375,0,0,0,0,11732.142578125,10428.5712890625,7821.4287109375,0,20857.142578125,0,0,39107.14453125,0,0,5735.71435546875,5214.28564453125,7821.42846679688,7821.4287109375,0,0,0,67785.71484375,1303.57141113281,0,0,0,0,0,0,0,0,0,0,0,0,0,0,0,0,0,0,0,0,0,0,0,263195.5625,15937.8505859375
"NGA",3,1,"LSMS-ISA2015",2015,6,24,2403,674,1,240031,4,912.5,0,0,0,0,2433.33325195313,0,760.416687011719,2250,1287.5,0,0,0,0,22160.71484375,0,7300,900,0,3000,0,0,0,0,0,0,0,0,2607.14282226563,0,0,0,0,1173.21423339844,1564.28576660156,0,3258.92852783203,0,0,0,0,26723.21484375,0,0,0,0,3003.08227539063,0,1911.7109375,0,0,0,0,0,13433.4150390625,0,0,0,648.184692382813,1831.96276855469,0,0,0,195.535720825195,0,3041.66674804688,100396.8046875,17044.646484375
"NGA",3,1,"LSMS-ISA2015",2015,6,24,2403,674,1,240032,6,0,2000,0,0,0,3041.66666666667,0,1013.88891601563,0,66.6666641235352,0,0,0,0,0,0,5069.44482421875,0,0,10000,0,0,0,0,0,6952.380859375,0,0,9211.90450032552,4345.23795572917,13035.71484375,0,1738.09521484375,7821.4287109375,2085.71435546875,869.047607421875,2607.14282226563,0,869.047607421875,1303.57145182292,0,13904.7624511719,0,0,0,0,1334.70336914063,0,3657.87272135417,3823.8095703125,0,0,0,0,0,0,1042.85717773438,0,0,1345.08976236979,0,0,0,858.777079264323,0,6083.33349609375,104082.15625,17044.646484375
"NGA",3,1,"LSMS-ISA2015",2015,6,24,2403,674,1,240033,4,4562.5,9000,0,0,0,2585.41674804688,0,1520.83337402344,750,4562.5,0,0,0,0,13035.7138671875,0,3041.66674804688,0,0,11625.8984375,0,0,0,0,8864.2861328125,2607.14282226563,9776.78564453125,0,3258.92846679688,0,0,6517.85693359375,0,0,651.785705566406,0,3910.71429443359,5214.28564453125,0,3258.92846679688,0,0,0,0,0,0,0,0,0,0,0,0,0,0,0,0,3128.57153320313,0,0,0,651.785705566406,4997.02392578125,0,0,0,0,103522.6171875,17044.646484375
"NGA",3,1,"LSMS-ISA2015",2015,6,24,2403,674,1,240035,3,0,12000,12977.77734375,0,0,0,0,3041.66674804688,0,1938.88879394531,0,0,30416.6666666667,0,17380.9518229167,20277.77734375,26361.109375,4666.66650390625,0,79345.8125,0,0,0,0,0,0,0,0,4345.23803710938,0,0,17380.9518229167,0,0,0,0,3476.1904296875,0,0,0,0,0,0,0,0,0,1334.70336914063,10535.2379557292,0,0,0,0,0,0,10941.4518229167,625.714274088542,2085.71435546875,5835.341796875,0,1221.30851236979,0,6083.33317057292,0,130.357147216797,0,0,272402.875,17044.646484375
"NGA",3,1,"LSMS-ISA2015",2015,6,24,2403,674,1,240036,5,365,1200,0,0,0,2920,0,608.333374023438,1880,1313.33325195313,0,0,5110,0,12514.2859375,0,8760,1120,0,6000,0,0,0,0,0,0,6778.571484375,0,4171.428515625,0,0,0,2085.7142578125,938.57138671875,2294.2857421875,1042.85712890625,3649.99995117188,0,0,1668.571484375,0,19918.5720703125,312.857153320312,0,0,0,2402.4658203125,0,0,0,0,0,0,0,5373.366015625,500.571435546875,0,0,345.69853515625,2450.869140625,0,2607.1427734375,0,0,0,6083.3330078125,104415.828125,17044.646484375
"NGA",3,1,"LSMS-ISA2015",2015,6,24,2403,674,1,240038,3,1216.66662597656,6000,0,0,0,3244.4443359375,0,2027.77783203125,0,1523.8095703125,6083.33349609375,0,8111.111328125,0,3476.1904296875,0,3244.4443359375,2000,0,10634.703125,0,0,0,0,0,0,0,0,3476.1904296875,0,0,0,0,2085.71435546875,3823.8095703125,0,869.047607421875,0,0,1390.47623697917,0,3476.1904296875,521.428588867188,0,0,0,6673.51627604167,21020.9576822917,0,7647.619140625,0,13904.76171875,0,0,16060,0,0,0,2593.60725911458,1361.59407552083,0,5431.54720052083,0,0,0,0,137898.9375,17044.646484375
"NGA",3,1,"LSMS-ISA2015",2015,6,24,2403,674,1,240039,2,0,12000,0,0,0,2190,0,1216.66662597656,0,3016.66650390625,0,0,0,0,0,0,12166.6669921875,0,0,35000,0,0,0,0,15642.857421875,5214.28564453125,10428.5712890625,0,10428.5712890625,0,0,13035.7138671875,13035.7138671875,0,6257.14306640625,8342.85717773438,6517.85717773438,0,0,7821.42846679688,0,31285.7138671875,782.142883300781,0,0,0,0,0,0,0,0,5214.28564453125,0,0,0,0,0,0,864.246337890625,0,0,0,0,0,0,32442.416015625,232903.828125,17044.646484375
"NGA",3,1,"LSMS-ISA2015",2015,6,24,2403,674,1,240040,5,0,4800,7786.66640625,0,0,486.666650390625,0,1216.66674804688,3800,1843.09533691406,0,0,17033.3328125,0,20857.1421875,0,21900,14600,0,25963.595703125,0,0,0,0,0,0,3650,0,0,4171.428515625,15642.8578125,0,0,3754.285546875,2502.8572265625,0,2085.7142578125,1772.8572265625,0,0,0,36499.99921875,312.857153320312,0,0,0,2402.4658203125,3572.751171875,0,2294.2857421875,6257.1421875,0,0,0,0,2780.95234375,1329.64287109375,2361.551171875,691.3970703125,0,109.543811035156,8342.85703125,0,0,0,0,220822.609375,17044.646484375
"NGA",3,1,"LSMS-ISA2015",2015,6,24,2401,766,1,240041,4,2433.33325195313,2400,0,0,0,3041.66674804688,0,1216.66662597656,2250,2050,0,0,6083.33349609375,0,0,0,6083.33349609375,0,0,18000,0,0,0,0,0,26071.427734375,3910.71435546875,0,9776.7861328125,0,0,0,5214.28564453125,10428.5715332031,4823.21423339844,0,9907.142578125,3910.71435546875,651.785705566406,4432.14282226563,0,48232.1427001953,0,0,0,0,4240.6640625,0,0,0,0,0,0,0,0,0,0,0,1303.5712890625,0,0,0,0,0.782142877578735,0,0,176462.265625,22037.521484375
"NGA",3,1,"LSMS-ISA2015",2015,6,24,2401,0,1,240042,7,1112.38098144531,5142.85693359375,0,0,0,0,0,2172.61889648438,18571.4285714286,1173.8095703125,0,0,2085.71428571429,10428.5714285714,7448.97935267857,0,8690.4765625,0,0,51428.5703125,0,0,0,0,0,0,0,0,3277.55106026786,5959.18359375,0,0,18622.4483816964,8193.87737165179,0,10428.5712890625,2979.59186662946,0,0,0,0,37244.8984375,0,0,0,0,2441.08286830357,2964.46735491071,0,2154.98995535714,0,0,0,0,0,0,893.877580915179,0,595.918387276786,3174.92354910714,1838.96693638393,2253.3163016183,0,5320.69977678571,0,5561.90478515625,222161.6875,22037.521484375
"NGA",3,1,"LSMS-ISA2015",2015,6,27,2707,0,1,240043,5,730,4800,0,0,0,2920,0,0,3020,730,0,0,0,0,10428.57109375,0,8516.6669921875,0,0,5312.2421875,0,0,0,0,6257.14296875,4171.428515625,0,0,4171.428515625,0,0,0,6257.14296875,0,0,1042.85712890625,3128.57138671875,1564.2857421875,0,3128.571484375,0,30764.2859375,0,0,0,0,0,0,2351.084375,0,0,0,8342.85703125,0,0,0,2502.85712890625,0,0,0,247.605737304687,0,0,483.781439208984,0,0,110871.390625,22037.521484375
"NGA",3,1,"LSMS-ISA2015",2015,6,24,2401,766,1,240044,6,1135.55554199219,1800,0,0,0,1013.88891601563,0,871.944396972656,2833.33333333333,670.833312988281,0,0,0,0,30416.6666666667,0,7097.22216796875,500,0,12666.6669921875,0,0,0,0,3910.71419270833,0,869.047607421875,0,2172.61897786458,0,0,0,6517.857421875,869.047607421875,2085.71435546875,434.523803710938,2520.23811848958,0,86.9047648111979,2520.23811848958,0,8082.14265950521,869.047607421875,0,0,0,0,0,3133.80924479167,0,2357.763671875,0,0,0,0,0,1042.85717773438,0,0,0,0,0,0,434.523803710938,0,0,96913.1484375,22037.521484375
"NGA",3,1,"LSMS-ISA2015",2015,6,24,2401,766,1,240045,5,486.666656494141,4800,0,0,0,1703.3333984375,0,973.333312988281,6000,1929.76196289063,0,0,3650,0,41714.284375,0,29200,800,0,8600,0,0,0,0,7821.42890625,21899.999609375,0,36500,1042.85712890625,0,7821.42890625,2085.7142578125,5214.285546875,625.714306640625,0,3128.57138671875,6257.14287109375,8342.85703125,0,0,0,47971.4282226563,0,0,0,0,0,0,0,0,0,0,0,0,0,0,5162.14296875,0,518.54775390625,0,10.9543815612793,1489.79599609375,0,521.428564453125,0,1216.66674804688,257488.328125,22037.521484375
"NGA",3,1,"LSMS-ISA2015",2015,6,24,2401,766,1,240047,2,0,5280,0,0,0,4562.5,0,1216.66662597656,7000,708.333312988281,0,0,0,0,26071.427734375,0,13991.6669921875,3000,0,36000,0,0,0,0,0,0,0,0,3189.24769078457,0,0,0,15946.2382527976,0,0,7973.11937053944,6378.49538156914,0,0,318.924786662414,0,1594.62384539229,0,0,0,0,10374.9805951619,3380.05770708807,1672.93140844692,0,0,0,0,0,0,0,3827.09741844126,0,634.325565660823,6378.49538156914,0,0,0,1594.62384539229,0,36500,197593.75,22037.521484375
"NGA",3,1,"LSMS-ISA2015",2015,6,24,2401,766,1,240048,3,0,3200,0,0,0,6083.33333333333,0,1541.11120605469,0,753.174621582031,0,0,0,0,8690.47591145833,0,2433.33325195313,0,0,15766.8681640625,0,0,0,2607.14290364583,0,0,0,0,3823.8095703125,0,0,0,7821.4287109375,3476.1904296875,0,5214.28564453125,7821.42846679688,2780.95247395833,0,6083.33333333333,0,13904.76171875,0,0,0,0,5654.21875,5954.58528645833,2536.3388671875,2886.97623697917,0,0,0,0,0,0,2085.71435546875,0,0,0,0,0,0,2172.61897786458,0,6083.33349609375,119375.40625,22037.521484375
"NGA",3,1,"LSMS-ISA2015",2015,6,24,2410,0,1,240049,4,0,3000,7604.16650390625,0,0,0,0,1520.83337402344,1000,250,0,0,0,0,32589.28515625,0,27375,0,0,37500,0,0,0,0,0,0,3910.71435546875,0,7039.28564453125,0,18250,15642.857421875,0,2607.14282226563,2867.85717773438,1303.57141113281,7169.64282226563,10428.5712890625,0,0,0,24767.8571777344,0,0,0,0,8543.7900390625,0,0,0,0,0,0,0,0,0,0,0,0,0,0,0,0,0,0,0,213370.5625,22037.521484375
"NGA",3,1,"LSMS-ISA2015",2015,6,24,2401,766,1,240050,2,0,3000,0,0,0,0,0,608.333312988281,5500,7978.5712890625,0,0,0,0,52142.85546875,0,21291.66796875,200,0,50,0,0,0,0,11732.142578125,31285.71484375,7821.4287109375,0,5214.28564453125,0,0,0,14339.2861328125,0,6257.14306640625,0,16946.4284667969,7821.4287109375,0,0,0,13035.7143554688,0,0,0,0,0,0,0,0,0,0,0,0,0,0,0,0,0,0,0,0,0,0,0,60833.33203125,266058.34375,22037.521484375
"NGA",3,1,"LSMS-ISA2015",2015,6,24,2403,7586,1,240051,5,2.43333339691162,840,0,0,0,3893.333203125,0,730,2160,1451.90478515625,0,0,6083.333203125,0,31285.715625,0,14113.333984375,0,0,7200,0,0,0,0,7821.42890625,5214.285546875,7300,0,8342.85703125,3128.571484375,18771.428125,15642.8578125,5214.285546875,4067.14296875,4588.571484375,2085.7142578125,8342.85712890625,8864.2859375,1042.85712890625,7300,0,43174.2859375,625.714306640625,0,0,0,0,0,0,0,0,0,0,0,0,0,0,0,0,0,0,0,0,0,0,9976.666015625,229263.875,20856.94140625
"NGA",3,1,"LSMS-ISA2015",2015,6,24,2403,7586,1,240052,2,4866.66650390625,1800,0,0,0,10950,0,1216.66662597656,500,5716.66650390625,0,0,30416.666015625,0,13035.7138671875,0,60833.33203125,0,0,23650.302734375,0,0,0,0,0,7821.4287109375,7821.4287109375,6257.14306640625,3650,5214.28564453125,41714.28515625,0,0,21378.5717773438,6517.85717773438,0,15382.1427612305,7821.4287109375,521.428588867188,8864.28564453125,0,52142.8566894531,1303.57141113281,0,0,0,12721.9912109375,0,0,0,0,0,0,0,0,0,0,0,0,0,0,0,0,0,0,12166.6669921875,364285.40625,20856.94140625
"NGA",3,1,"LSMS-ISA2015",2015,6,24,2403,7586,1,240053,5,0,3600,0,0,0,2433.3333984375,0,1216.66674804688,11000,2261.42846679688,0,0,1216.66669921875,0,10428.57109375,0,9733.333984375,800,0,15600,0,0,0,0,0,5214.285546875,0,0,521.428564453125,4171.428515625,0,0,5214.285546875,2085.7142578125,0,1042.85712890625,2085.7142578125,1564.2857421875,0,1042.85712890625,0,7404.2857421875,1042.85712890625,0,0,0,8481.328125,3572.751171875,1767.5990234375,2085.7142578125,0,0,0,0,0,782.14287109375,2581.071484375,0,0,0,21.9087631225586,0,0,5.21428565979004,0,10950,119927.7265625,20856.94140625
"NGA",3,1,"LSMS-ISA2015",2015,6,24,2403,7586,1,240055,6,0,3000,0,0,0,1622.22216796875,0,0,1966.66666666667,500,0,0,0,0,4345.23795572917,0,2027.77783203125,0,0,25000,0,0,0,0,1789.17454540834,0,4771.13198050215,5963.91487018762,3578.34909081669,1192.78299512554,0,0,5963.91487018762,2981.95751647402,4174.74058377914,5963.91499225793,5963.91495156783,1789.17454540834,0,2027.73109744545,0,0,1431.33959156756,0,0,0,0,0,0,0,0,0,0,0,0,0,0,0,0,0,0,0,0,0,0,25347.220703125,111401.171875,20856.94140625
"NGA",3,1,"LSMS-ISA2015",2015,6,24,2403,7586,1,240056,4,973.333312988281,9000,0,0,0,2129.16674804688,0,760.416687011719,7900,1004.16662597656,0,0,0,0,7821.4287109375,0,7604.1669921875,50000,0,2750,0,0,0,5990.05561580794,0,8985.08371205244,0,0,6589.06135039305,0,0,0,17970.1674241049,11980.1113536862,0,14975.1388732496,20965.1949436683,4492.54185602622,0,6589.06135039305,0,5990.05561580794,2396.0222480067,0,0,0,7307.37036764121,9684.77692470152,3600.05021496586,0,0,0,0,0,15432.0087830409,0,7412.69409127731,7701.49993495003,0,0,0,0,0,0,0,29504.16796875,277507.75,20856.94140625
"NGA",3,1,"LSMS-ISA2015",2015,6,24,2403,7586,1,240057,5,0,4800,7300,0,4866.666796875,1216.66669921875,0,1216.66674804688,176400,12203.8095703125,7300,0,60833.33125,36500,52142.85625,0,80300,48666.6640625,0,30109.25390625,0,0,0,0,0,0,0,0,2374.79147868826,0,0,14248.748676817,0,0,0,0,4155.88515854917,0,0,0,0,15436.1444697842,0,0,0,0,1931.36578294912,0,0,2374.79147868826,0,0,0,0,0,1187.39573934413,2938.80455951953,0,236.167131049604,3562.18731568864,24.9452885750525,74.212226917474,0,5.93697870509925,0,0,572407.3125,20856.94140625
"NGA",3,1,"LSMS-ISA2015",2015,6,24,2403,7586,1,240058,5,0,1200,0,0,0,1825,0,486.666656494141,1560,1658.33337402344,0,0,0,0,5214.285546875,0,4866.6669921875,400,0,20400,0,0,0,0,4692.85703125,0,1564.2857421875,0,2607.1427734375,0,0,0,3128.571484375,834.2857421875,1251.42861328125,0,2607.14282226563,3128.571484375,0,730,0,3650.00004882812,0,0,0,0,0,0,1767.5990234375,0,0,0,0,0,0,0,0,0,207.419116210937,0,0,0,0,5214.285546875,0,19466.66796875,88461.21875,20856.94140625
"NGA",3,1,"LSMS-ISA2015",2015,6,24,2403,7586,1,240059,9,540.74072265625,933.333312988281,0,0,0,1351.85188802083,0,135.185180664063,222.222222222222,2388.09521484375,0,0,310.925916883681,0,5793.65060763889,0,5407.40771484375,444.444458007813,0,5333.33349609375,0,0,0,0,3478.10816199864,0,1739.05408099932,0,0,0,2318.73870224096,0,2492.64415376321,231.873881087816,985.463981043569,0,2318.73874293107,1275.30631882369,115.936940543908,0,0,608.668917502324,0,0,0,0,0,0,0,0,0,0,0,0,0,0,0,0,0,0,0,0,0,289.84233778012,0,8111.111328125,46826.6796875,20856.94140625
"NGA",3,1,"LSMS-ISA2015",2015,6,24,2403,7586,1,240060,4,3.04166674613953,2400,0,0,0,3041.66674804688,0,608.333312988281,1750,1704.16662597656,0,0,24333.333984375,0,32589.28515625,0,7604.1669921875,250,0,28501.103515625,0,0,0,0,17598.21484375,28678.5712890625,10428.5712890625,0,3910.71435546875,2607.14282226563,0,0,19553.572265625,4301.78564453125,3258.92846679688,1955.35717773438,11080.3571777344,7821.4287109375,78.2142868041992,1303.57141113281,0,46928.572265625,651.785705566406,0,0,0,0,0,0,0,0,0,0,0,0,0,0,0,0,0,0,0,0,0,0,3041.66674804688,265983.5625,20856.94140625
"NGA",3,1,"LSMS-ISA2015",2015,6,24,2420,402,1,240061,2,4866.66650390625,7200,15208.3330078125,0,0,3041.66674804688,0,1825,3400,2500,0,0,0,0,0,0,12166.6669921875,0,0,40475.0078125,0,0,0,0,7821.4287109375,10428.5712890625,0,0,7821.4287109375,7821.4287109375,0,39107.14453125,31285.71484375,2607.14282226563,6517.85717773438,5214.28564453125,13035.7142333984,0,0,7821.42846679688,0,15642.857421875,1303.57141113281,0,0,0,0,0,0,0,0,0,0,0,0,0,0,0,0,0,0,0,0,0,0,12166.6669921875,259278.609375,23242.69921875
"NGA",3,1,"LSMS-ISA2015",2015,6,24,2420,402,1,240062,1,3650,12000,0,0,0,6083.33349609375,0,3650,2000,5600,0,0,0,0,26071.427734375,0,24333.333984375,1000,0,48000,0,0,0,0,7821.4287109375,0,0,0,23464.28515625,0,0,41714.28515625,0,10428.5712890625,6257.14306640625,0,7821.42846679688,7821.4287109375,0,5214.28564453125,0,458857.140625,1564.28576660156,0,0,0,0,0,0,0,0,0,0,0,0,0,0,0,0,0,0,0,0,0,0,53533.3359375,756885.6875,23242.69921875
"NGA",3,1,"LSMS-ISA2015",2015,6,24,2403,0,1,240064,5,1216.66674804688,1440,0,0,0,6083.333203125,0,486.666656494141,2800,4868.5712890625,0,0,7300,0,26071.428125,0,24333.33203125,4200,0,7270.1552734375,0,0,0,0,10950,5214.285546875,3128.571484375,0,0,0,15642.8578125,0,10428.57109375,1042.85712890625,2607.1427734375,0,3649.99995117188,3128.571484375,0,1042.85712890625,0,0,730,0,0,0,0,0,0,0,6421.80390625,2085.7142578125,0,0,0,0,0,0,0,0,0,0,0,0,0,0,152143.375,23242.69921875
"NGA",3,1,"LSMS-ISA2015",2015,6,24,2420,402,1,240065,6,811.111083984375,1000,0,0,0,0,0,811.111083984375,2466.66666666667,486.90478515625,0,0,1013.88891601563,0,1738.09521484375,0,2636.11108398438,0,0,7883.43408203125,0,0,0,0,2780.95247395833,6952.380859375,3476.1904296875,0,3823.8095703125,0,0,0,4779.76188151042,1564.28572591146,3041.66658528646,3476.1904296875,5996.42862955729,1303.57145182292,0,1216.66666666667,0,13035.7138671875,869.047648111979,0,0,0,0,0,0,0,0,0,0,0,0,0,0,0,0,0,0,0,0,0,0,405.555541992188,71569.546875,23242.69921875
"NGA",3,1,"LSMS-ISA2015",2015,6,24,2420,402,1,240066,2,0,8160,0,0,0,4562.5,0,1581.66662597656,0,5000,0,0,0,0,39107.14453125,0,10950,0,0,27080.345703125,0,0,0,0,4171.4287109375,0,9125,0,5735.71435546875,0,0,9125,10428.5712890625,2607.14282226563,4953.57153320313,7821.4287109375,14339.2856445313,0,521.428588867188,0,0,15642.857421875,1303.57141113281,0,0,0,0,0,0,0,0,0,0,0,0,0,0,0,3910.71435546875,0,0,0,0,0,0,39541.66796875,225669.03125,23242.69921875
"NGA",3,1,"LSMS-ISA2015",2015,6,24,2420,402,1,240067,5,3406.66674804688,1680,0,0,14600,1460,29204.865625,730,18000,8928.333984375,2433.33349609375,0,9733.33359375,0,20857.1421875,0,25550,4000,0,15600,0,0,0,4171.428515625,0,0,0,5214.285546875,4588.571484375,2085.7142578125,10428.57109375,0,0,1042.85712890625,0,5214.2857421875,4171.428515625,0,0,4171.42856445312,0,110021.425195313,1042.85712890625,0,256.5759765625,0,8481.328125,0,505.02822265625,0,0,0,0,0,0,0,664.821435546875,0,207.419116210937,4171.428515625,21.9087631225586,65.178564453125,0,10.4285713195801,0,17520,340240.65625,23242.69921875
"NGA",3,1,"LSMS-ISA2015",2015,6,24,2420,402,1,240068,6,811.111083984375,600,0,0,0,324.44443766276,0,405.555541992188,0,1144.44445800781,0,0,0,0,13035.71484375,0,4461.111328125,0,0,6000,0,0,0,0,3062.50378920358,5404.41828971672,0,0,3963.24006720796,0,0,0,7205.89100848591,900.736355715687,0,4053.31355452713,5404.41816764641,1351.10457242918,180.147279189436,1621.32551499799,0,18465.0958823442,450.368177857844,0,0,0,0,0,1696.6668912438,0,0,0,0,0,0,0,2229.32255631508,0,0,0,0,0,0,0,0,6286.111328125,89057.046875,23242.69921875
"NGA",3,1,"LSMS-ISA2015",2015,6,24,2420,402,1,240070,2,0,4200,0,0,0,4866.66650390625,0,2433.33325195313,2500,4000,0,0,0,0,0,0,5475,0,0,15952.0546875,0,0,0,2607.14282226563,36500,0,0,10428.5712890625,5735.71435546875,5214.28564453125,0,0,26071.427734375,1042.85717773438,5214.28564453125,5214.28576660156,10428.5712890625,0,0,1303.57141113281,0,26071.427734375,3650,0,0,0,0,0,3133.80908203125,0,0,0,0,0,0,0,3128.57153320313,0,1728.49267578125,10428.5712890625,0,0,0,0,0,0,197328.65625,23242.69921875
"NGA",3,1,"LSMS-ISA2015",2015,6,24,2418,1770,1,240071,3,1216.66662597656,600,0,0,0,3244.4443359375,0,0,1800,74176.2734375,0,0,8111.111328125,0,34761.9036458333,0,32444.4453125,233.33332824707,0,7843.048828125,0,0,0,0,0,0,3476.1904296875,0,6952.380859375,0,0,0,8690.47591145833,0,0,0,2607.14282226563,0,0,0,0,130357.143229167,521.428588867188,0,0,0,0,0,0,0,0,0,0,0,0,0,1112.38094075521,0,1729.36100260417,0,869.047607421875,869.047526041667,0,0,0,0,321615.8125,21250.466796875
"NGA",3,1,"LSMS-ISA2015",2015,6,24,2418,1770,1,240072,6,0,3000,0,0,0,1622.22216796875,2027.77783203125,405.555541992188,6066.66666666667,2263.88891601563,0,0,2027.77783203125,0,21726.1901041667,6083.33333333333,4866.66650390625,0,0,4426.86865234375,0,0,0,0,5214.28580729167,1738.09521484375,2607.14290364583,0,869.047607421875,0,0,13035.71484375,0,2780.95247395833,3215.47623697917,4345.23795572917,6083.33333333333,5388.09537760417,173.809529622396,4519.04768880208,0,13904.76171875,173.809529622396,0,0,0,0,0,0,0,0,1738.09521484375,0,0,0,0,0,0,0,0,0,1738.09521484375,0,0,0,1013.88885498047,123055.828125,21250.466796875
"NGA",3,1,"LSMS-ISA2015",2015,6,24,2418,1770,1,240073,5,2.43333339691162,3600,0,0,0,0,0,486.666656494141,0,921.666687011719,0,0,0,0,20857.1421875,0,8760,0,0,7200,0,0,0,0,0,0,7821.428515625,0,4171.428515625,0,0,0,6257.14296875,1877.1427734375,521.428564453125,1251.42861328125,5214.28564453125,0,0,2085.7142578125,0,18771.428125,312.857153320312,0,0,0,3203.2880859375,0,0,0,0,0,0,0,0,0,3832.50009765625,0,882.025048828125,2015.1591796875,521.428564453125,521.428515625,0,0,0,7300,108388.03125,21250.466796875
"NGA",3,1,"LSMS-ISA2015",2015,6,24,2418,1770,1,240074,5,0,0,0,0,0,2920,0,1216.66674804688,0,1020,0,0,7300,0,46928.571875,0,14600,400,0,17100.06640625,0,0,0,0,0,0,4171.428515625,0,4171.428515625,0,0,0,8342.8572265625,1877.1427734375,0,0,5214.28564453125,0,0,2085.7142578125,0,50057.144921875,312.857153320312,0,0,0,3203.2880859375,0,0,0,0,0,0,0,0,0,2502.8572265625,0,345.69853515625,2015.1591796875,0,0,0,0,0,1460,177245.171875,21250.466796875
"NGA",3,1,"LSMS-ISA2015",2015,6,24,2418,1770,1,240075,5,1216.66674804688,1800,0,0,0,1946.6666015625,0,243.33332824707,0,3017.619140625,0,0,0,0,16685.7140625,0,8760,100,1042.85712890625,8400,0,0,0,0,6674.2859375,0,3650,0,2607.1427734375,0,0,0,6257.14296875,938.57138671875,1772.85717773438,1251.42861328125,2920.00002441406,0,0,1042.85712890625,0,39837.1421875,521.428564453125,0,0,0,0,0,0,0,0,0,0,0,0,125.142858886719,1572.55375976563,0,536.326513671875,0,76.6806701660156,3476.190625,0,0,0,8516.666015625,124989.265625,21250.466796875
"NGA",3,1,"LSMS-ISA2015",2015,6,24,2417,0,1,240076,4,2433.33325195313,4500,0,0,0,6083.33349609375,0,0,6000,5585.119140625,0,0,12166.6669921875,0,32589.28515625,0,20075,0,0,450000,0,0,0,0,3910.71435546875,0,0,3258.92846679688,2607.14282226563,2607.14282226563,10428.5712890625,0,6517.85693359375,0,5996.4287109375,1303.57141113281,8473.21417236328,6648.21435546875,0,912.5,0,8082.14263916016,0,0,0,0,0,0,0,0,0,0,0,0,0,0,0,0,0,0,0,0,0,0,0,0,600179.1875,21250.466796875
"NGA",3,1,"LSMS-ISA2015",2015,6,24,2418,1770,1,240077,6,0,10000,0,0,0,0,0,811.111083984375,0,0,0,0,0,0,14773.8098958333,0,3447.22241210938,0,0,30000,0,0,0,0,0,0,0,0,3476.1904296875,1738.09521484375,13035.71484375,0,0,7821.4287109375,4258.33333333333,0,2607.14282226563,3476.1904296875,869.047607421875,2607.14290364583,1738.09521484375,2780.95239257813,260.714294433594,0,0,0,8583.25716145833,0,3273.953125,1911.90478515625,0,0,0,0,0,0,0,0,893.054524739583,0,0,0,0,0,0,30416.666015625,148780.03125,21250.466796875
"NGA",3,1,"LSMS-ISA2015",2015,6,24,2406,0,1,240078,6,0,3000,0,0,0,1013.88891601563,0,0,2100,608.333312988281,0,0,405.555541992188,0,17380.9518229167,0,4055.5556640625,0,0,3314.25952148438,0,0,0,0,12166.6666666667,0,4345.23795572917,4345.23795572917,0,0,0,0,2607.14290364583,695.238118489583,2085.71435546875,0,1738.09521484375,2172.61897786458,434.523803710938,0,0,14773.809366862,434.523803710938,0,0,0,0,0,0,0,0,0,0,0,0,0,0,0,0,0,0,0,0,0,0,0,77677.3515625,21250.466796875
"NGA",3,1,"LSMS-ISA2015",2015,6,24,2418,1770,1,240079,5,1216.66674804688,1920,0,0,0,2920,0,365,680,1046,0,0,0,0,22942.8578125,0,9246.6669921875,0,0,12000,0,0,0,0,10011.42890625,0,2085.7142578125,0,0,0,0,10428.57109375,0,1251.42861328125,1251.42861328125,0,3128.57138671875,0,0,2815.7142578125,0,21274.2861328125,0,0,0,0,0,2948.9408203125,0,0,0,0,0,0,0,0,0,0,42.0506896972656,732.785107421875,0,0,0,87.5999938964844,0,13018.3330078125,121414.046875,21250.466796875
"NGA",3,1,"LSMS-ISA2015",2015,6,24,2418,1770,1,240080,4,0,1800,0,0,0,152.08332824707,0,608.333312988281,0,0,0,0,0,0,0,0,608.333312988281,0,0,12000,0,0,0,0,0,6517.85693359375,5214.28564453125,0,2607.14282226563,0,0,0,0,0,4888.39270019531,0,3258.92852783203,2607.14282226563,0,0,0,0,3910.71435546875,0,0,0,2120.33203125,7334.92919921875,9821.859375,0,0,0,0,0,2051.52221679688,0,0,0,0,0,0,0,0,391.071441650391,0,12166.6669921875,78059.5859375,21250.466796875
"NGA",3,1,"LSMS-ISA2015",2015,6,24,2404,0,1,240081,2,3041.66674804688,420,0,0,0,3041.66674804688,2433.33325195313,0,28000,9125,0,0,12166.6669921875,0,260714.28125,0,60833.33203125,0,0,20000,0,0,0,0,20857.142578125,0,31285.71484375,0,6517.85717773438,0,0,0,0,0,0,6517.85693359375,0,0,5214.28564453125,13817.8571777344,0,336321.441650391,0,0,0,0,0,0,0,0,0,0,0,0,0,0,0,0,0,0,0,0,0,0,0,3041.66674804688,823349.75,37188.3203125
"NGA",3,1,"LSMS-ISA2015",2015,6,24,2419,330,1,240083,3,1622.22216796875,6000,0,0,0,6894.44466145833,0,1013.88891601563,13000,7206.26953125,0,0,81111.109375,0,34761.9036458333,0,34066.66796875,40555.5546875,0,15766.8681640625,0,0,0,0,0,13904.76171875,0,0,3823.8095703125,5214.28580729167,0,34761.9036458333,0,6257.142578125,4171.4287109375,2259.52376302083,3476.1904296875,0,0,6778.57145182292,0,13035.7138671875,0,0,0,0,2669.40673828125,3476.1904296875,0,0,0,0,0,0,0,1853.96826171875,0,1738.09521484375,5119.82942708333,3663.92545572917,0,0,0,260.714294433594,0,0,354464.375,37188.3203125
"NGA",3,1,"LSMS-ISA2015",2015,6,24,2419,330,1,240084,6,608.333312988281,4000,0,0,0,3650,0,405.555541992188,0,861.90478515625,0,0,0,0,3476.1904296875,0,2433.33325195313,666.666687011719,0,10000,0,0,0,0,4432.14290364583,0,3041.66666666667,0,1911.90478515625,1738.09521484375,0,0,2607.14290364583,0,1651.19051106771,0,1911.90478515625,2954.76204427083,0,0,0,1911.90478515625,521.428588867188,0,0,0,0,0,0,0,0,0,0,0,0,0,0,0,345.698527018229,0,0,0,0,1846.72639973958,0,10138.888671875,61115.4375,37188.3203125
"NGA",3,1,"LSMS-ISA2015",2015,6,24,2419,330,1,240085,5,973.333312988281,2232,0,0,0,4136.666796875,0,486.666656494141,0,1874.76196289063,0,0,0,0,4692.85703125,0,9733.333984375,1200,0,6000,0,0,0,0,5005.714453125,0,0,0,4171.428515625,0,0,0,5214.285546875,0,3650.00009765625,0,521.428564453125,0,0,0,0,26071.4283203125,0,0,0,0,0,0,1521.8033203125,0,0,0,0,0,10428.57109375,0,0,0,5348.54260253906,3267.82578125,0,0,0,0,0,6083.3330078125,102613.984375,37188.3203125
"NGA",3,1,"LSMS-ISA2015",2015,6,24,2419,330,1,240086,4,1216.66662597656,3600,0,0,0,0,9733.3330078125,760.416687011719,2500,3118.75,0,0,15208.3330078125,0,26071.427734375,0,22508.333984375,2500,0,20237.50390625,0,0,0,0,0,0,0,0,5214.28564453125,0,9125,0,6517.85693359375,6257.14306640625,0,0,6517.85711669922,0,0,3650,0,11080.3569335938,391.071441650391,0,0,0,5005.13720703125,0,225.506240844727,0,0,7800.23193359375,0,0,0,3476.1904296875,1564.28576660156,5099.36853027344,0,4084.7822265625,164.315719604492,0,0,0,0,0,183628.140625,37188.3203125
"NGA",3,1,"LSMS-ISA2015",2015,6,24,2419,330,1,240087,5,0,1920,0,0,0,0,0,486.666656494141,0,208.571441650391,0,0,0,0,7300,0,10706.666015625,0,0,12000,0,0,0,0,7091.42890625,4171.428515625,7300,0,4171.428515625,4171.428515625,0,5214.285546875,0,1877.1427734375,3650,0,3650,0,0,2085.7142578125,0,0,0,0,0,0,0,3572.751171875,0,2294.2857421875,0,0,0,0,0,0,0,0,691.3970703125,2450.869140625,0,0,0,0,0,12166.666015625,97180.7265625,37188.3203125
"NGA",3,1,"LSMS-ISA2015",2015,6,24,2419,330,1,240088,3,0,10000,0,0,0,2027.77783203125,0,567.777770996094,666.666666666667,869.047607421875,0,0,0,0,0,0,2433.33325195313,0,0,10634.703125,0,0,0,0,11123.8098958333,6952.380859375,0,0,8690.47591145833,3476.1904296875,0,0,0,3476.1904296875,0,4345.23795572917,0,0,869.047607421875,1390.47623697917,0,94726.1915690104,0,0,0,0,0,5954.58528645833,2536.3388671875,0,0,0,0,0,0,0,0,0,0,0,0,0,0,0,0,14194.4443359375,184934.671875,37188.3203125
"NGA",3,1,"LSMS-ISA2015",2015,6,24,2419,330,1,240089,1,0,30000,0,0,0,1825,0,1703.33337402344,5000,608.333312988281,0,0,0,0,0,0,36500,0,0,42000,0,0,0,0,0,0,0,0,20857.142578125,0,0,0,0,5214.28564453125,0,2607.14282226563,0,0,0,0,0,205964.287841797,0,0,0,0,3692.55078125,0,2758.4501953125,0,0,0,0,0,0,0,0,0,0,0,0,1042.85717773438,0,0,0,42583.33203125,402356.75,37188.3203125
"NGA",3,1,"LSMS-ISA2015",2015,6,24,2419,330,1,240090,3,0,4000,0,0,0,0,0,0,0,579.365051269531,0,0,0,0,20857.1432291667,0,4866.66650390625,0,0,8000,0,0,0,0,0,34761.9036458333,6083.33333333333,0,3476.1904296875,0,0,8690.47591145833,0,0,4171.4287109375,0,5214.28572591146,0,0,3476.1904296875,0,23290.4759114583,0,0,0,0,5338.8134765625,5954.58528645833,0,0,0,0,0,0,0,834.285725911458,0,0,0,4084.78190104167,0,0,0,0,0,8111.111328125,151791.046875,37188.3203125
"NGA",3,1,"LSMS-ISA2015",2015,6,24,2412,2798,1,240091,4,9125,3000,0,0,0,1216.66662597656,0,456.25,0,0,0,0,0,0,0,0,1216.66662597656,0,0,5630.67919921875,0,0,0,0,0,32589.2846679688,0,0,13035.7138671875,0,0,32589.28515625,0,0,3128.57153320313,0,6517.85705566406,13035.7138671875,0,0,0,15903.5715332031,0,0,0,0,7007.19189453125,0,3804.50830078125,0,0,8902.4384765625,0,0,871.281616210938,0,0,0,0,0,0,0,0,391.071441650391,0,0,158421.75,23218.103515625
"NGA",3,1,"LSMS-ISA2015",2015,6,24,2412,2798,1,240092,6,811.111083984375,1400,0,0,0,811.111083984375,0,405.555541992188,333.333333333333,667.142883300781,0,0,0,0,5214.28580729167,0,7705.55517578125,0,0,6000,0,0,0,0,0,0,7821.42838541667,0,0,0,0,0,2172.61897786458,0,608.333333333333,0,0,2607.14290364583,0,2607.14290364583,0,11297.6188151042,0,0,0,0,0,0,0,0,0,0,0,0,0,0,0,0,2992.47216796875,0,0,0,0,260.714294433594,0,6083.33349609375,59798.8984375,23218.103515625
"NGA",3,1,"LSMS-ISA2015",2015,6,24,2412,2798,1,240094,6,0,1000,0,0,0,486.666666666667,0,506.944458007813,4833.33333333333,536.111083984375,0,0,2027.77783203125,0,8690.47591145833,0,4866.66650390625,0,0,8000,0,0,0,0,5214.28580729167,1738.09521484375,3041.66666666667,0,869.047607421875,0,0,13035.71484375,10428.5716145833,0,3215.47623697917,2607.14290364583,6517.85717773438,5561.90478515625,260.714294433594,3215.47623697917,0,6083.33333333333,86.9047648111979,0,0,0,0,0,0,0,0,1738.09521484375,0,0,0,521.428588867188,0,0,0,0,0,0,0,0,0,8111.111328125,103194.8046875,23218.103515625
"NGA",3,1,"LSMS-ISA2015",2015,6,24,2412,2798,1,240095,6,0,3000,0,0,0,1622.22216796875,0,405.555541992188,6966.66666666667,1040.27770996094,0,0,0,0,8690.47591145833,0,5475,333.333343505859,0,10000,0,0,0,0,0,1738.09521484375,3476.1904296875,5214.28580729167,869.047607421875,0,0,4345.23795572917,0,0,2085.71435546875,869.047607421875,2607.14286295573,0,0,1738.09521484375,0,0,0,0,0,0,2669.40673828125,0,0,0,0,0,0,0,0,0,0,0,0,0,63.9005584716797,2896.82552083333,0,0,0,12369.4443359375,78475.9609375,23218.103515625
"NGA",3,1,"LSMS-ISA2015",2015,6,24,2412,2798,1,240096,1,1338.33337402344,12000,0,0,0,6083.33349609375,0,4258.33349609375,0,24333.333984375,0,0,0,0,182500,0,30416.66796875,0,0,42000,0,0,0,0,0,20857.142578125,5214.28564453125,0,10428.5712890625,0,0,0,62571.4296875,0,13035.7143554688,15642.8569335938,15642.8569335938,0,0,5214.28564453125,0,115757.142089844,2607.14282226563,0,0,0,4004.11010742188,0,0,0,0,0,0,0,0,0,0,0,0,4084.7822265625,0,0,0,0,0,42583.33203125,620573.6875,23218.103515625
"NGA",3,1,"LSMS-ISA2015",2015,6,24,2412,2798,1,240097,3,0,2000,0,0,0,0,0,608.333312988281,0,0,0,0,0,0,34761.9036458333,0,10138.8896484375,0,0,12000,0,0,0,0,6952.380859375,13904.76171875,0,0,3476.1904296875,0,0,24333.3333333333,0,0,4345.23795572917,1738.09521484375,1738.09521484375,13904.76171875,1738.09521484375,3650.00008138021,0,4345.23803710938,521.428588867188,0,0,0,0,0,0,0,0,0,0,0,0,0,0,0,1762.10213216146,0,0,0,0,217.261901855469,0,12166.6669921875,154302.78125,23218.103515625
"NGA",3,1,"LSMS-ISA2015",2015,6,24,2412,2798,1,240098,2,0,7350,0,0,0,4866.66650390625,0,3041.66674804688,4000,4302.5,0,0,6083.33349609375,0,39107.14453125,0,48666.66796875,0,0,37085.359375,0,0,0,0,0,0,0,0,0,15642.857421875,0,11732.142578125,11732.142578125,3128.57153320313,1825,1825,5214.28564453125,4692.85693359375,0,5214.28564453125,0,57357.1435546875,2607.14282226563,0,0,0,4004.11010742188,3936.71142578125,0,0,0,0,0,0,0,0,0,0,0,0,0,8255.9521484375,0,1564.28576660156,0,0,293235.84375,23218.103515625
"NGA",3,1,"LSMS-ISA2015",2015,6,24,2412,2798,1,240099,4,0,1500,0,0,0,2585.41674804688,0,608.333312988281,0,902.083312988281,0,0,0,0,19553.572265625,0,10341.6669921875,0,0,12000,0,0,0,0,19553.572265625,2607.14282226563,4562.5,0,7821.4287109375,0,35196.4296875,0,0,0,4823.21435546875,7821.42846679688,7821.42858886719,5214.28564453125,0,3910.71435546875,0,13035.7138671875,130.357147216797,0,0,0,0,0,0,0,0,0,0,0,0,0,0,0,0,0,0,0,0,0,0,12166.6669921875,172155.96875,23218.103515625
"NGA",3,1,"LSMS-ISA2015",2015,6,24,2412,2798,1,240100,1,0,4800,18250,0,0,2920,0,2433.33325195313,0,1200,0,0,0,0,20857.142578125,0,15816.6669921875,0,0,18297.712890625,0,0,0,0,31285.71484375,10428.5712890625,18250,0,5214.28564453125,0,0,0,62571.4296875,0,12514.2861328125,0,20335.7143554688,16685.71484375,0,10428.5712890625,0,46928.5703125,6257.14306640625,0,0,0,0,0,0,0,0,0,0,0,0,0,0,0,0,0,0,0,0,0,0,36500,361974.90625,23218.103515625
"NGA",3,1,"LSMS-ISA2015",2015,6,24,2417,112,1,240101,3,0,60833.33203125,0,0,0,4055.5556640625,0,0,9733.33333333333,712.698425292969,0,0,0,0,8690.47591145833,0,8111.111328125,20944.443359375,0,3532.27124023438,0,0,0,0,13035.71484375,0,1216.66666666667,0,0,869.047607421875,0,0,8690.47591145833,1738.09521484375,2259.52384440104,0,4519.04756673177,0,173.809529622396,347.619059244792,0,10428.5712890625,8.69047737121582,0,0,0,0,0,0,0,0,0,0,0,0,0,0,0,0,0,0,0,0,8.69047609965006,0,0,159909.15625,3364.65747070313
"NGA",3,1,"LSMS-ISA2015",2015,6,24,2417,112,1,240102,4,1520.83337402344,1500,0,0,0,9125,0,608.333312988281,1000,1520.83337402344,0,0,6083.33349609375,0,32589.28515625,0,6083.33349609375,500,0,9087.6943359375,0,0,0,0,5866.0712890625,7821.4287109375,4562.5,0,13035.7138671875,0,0,0,13035.7138671875,0,3258.92846679688,0,3258.92852783203,7821.4287109375,0,0,0,45625,0,0,0,0,0,0,0,0,0,0,0,0,0,0,0,0,0,0,0,0,0,0,0,0,173904.359375,3364.65747070313
"NGA",3,1,"LSMS-ISA2015",2015,6,24,2417,112,1,240103,2,2433.33325195313,3000,0,0,0,4258.33349609375,0,1216.66662597656,7000,2125,0,0,0,0,26071.427734375,0,6083.3330078125,500,0,17186.216796875,0,0,0,0,5391.83193397448,10783.663867949,0,0,7908.0200501692,0,0,0,17972.7720266668,5032.37648512168,7548.5644792461,3594.55445416149,16175.4953050506,0,0,4313.46559600771,0,28756.435633292,1437.82184355892,0,0,0,0,0,1901.58347278012,0,0,0,0,0,0,0,0,11175.6454097826,0,2815.91250857822,0,0,0,2875.64368711783,0,0,197558.09375,3364.65747070313
"NGA",3,1,"LSMS-ISA2015",2015,6,24,2417,112,1,240104,6,608.333312988281,1000,0,0,0,6083.33333333333,0,0,6300,3062.69848632813,0,0,0,0,10428.5716145833,0,4055.5556640625,1000,0,5000,0,0,0,0,2607.14290364583,5214.28580729167,6083.33333333333,0,4345.23795572917,21726.1901041667,0,0,8690.47591145833,869.047607421875,2607.14290364583,0,3041.66662597656,6517.857421875,0,0,0,34761.9055989583,434.523803710938,0,0,0,0,0,0,0,0,0,0,0,0,0,0,0,0,0,0,0,0,0,0,6488.88916015625,140926.203125,3364.65747070313
"NGA",3,1,"LSMS-ISA2015",2015,6,24,2417,112,1,240105,4,912.5,1500,0,0,0,1520.83337402344,0,0,0,332.440490722656,0,0,0,0,0,0,2433.33349609375,0,0,6687.2158203125,0,0,0,0,16402.3685913086,0,54674.5579714428,0,10934.9123535156,0,0,0,32804.7371826172,6560.94744873047,10934.9123535156,43739.6494140625,32804.7352235144,16402.3685913086,0,10934.9123535156,0,29524.2634887695,14215.3860778809,0,0,0,0,0,0,0,0,0,0,0,0,0,0,0,0,0,0,0,0,0,0,304.166656494141,293624.25,3364.65747070313
"NGA",3,1,"LSMS-ISA2015",2015,6,24,2417,112,1,240106,6,1013.88891601563,4000,0,0,0,2027.77783203125,0,405.555541992188,6000,1752.77783203125,0,0,0,0,13035.71484375,0,5069.44482421875,166.66667175293,0,12361.7861328125,0,0,0,0,5468.22871632928,4556.85701996336,0,0,5012.54286814632,0,0,0,12531.3571289313,2278.42850998168,0,4556.85701996336,4556.85722266951,0,455.685728888397,1139.21432601243,0,20505.8575634201,569.607127495421,0,0,0,0,0,1369.34578025534,0,0,0,0,0,0,0,2819.55542917458,0,566.460145891067,2278.42850998168,0,0,0,0,0,0,114498.8984375,3364.65747070313
"NGA",3,1,"LSMS-ISA2015",2015,6,24,2417,112,1,240107,6,0,1000,0,0,0,1419.44449869792,0,0,2666.66666666667,2752.57934570313,0,0,0,0,17380.9518229167,0,6488.88916015625,50,0,3000,0,0,0,0,6517.857421875,2172.61897786458,2607.14290364583,0,5214.28580729167,0,0,0,4345.23795572917,0,869.047607421875,0,3041.66662597656,1303.57145182292,434.523803710938,0,0,33892.857421875,434.523803710938,0,0,0,0,0,0,0,0,0,0,0,0,0,0,0,0,0,0,0,0,0,0,5069.4443359375,100661.3125,3364.65747070313
"NGA",3,1,"LSMS-ISA2015",2015,6,24,2417,112,1,240108,4,0,1500,0,0,0,3650,0,0,2750,10033.3330078125,0,0,0,0,26071.427734375,0,9125,500,0,3000,0,0,0,0,0,0,3650,0,0,1303.57141113281,0,0,5866.0712890625,521.428588867188,1564.28576660156,0,3519.64282226563,1955.35717773438,130.357147216797,260.714294433594,0,7821.42846679688,0,0,0,0,14842.32421875,0,0,0,0,0,0,0,0,0,0,1012.451171875,0,0,0,0,0,1.30357146263123,0,7300,106378.6953125,3364.65747070313
"NGA",3,1,"LSMS-ISA2015",2015,6,24,2417,112,1,240109,6,486.666656494141,1000,0,0,0,2433.33333333333,0,0,8166.66666666667,3568.6904296875,0,0,0,0,8690.47591145833,0,7097.22265625,2000,0,6000,0,0,0,0,5423.09621253729,3163.47272870575,4519.24661907966,0,4519.24661907966,4519.24678184007,0,0,2711.54810626864,903.849340668538,0,1355.77400667857,3163.47276939586,1355.77405313432,90.3849382079348,903.849340668538,0,3615.39740336426,0,0,0,0,0,0,0,0,0,0,0,0,0,0,3468.5219894373,0,478.624554003308,0,0,0,0,4.51924671290526,0,6083.33349609375,85722.421875,3364.65747070313
"NGA",3,1,"LSMS-ISA2015",2015,6,24,2417,112,1,240110,4,0,1500,0,0,0,1825,0,608.333312988281,750,354.166656494141,0,0,0,0,0,0,4562.5,0,0,4500,0,0,0,0,5866.0712890625,6517.85693359375,3910.71435546875,0,0,0,0,0,3910.71435546875,0,782.142883300781,0,782.142852783203,0,0,0,0,1694.6428527832,782.142883300781,0,0,0,0,0,0,0,0,0,0,0,0,0,0,0,431.019561767578,0,0,0,0,325.892852783203,0,4562.5,43665.83984375,3364.65747070313
"NGA",3,1,"LSMS-ISA2015",2015,6,24,2405,134,1,240111,7,1668.57141113281,12000,0,0,0,1477.38099888393,0,869.047668457031,6857.14285714286,3914.62548828125,0,0,5214.28571428571,0,14897.9587053571,0,13904.7607421875,142.857147216797,0,42857.14453125,0,0,0,0,8864.28571428571,0,4469.38783482143,0,3352.04073660714,5959.18373325893,0,0,8193.87758091518,744.89794921875,3724.48967633929,4469.38776506696,6182.65300641741,2234.69391741071,0,1936.73475864955,0,33520.4095982143,372.448974609375,0,0,0,0,0,0,0,0,0,0,0,0,0,0,0,0,0,0,0,0,0,0,43800,231628.265625,12750.2802734375
"NGA",3,1,"LSMS-ISA2015",2015,6,24,2405,134,1,240112,7,2085.71435546875,3428.57153320313,0,0,0,347.619035993304,0,869.047668457031,9857.14285714286,23905.78125,0,0,6952.38113839286,0,81938.7767857143,0,27809.525390625,42857.14453125,0,50000,0,0,0,0,11173.4698660714,2979.591796875,2234.69391741071,0,1936.73465401786,1489.7958984375,26816.3258928571,11173.4698660714,5959.18359375,2383.67354910714,4618.36746651786,2234.69391741071,13035.7142159598,1117.34695870536,148.979596819196,4618.36746651786,0,144435.717354911,744.89794921875,0,0,0,0,0,0,0,0,0,0,0,0,0,0,0,0,0,0,0,0,0,0,64190.47265625,551343.1875,12750.2802734375
"NGA",3,1,"LSMS-ISA2015",2015,6,24,2405,134,1,240113,2,6083.33349609375,3000,0,0,0,1825,0,608.333312988281,1809,5961.90478515625,0,0,3041.66674804688,0,52142.85546875,0,6691.6669921875,0,0,36000,0,0,0,0,15642.857421875,5214.28564453125,0,15642.857421875,2607.14282226563,0,0,0,26071.427734375,2607.14282226563,9646.4287109375,0,15642.8571777344,16164.2861328125,0,8342.85693359375,0,3910.71435546875,3128.57153320313,0,0,0,0,0,0,0,0,0,0,0,0,0,0,0,0,0,0,0,0,0,0,55358.33203125,297143.5625,12750.2802734375
"NGA",3,1,"LSMS-ISA2015",2015,6,24,2405,134,1,240114,4,1946.66662597656,1500,0,0,0,365,0,912.5,8400,1497.02380371094,0,0,0,0,0,0,9429.166015625,0,0,9000,0,0,0,0,13687.5,19553.572265625,2607.14282226563,0,3258.92846679688,0,0,18250,13035.7143554688,8864.28540039063,6778.5712890625,1955.35711669922,6257.14279174805,2607.14282226563,0,1825.00006103516,0,28678.5712890625,1433.92861938477,0,0,0,0,0,1566.90454101563,0,0,0,0,0,0,0,0,0,432.123168945313,0,0,0,0,0,0,9885.416015625,173727.671875,12750.2802734375
"NGA",3,1,"LSMS-ISA2015",2015,6,24,2405,134,1,240115,4,1216.66662597656,3000,0,0,0,1825,0,304.166656494141,13250,1988.6904296875,3041.66674804688,0,1672.91662597656,0,39107.14453125,0,15512.5,1500,0,18000,0,0,0,0,3910.71435546875,2607.14282226563,0,0,3258.92846679688,0,9776.7861328125,0,1955.35717773438,0,3128.57153320313,1303.57141113281,2607.14282226563,3910.71435546875,0,1759.82147216797,0,112107.139770508,325.892852783203,0,0,0,0,0,1566.90454101563,0,0,0,0,0,0,1629.46423339844,0,0,817.947296142578,0,0,5431.54736328125,0,325.892852783203,0,18250,275092.28125,12750.2802734375
"NGA",3,1,"LSMS-ISA2015",2015,6,24,2405,134,1,240116,3,973.333312988281,4000,0,0,0,1216.66666666667,0,405.555541992188,28666.6666666667,2448.8095703125,0,0,0,0,20857.1432291667,0,16222.22265625,1333.33337402344,0,12000,0,0,0,0,7821.42838541667,0,0,0,4692.85709635417,0,12166.6666666667,0,4345.23795572917,869.047607421875,4171.4287109375,9559.52376302083,11297.6190592448,0,0,1216.66666666667,0,45190.4773763021,0,187.714294433594,0,0,0,5620.33658854167,1804.0498046875,0,0,6952.38151041667,0,0,0,417.142862955729,4301.78580729167,0,0,610.654256184896,869.047607421875,695.238118489583,0,434.523803710938,0,12166.6669921875,223514.21875,12750.2802734375
"NGA",3,1,"LSMS-ISA2015",2015,6,24,2405,0,1,240117,4,3041.66674804688,3000,0,0,0,2281.25,0,304.166656494141,16750,3872.619140625,0,0,3041.66674804688,0,19553.572265625,0,18250,2500,0,17500,0,0,0,0,5866.0712890625,5214.28564453125,0,0,3258.92846679688,0,0,10428.5712890625,5866.07141113281,912.5,0,651.785705566406,11210.7142028809,2607.14282226563,260.714294433594,1499.1071472168,0,3910.71423339844,5866.07147216797,0,0,0,0,0,2339.57885742188,0,0,0,0,0,0,0,1466.51788330078,0,0,0,0,0,0,4655.6123046875,0,0,156109.3125,12750.2802734375
"NGA",3,1,"LSMS-ISA2015",2015,6,24,2405,134,1,240118,9,1081.4814453125,1333.33337402344,0,0,0,2703.70377604167,0,270.370361328125,2222.22222222222,782.539733886719,0,0,0,0,28968.2534722222,0,13518.5185546875,888.888916015625,0,6666.66650390625,0,0,0,0,7821.42881944444,2896.82530381944,1738.09526909722,0,3476.19053819444,2896.82530381944,0,8690.4765625,3476.19053819444,579.365071614583,4403.17469618056,0,4634.92068142361,1738.09526909722,1158.73014322917,1738.09521484375,0,65468.2526041667,2896.82530381944,0,0,0,0,0,0,0,0,0,0,0,0,0,0,0,0,0,0,0,0,0,0,6759.25927734375,178808.734375,12750.2802734375
"NGA",3,1,"LSMS-ISA2015",2015,6,24,2405,134,1,240119,6,486.666656494141,2400,0,0,0,1622.22216796875,0,608.333312988281,2500,669.444396972656,0,0,0,0,0,0,3650,0,0,5000,0,0,0,9994.04736328125,17380.9518229167,0,0,0,1738.09521484375,0,0,0,13035.7138671875,1042.85717773438,8690.47591145833,869.047607421875,11297.6189778646,5214.28580729167,0,2085.71435546875,0,11297.619140625,1998.80950927734,0,0,0,0,2810.16829427083,637.236979166667,0,0,0,0,0,0,0,0,0,0,0,0,0,0,0,0,5475,110504.3046875,12750.2802734375
"NGA",3,1,"LSMS-ISA2015",2015,1,22,2201,0,0,240120,2,1216.66662597656,3000,0,1825,0,1825,0,0,4400,9838.21484375,0,0,0,0,7821.4287109375,0,40150,3000,0,4700.0234375,0,5828.94236100779,0,7286.17796859879,14572.3559371976,48574.5163985966,12143.6290996491,0,0,0,0,29144.7118743951,9714.90337737557,17486.8254101111,62661.1294396464,0,14572.3550660633,24287.2581992983,0,9714.90337737557,0,0,4857.45168868778,0,0,0,11334.7012643188,0,4857.45224632521,9714.90337737557,0,0,0,0,0,0,0,0,3885.9615740052,8854.92063050088,407.04900723874,18264.0182964208,0,45139.1443911623,0,1216.66662597656,442296.3125,12750.2802734375
"NGA",3,1,"LSMS-ISA2015",2015,6,24,2413,306,1,240121,7,869.047668457031,6857.14306640625,0,0,0,1390.47614397321,0,521.428588867188,3228.57142857143,707.823120117188,0,0,1738.09528459821,0,14897.9587053571,0,7821.4287109375,0,0,6857.14306640625,0,0,0,0,5065.30636160714,2607.14285714286,0,0,3277.55106026786,0,0,0,5959.18359375,0,893.877580915179,2234.69391741071,5586.73458426339,4618.36746651786,0,2234.69391741071,0,0,223.469395228795,0,0,0,0,0,0,0,0,0,0,0,0,0,949.744907924107,0,0,0,0,0,0,0,0,6952.38134765625,85492.2578125,7870.54345703125
"NGA",3,1,"LSMS-ISA2015",2015,6,24,2413,306,1,240122,7,486.666687011719,6857.14306640625,0,0,0,1738.09528459821,0,260.714294433594,0,0,0,0,5214.28571428571,0,3724.48967633929,0,10428.5712890625,0,0,21428.572265625,0,0,0,0,8938.77566964286,10428.5714285714,0,3724.48967633929,10428.5714285714,0,26071.4285714286,0,13408.1632254464,0,5586.73451450893,4469.3876953125,2979.591796875,4767.34709821429,0,0,0,26965.3055245536,5959.18359375,0,0,0,0,0,0,0,0,15874.1612723214,0,0,0,2979.591796875,18994.8973214286,5235.88936941964,308.470005580357,0,0,0,0,1712.40904017857,0,0,218971.515625,7870.54345703125
"NGA",3,1,"LSMS-ISA2015",2015,6,24,2413,306,1,240123,3,811.111083984375,4000,0,0,0,3244.4443359375,0,811.111083984375,4166.66666666667,1883.8095703125,2027.77783203125,0,0,0,5214.28580729167,0,12977.77734375,666.666687011719,0,14000,0,0,0,0,0,0,5214.28580729167,0,3823.8095703125,0,0,0,6083.33333333333,0,2085.71435546875,0,1738.09521484375,0,0,2694.04768880208,0,25202.3810221354,521.428588867188,0,0,0,5338.8134765625,16106.0563151042,0,0,0,0,0,0,0,1599.04783121745,2780.95247395833,0,1157.12972005208,2723.18815104167,0,3476.1904296875,0,1283.03035481771,0,14194.4443359375,145825.609375,7870.54345703125
"NGA",3,1,"LSMS-ISA2015",2015,6,24,2413,306,1,240124,10,0,4800,0,0,0,1034.16669921875,0,365,0,121.666664123535,0,0,32850,0,13035.7140625,0,7543.33349609375,0,0,6106.8974609375,0,0,0,0,3128.571484375,3650,0,2085.7142578125,2085.7142578125,3128.571484375,18771.428125,0,5214.285546875,0,625.714306640625,0,3910.71430664063,1564.2857421875,104.285717773438,3232.8572265625,0,0,156.428576660156,0,0,0,0,3572.751171875,0,0,0,0,0,0,0,0,664.821435546875,0,0,0,0,0,0,0,0,243.33332824707,117996.2578125,7870.54345703125
"NGA",3,1,"LSMS-ISA2015",2015,6,24,2413,306,1,240125,5,0,3600,0,0,0,2068.3333984375,0,608.333374023438,12000,1335.23803710938,0,0,0,0,7300,0,14600,0,0,9600,0,0,0,0,6257.14296875,2085.7142578125,3128.571484375,0,2085.7142578125,0,0,0,18771.428125,3337.14296875,6465.714453125,3128.571484375,10950,1564.2857421875,0,6465.714453125,0,10428.57109375,625.714306640625,0,0,0,0,0,0,0,0,2085.7142578125,0,0,0,0,0,0,0,0,0,0,0,0,0,9733.333984375,138225.21875,7870.54345703125
"NGA",3,1,"LSMS-ISA2015",2015,6,27,2715,0,1,240126,6,3041.66674804688,4000,0,0,0,2027.77783203125,0,0,1666.66666666667,6948.57177734375,0,0,4055.5556640625,0,47797.6197916667,0,12166.6669921875,0,0,16666.666015625,0,0,0,0,5214.28580729167,30851.1917317708,2607.14290364583,0,4345.23795572917,0,7386.90494791667,0,14773.8092447917,6517.857421875,1738.09521484375,2172.61897786458,3997.6190999349,0,521.428588867188,8169.04752604167,0,20335.7141927083,608.333353678385,0,0,0,0,0,0,0,0,0,0,0,0,0,0,0,0,0,0,0,0,0,0,207745.828125,415356.3125,7870.54345703125
"NGA",3,1,"LSMS-ISA2015",2015,6,24,2413,306,1,240127,4,0,4500,0,0,0,2433.33325195313,0,608.333312988281,0,0,0,0,0,0,15642.857421875,0,15208.333984375,0,0,23329.861328125,0,0,0,0,0,13035.7138671875,5214.28564453125,5214.28564453125,10428.5712890625,20857.142578125,20857.142578125,10428.5712890625,0,1564.28576660156,11341.0715332031,7821.42846679688,5866.07135009766,2216.07153320313,0,3910.71435546875,0,5996.4287109375,0,0,0,0,6360.99560546875,0,0,5735.71435546875,0,0,0,0,8911.60961914063,0,0,1879.70336914063,2607.14282226563,0,0,0,0,391.071441650391,0,0,212360.734375,7870.54345703125
"NGA",3,1,"LSMS-ISA2015",2015,6,24,2413,306,1,240128,4,0,2100,0,0,0,2585.41674804688,1520.83337402344,608.333312988281,5000,564.880981445313,0,0,3041.66674804688,0,19553.572265625,0,4258.3330078125,0,0,12000,0,0,0,0,7821.4287109375,2607.14282226563,4562.5,0,5214.28564453125,0,0,19553.572265625,0,4171.4287109375,4823.21435546875,7821.42846679688,7821.42858886719,4171.4287109375,260.714294433594,3910.71435546875,0,22160.7138671875,782.142883300781,0,0,0,0,0,0,0,5214.28515625,2607.14282226563,0,0,0,0,0,0,0,0,0,0,0,0,0,13991.6669921875,168728.265625,7870.54345703125
"NGA",3,1,"LSMS-ISA2015",2015,6,24,2413,306,1,240129,3,0,8000,0,0,0,4866.66666666667,0,1622.22216796875,6000,1333.33337402344,0,0,24333.3333333333,0,34761.9036458333,0,32444.4453125,0,0,116666.6640625,0,0,0,0,0,0,0,4345.23795572917,0,3476.1904296875,0,17380.9518229167,0,0,1216.66666666667,2607.14290364583,3476.1904296875,0,0,2433.33333333333,0,81690.4742838542,521.428588867188,0,0,0,1334.70336914063,0,0,0,0,0,0,0,0,2433.33333333333,1181.90478515625,0,288.082112630208,1361.59407552083,1095.43806966146,4345.23795572917,0,0,0,120109.3359375,479325.8125,7870.54345703125
"NGA",3,1,"LSMS-ISA2015",2015,6,24,2417,924,1,240131,7,0,3428.57153320313,0,0,0,869.047642299107,0,608.333374023438,1257.14285714286,1714.28576660156,0,0,8690.47600446429,0,18622.4486607143,0,5214.28564453125,0,0,6757.2294921875,0,0,0,0,0,3724.48967633929,0,0,6480.61216517857,1489.7958984375,0,14897.9587053571,10428.5714285714,0,0,5959.18359375,3724.48974609375,0,372.448974609375,0,0,9683.67327008929,4469.3876953125,0,0,0,2860.07840401786,0,543.501185825893,22475.8058035714,0,0,0,0,0,3178.23130580357,3426.53069196429,0,0,2334.16127232143,0,0,0,0,0,0,143210.734375,3738.50830078125
"NGA",3,1,"LSMS-ISA2015",2015,6,24,2417,924,1,240132,6,811.111083984375,2450,0,0,0,1622.22216796875,0,0,0,2299.40454101563,0,0,0,0,14773.8098958333,0,10138.888671875,666.666687011719,0,10000,0,0,0,0,5561.90494791667,0,5214.28580729167,0,1738.09521484375,0,0,0,1738.09521484375,0,521.428588867188,0,434.523803710938,0,0,0,0,22595.2377115885,0,0,0,0,0,0,2536.3388671875,0,0,0,0,0,0,0,0,0,1644.90283203125,0,0,0,0,130.357147216797,0,10138.888671875,95016.15625,3738.50830078125
"NGA",3,1,"LSMS-ISA2015",2015,6,24,2417,924,1,240133,3,1216.66662597656,2000,0,0,0,4055.5556640625,0,0,0,1550,0,0,0,0,6952.380859375,0,6488.888671875,1333.33337402344,0,10000,0,0,0,0,0,0,5214.28580729167,0,3736.90472412109,0,0,0,10428.5716145833,0,2085.71435546875,0,3476.1904296875,0,0,0,0,5214.28580729167,0,0,0,0,5338.8134765625,0,0,0,0,0,0,0,0,0,0,1036.75862630208,5544.43603515625,1361.59407552083,0,1738.09521484375,0,260.714294433594,0,10138.888671875,89172.0859375,3738.50830078125
"NGA",3,1,"LSMS-ISA2015",2015,6,27,2703,0,1,240135,5,0,0,0,0,0,1460,0,0,0,100.809524536133,0,0,0,0,15642.8578125,0,7300,0,0,14573.830078125,0,0,0,0,2920,2607.1427734375,8968.571484375,0,2085.7142578125,4171.428515625,0,0,8342.85703125,1042.85712890625,2502.8572265625,0,0,2920,0,7821.42890625,0,0,1564.28576660156,0,0,0,0,0,0,0,0,0,0,0,8342.85703125,3128.57109375,1668.571484375,4447.2654296875,5967.0916015625,0,0,0,0,0,0,6083.3330078125,113662.3359375,3738.50830078125
"NGA",3,1,"LSMS-ISA2015",2015,6,24,2417,924,1,240136,5,2433.33349609375,12000,0,0,0,2044,0,0,1600,4276.6669921875,0,0,0,0,8342.85703125,0,5840,0,0,14834.1435546875,0,0,0,0,6257.14296875,2085.7142578125,7821.428515625,0,4171.428515625,0,0,5214.285546875,0,0,2607.14287109375,0,2920.00002441406,0,0,2085.7142578125,0,0,0,0,0,0,0,0,0,0,0,2085.7142578125,0,0,0,0,0,0,0,2450.869140625,521.428564453125,3997.619140625,0,0,0,0,93589.4921875,3738.50830078125
"NGA",3,1,"LSMS-ISA2015",2015,6,24,2417,924,1,240137,5,1460,4800,0,0,0,2920,0,0,2480,2008.619140625,0,0,36500,0,3128.571484375,0,9733.333984375,2600,0,6000,0,0,0,0,7821.42890625,0,6257.14296875,0,0,3128.571484375,7821.42890625,0,5214.285546875,938.57138671875,0,1042.85712890625,5214.28569335937,1095,0,0,0,21900.00078125,1355.71428222656,0,0,0,0,0,0,0,0,0,0,0,0,0,1251.42861328125,0,0,0,0,0,0,0,0,6083.3330078125,140754.578125,3738.50830078125
"NGA",3,1,"LSMS-ISA2015",2015,6,24,2417,924,1,240138,6,0,4000,0,0,0,1419.44449869792,0,709.722229003906,666.666666666667,0,0,0,5069.4443359375,0,13035.71484375,0,8111.111328125,0,0,5231.01123046875,0,0,0,0,0,4345.23795572917,3041.66666666667,0,3476.1904296875,0,0,0,13035.71484375,2607.14290364583,0,1303.57145182292,2172.61901855469,5909.52408854167,434.523803710938,1738.09521484375,0,9125,260.714294433594,0,0,0,4671.46126302083,2977.29264322917,0,0,0,0,0,0,0,0,1998.8095703125,0,446.527262369792,0,0,0,0,0,0,0,95787.2109375,3738.50830078125
"NGA",3,1,"LSMS-ISA2015",2015,6,24,2417,924,1,240139,6,0,4000,0,0,2027.77783203125,1419.44449869792,0,0,3333.33333333333,3201.38891601563,0,0,2027.77783203125,0,17380.9518229167,0,8111.111328125,0,0,8000,0,0,0,4345.23795572917,0,20857.1432291667,0,0,8690.47591145833,0,0,15642.8567708333,18250,1738.09521484375,0,1738.09521484375,3476.1904296875,0,0,0,0,56488.0953776042,3041.66666666667,0,0,0,4004.10970052083,0,3273.953125,5244.35481770833,0,5934.958984375,0,0,0,0,2954.76196289063,0,446.527262369792,4084.78190104167,1738.09521484375,0,0,3236.01729329427,0,8111.111328125,222798.3125,3738.50830078125
"NGA",3,1,"LSMS-ISA2015",2015,6,24,2417,924,1,240140,6,0,8000,0,0,0,1703.33333333333,0,506.944458007813,0,0,0,0,0,0,8690.47591145833,0,10138.888671875,0,0,16666.666015625,0,0,0,0,5214.28580729167,2607.14290364583,1738.09521484375,0,2172.61897786458,0,0,0,5214.28580729167,0,0,869.047607421875,1564.28574625651,0,0,1738.09521484375,0,8690.47591145833,260.714294433594,0,0,0,0,0,0,0,0,0,0,0,0,104.285715738932,2085.71435546875,0,446.938761393229,2042.39095052083,0,2896.82552083333,0,0,0,16931.943359375,100283.453125,3738.50830078125
"NGA",3,1,"LSMS-ISA2015",2015,6,28,2802,0,0,240141,1,0,12000,0,0,0,0,0,0,32000,90075.4765625,0,0,243333.328125,0,0,0,170333.328125,20000,0,26000,0,0,0,0,0,0,0,0,0,0,0,0,0,0,0,0,0,0,0,0,0,539678.568359375,0,0,0,0,0,0,0,0,0,0,0,0,0,0,0,0,0,0,0,0,0,0,0,0,1133420.75,10802.3212890625
"NGA",3,1,"LSMS-ISA2015",2015,6,24,2408,2074,1,240142,5,0,12000,0,0,0,2190,0,1216.66674804688,0,243.33332824707,0,0,0,0,0,0,9733.333984375,0,0,17895.35546875,0,0,0,0,6257.14296875,2085.7142578125,4171.428515625,0,4171.428515625,0,28157.14375,5214.285546875,0,1877.1427734375,3650,5214.2857421875,9385.71435546875,4171.428515625,0,6257.1427734375,0,0,0,0,0,0,0,0,0,2294.2857421875,0,2085.7142578125,0,0,0,500.571435546875,0,0,0,0,109.543811035156,2607.1427734375,0,0,0,0,131488.796875,10802.3212890625
"NGA",3,1,"LSMS-ISA2015",2015,6,24,2408,2074,1,240143,4,0,15000,8516.6669921875,0,0,2433.33325195313,0,1520.83337402344,0,3801.78564453125,0,0,30416.666015625,0,7821.4287109375,0,30416.666015625,200,0,32454.494140625,0,0,0,0,0,0,4562.5,0,5735.71435546875,0,0,0,7821.4287109375,3128.57153320313,0,7821.42846679688,6517.85705566406,0,0,0,0,40410.7124023438,391.071441650391,0,0,0,3003.08227539063,0,0,0,0,7800.23193359375,0,0,2479.80151367188,3435.29418945313,4790.62512207031,0,864.246337890625,2042.39111328125,191.701675415039,8147.32080078125,0,0,0,0,241725.859375,10802.3212890625
"NGA",3,1,"LSMS-ISA2015",2015,6,24,2408,0,1,240144,5,0,19200,0,0,0,1825,0,1216.66674804688,3200,40,0,0,2433.3333984375,0,41714.284375,0,14600,0,0,17081.974609375,0,0,0,0,6257.14296875,4171.428515625,3670.85703125,0,1042.85712890625,0,0,0,5214.285546875,0,0,0,2085.7142578125,0,0,0,0,6257.14267578125,0,0,0,0,0,0,0,0,0,0,0,0,0,0,2346.42861328125,0,250.285717773438,8889.7859375,0,0,0,37.2448974609375,0,0,141534.4375,10802.3212890625
"NGA",3,1,"LSMS-ISA2015",2015,6,24,2408,2074,1,240145,2,0,30000,0,0,0,3285,0,3041.66674804688,0,608.333312988281,0,0,0,0,18250,0,9733.3330078125,0,0,37085.359375,0,0,0,0,0,0,5214.28564453125,0,10428.5712890625,0,0,13035.7138671875,0,0,7560.71447753906,0,6517.85717773438,10428.5712890625,0,5214.28564453125,0,13035.7138671875,1303.57141113281,0,0,0,6006.16455078125,0,0,0,0,0,0,0,0,0,607.277221679688,0,0,0,0,0,0,0,0,0,181356.40625,10802.3212890625
"NGA",3,1,"LSMS-ISA2015",2015,6,24,2408,2074,1,240146,1,8516.6669921875,30000,0,0,0,0,0,12166.6669921875,10000,0,0,0,14600,0,26071.427734375,0,29200,0,0,93418.9921875,0,0,0,0,0,0,0,0,15642.857421875,0,0,0,28678.572265625,5214.28564453125,0,7300,18249.9997558594,0,2607.14282226563,13035.7143554688,0,26071.4287109375,0,0,0,14610.1015625,8008.22021484375,0,5516.900390625,0,0,0,0,0,0,0,12905.357421875,0,1724.07824707031,4084.7822265625,0,0,0,782.142883300781,0,0,388405.375,10802.3212890625
"NGA",3,1,"LSMS-ISA2015",2015,6,24,2408,2074,1,240147,3,0,20000,11355.5559895833,0,0,1622.22216796875,0,2027.77783203125,5333.33333333333,9085.7138671875,0,0,48666.6666666667,0,13904.76171875,0,48666.66796875,0,0,26983.337890625,0,0,0,0,0,0,0,4345.23795572917,3823.8095703125,0,26071.4296875,0,4345.23795572917,3128.5712890625,0,2607.14290364583,6952.380859375,0,0,0,0,57009.5227864583,869.047607421875,0,0,0,2669.40673828125,3476.1904296875,3273.953125,0,0,5200.15462239583,0,0,0,3435.2939453125,4301.78580729167,1738.09521484375,1152.32845052083,1361.59407552083,219.087626139323,15932.5400390625,0,1846.72639973958,0,0,341405.5625,10802.3212890625
"NGA",3,1,"LSMS-ISA2015",2015,6,24,2408,0,1,240148,5,0,9600,0,0,0,3406.666796875,0,0,11600,1821.66662597656,0,0,4866.666796875,0,71957.14375,0,14600,0,0,40772.9921875,0,0,0,0,0,0,0,0,4171.428515625,0,18771.428125,0,21899.999609375,6778.5712890625,2607.1427734375,3128.571484375,9907.14272460938,0,521.428564453125,3650,0,9072.8572265625,0,0,0,555.517138671875,4840.31875,0,1521.8033203125,0,0,0,0,0,0,0,3363.49462890625,3007.525390625,0,3482.05234375,0,0,0,87.5999938964844,0,1216.66674804688,257208.671875,10802.3212890625
"NGA",3,1,"LSMS-ISA2015",2015,6,24,2408,2074,1,240149,2,0,18000,0,0,0,4258.33349609375,0,0,0,2521.4287109375,0,0,0,0,18250,0,24333.333984375,2000,0,37085.359375,0,0,0,0,20857.142578125,0,10428.5712890625,0,5214.28564453125,0,0,0,26071.427734375,5214.28564453125,6778.5712890625,0,9124.99987792969,10428.5712890625,0,3128.57153320313,0,0,782.142883300781,0,0,0,0,0,0,0,0,0,0,0,0,0,0,0,0,0,0,0,0,0,0,12166.6669921875,216643.6875,10802.3212890625
"NGA",3,1,"LSMS-ISA2015",2015,6,24,2408,2074,1,240150,6,0,8000,0,0,0,3650,0,1013.88891601563,0,1861.90478515625,0,0,4055.5556640625,0,21726.1901041667,0,16222.22265625,1666.66662597656,0,11187.8671875,0,0,0,0,0,0,3041.66666666667,0,3476.1904296875,2607.14290364583,0,0,6517.857421875,2085.71435546875,0,1303.57145182292,3476.1904296875,0,0,1216.66666666667,0,21639.2854817708,521.428588867188,0,0,0,4004.10970052083,0,0,0,0,0,6517.857421875,6517.857421875,0,2317.46028645833,2676.66674804688,0,864.246256510417,1361.59407552083,109.543813069661,0,0,641.515177408854,0,0,140280.875,10802.3212890625
"NGA",3,1,"LSMS-ISA2015",2015,6,24,2411,788,1,240151,4,0,1200,9125,0,0,2281.25,0,1520.83337402344,15200,3423.33325195313,0,0,0,0,52142.85546875,0,30416.666015625,0,0,125000,0,0,0,0,0,0,0,0,3258.92846679688,5214.28564453125,0,10428.5712890625,5866.0712890625,0,651.785705566406,2607.14282226563,5214.28564453125,2607.14282226563,0,0,0,53446.4270019531,0,0,0,0,6360.99560546875,7372.35205078125,2455.46484375,0,0,0,0,0,0,4084.52380371094,1613.16967773438,0,1302.13095092773,0,27.3859539031982,2172.619140625,0,6.51785707473755,0,4562.5,359562.25,5902.90771484375
"NGA",3,1,"LSMS-ISA2015",2015,6,24,2411,788,1,240152,1,2433.33325195313,12000,0,0,0,6083.33349609375,0,2433.33325195313,7000,5692.857421875,0,0,0,0,31285.71484375,0,9733.333984375,0,0,31904.109375,0,0,0,0,7300,10428.5712890625,0,0,0,0,0,36500,0,0,6257.14306640625,10428.5712890625,15642.8569335938,15642.857421875,0,0,0,67785.712890625,0,0,0,0,0,0,0,0,0,10428.5712890625,0,0,0,0,0,0,0,0,0,0,0,0,0,0,288980.3125,5902.90771484375
"NGA",3,1,"LSMS-ISA2015",2015,6,24,2411,788,1,240153,2,0,4800,0,0,0,2433.33325195313,0,1216.66662597656,1800,9539.046875,0,0,0,0,44321.4296875,0,16425,0,0,60000,0,0,0,0,4381.53302253602,3505.22649164591,4673.63532219455,7302.55470171047,9347.27046034636,20447.1536763599,10223.57683818,24828.6875862489,0,5842.04415274318,10223.57683818,8763.06580093142,10223.5767771448,4673.63532219455,584.204415274318,876.306622911477,0,21615.5620186273,7302.55512989382,0,0,0,0,0,0,0,0,0,0,0,0,0,0,0,0,0,0,0,0,0,0,60833.33203125,356183,5902.90771484375
"NGA",3,1,"LSMS-ISA2015",2015,6,24,2411,788,1,240154,4,1216.66662597656,6000,0,0,0,2281.25,0,1520.83337402344,3000,3524.10717773438,0,0,0,0,2607.14282226563,0,5475,300,0,11825.1513671875,0,0,0,4616.60500317413,3323.95549481736,4616.60500317413,0,0,5539.92616189711,3693.28408859178,0,0,9233.21025048889,4062.61258930532,9787.20272539285,5539.92603982679,4616.60506420929,2769.96308094855,0,2954.62727027017,0,18466.4200126965,2585.29887712222,0,0,0,0,0,2219.68027212346,0,0,0,0,0,0,0,0,0,918.219797777976,0,0,0,0,0,0,456.25,123150.5390625,5902.90771484375
"NGA",3,1,"LSMS-ISA2015",2015,6,24,2418,0,1,240155,8,760.416687011719,1837.5,7604.16650390625,0,0,0,0,1520.83337402344,10750,10583.333984375,0,0,30416.666015625,0,13035.7138671875,76041.6640625,33458.33203125,0,0,375000,0,0,0,0,0,0,26071.427734375,3258.92846679688,26071.427734375,9776.7861328125,18250,0,19553.572265625,3258.92846679688,0,4562.49987792969,7169.64294433594,2933.03564453125,0,5214.28564453125,0,3258.92846679688,0,0,0,0,9611.763671875,3687.93823242188,0,0,0,0,0,0,0,0,3389.28576660156,0,0,0,0,1303.57141113281,0,0,0,1520.83337402344,709901.5,5902.90771484375
"NGA",3,1,"LSMS-ISA2015",2015,6,24,2411,788,1,240157,5,2.43333339691162,4800,0,0,0,1216.66669921875,0,1216.66674804688,3000,1008.33331298828,0,0,14600,0,26071.428125,0,21900,280,0,17081.974609375,0,0,0,0,6257.14296875,7821.428515625,3650,2607.1427734375,4171.428515625,2085.7142578125,20857.1421875,0,20857.1421875,0,5318.5712890625,0,2607.14282226563,3128.571484375,0,0,0,45885.7150390625,730,0,0,0,0,0,0,0,0,0,0,0,0,0,0,0,0,0,0,0,0,0,0,1460,218614.640625,5902.90771484375
"NGA",3,1,"LSMS-ISA2015",2015,6,24,2410,0,1,240158,3,1419.44445800781,18000,12166.6666666667,0,0,405.555541992188,0,2230.55541992188,5333.33333333333,11007.9365234375,4055.5556640625,0,16222.22265625,0,86904.7604166667,162222.21875,40555.5546875,0,0,166666.671875,0,0,0,0,0,0,22595.23828125,0,0,17380.9518229167,0,52142.85546875,57357.142578125,9559.52376302083,47797.6194661458,78214.2835286458,74743.8356119792,14773.8098958333,0,109499.998046875,0,34761.9036458333,1738.09521484375,0,0,0,0,10428.5716145833,0,0,0,0,43017.8567708333,0,0,0,0,11978.7643229167,0,0,0,0,0,0,0,2029805.625,3142986.5,5902.90771484375
"NGA",3,1,"LSMS-ISA2015",2015,6,24,2411,788,1,240160,4,1825,12000,0,0,0,3041.66674804688,0,1520.83337402344,5100,902.083312988281,0,0,3041.66674804688,0,7821.4287109375,0,19770.833984375,3000,0,50966.23828125,0,0,0,0,0,6166.28816449654,0,0,4521.94457768831,0,0,0,15415.720655382,3288.68701258167,8221.7171899024,6166.28816449654,9249.43212467449,3494.23006498539,0,822.171768404207,0,6166.28816449654,0,0,0,0,3343.27107335085,0,1087.35880890228,0,0,0,0,0,0,0,0,0,1022.03669346481,0,0,2055.4292974756,0,2363.74378452844,0,0,182374.359375,5902.90771484375
"NGA",3,1,"LSMS-ISA2015",2015,6,24,2407,396,0,240161,4,3.04166674613953,3000,0,0,0,0,0,0,0,0,0,0,3041.66674804688,0,0,0,4866.66650390625,0,0,4910.25732421875,0,0,0,0,7821.4287109375,5214.28564453125,8473.21435546875,0,5214.28564453125,0,0,6517.85693359375,6517.85693359375,0,0,0,3910.71429443359,0,0,2607.14282226563,0,0,0,0,0,0,0,4465.93896484375,0,0,0,0,0,0,0,0,3128.57153320313,0,0,2518.94897460938,0,0,0,0,0,0,72211.8828125,6375.14013671875
"NGA",3,1,"LSMS-ISA2015",2015,6,24,2407,396,0,240162,2,36.5,0,0,0,0,0,0,0,0,0,0,0,0,0,0,0,0,0,0,2748.91625976563,0,0,0,0,0,0,7821.4287109375,0,2607.14282226563,0,0,13035.7138671875,0,0,6257.14306640625,0,7821.4287109375,0,0,5214.28564453125,0,0,0,0,0,0,0,0,0,0,0,0,0,0,0,0,0,0,0,0,0,9994.0478515625,0,0,0,0,55536.609375,6375.14013671875
"NGA",3,1,"LSMS-ISA2015",2015,6,24,2407,396,0,240163,7,0,1200,0,0,0,0,0,0,6228.57142857143,1011.90478515625,0,0,8690.47600446429,0,14897.9587053571,0,11297.6181640625,17380.951171875,0,2910.08129882813,0,0,0,0,0,0,0,0,8530.04318055376,0,0,8530.04318055376,6824.03465605015,0,0,1706.00866401254,1706.00866401254,2985.51522197954,0,0,0,853.004332006269,0,0,0,0,5549.83763385003,0,2608.51770450432,0,0,0,0,0,0,1279.50654542682,3273.40426394555,0,169.658335657273,0,4211.70918480693,1421.67397733189,3046.44412338273,426.502166003134,0,0,116739.4765625,6375.14013671875
"NGA",3,1,"LSMS-ISA2015",2015,6,24,2407,396,0,240164,9,0,3333.33325195313,0,0,0,1081.4814453125,0,0,3444.44444444444,956.349182128906,0,0,0,0,11587.3012152778,0,12166.6669921875,111.111114501953,0,4279.75244140625,0,0,0,0,4345.23828125,0,4634.92057291667,0,5793.65060763889,0,0,14484.1267361111,14484.1267361111,0,1158.73014322917,0,1158.73014322917,1738.09526909722,0,0,0,52142.8559027778,0,0,0,0,0,0,0,0,0,45020.90625,0,0,0,0,0,0,5793.65060763889,0,0,0,0,0,0,0,187715.453125,6375.14013671875
"NGA",3,1,"LSMS-ISA2015",2015,6,24,2407,396,0,240165,6,0,2000,0,0,0,1622.22216796875,0,0,2250,86.9047622680664,0,0,0,0,24333.3333333333,0,6083.33349609375,0,0,1353.73901367188,0,0,0,0,0,0,0,0,5214.28580729167,0,0,0,4345.23795572917,0,2259.52376302083,0,1738.09521484375,0,0,0,2607.14290364583,6083.33325195313,0,0,0,2254.826171875,2827.109375,0,5943.62434895833,0,0,5991.482421875,0,0,662.832926432292,521.428588867188,0,4345.23795572917,0,680.797037760417,1825.73030598958,869.047607421875,0,130.357147216797,0,0,86029.625,6375.14013671875
"NGA",3,1,"LSMS-ISA2015",2015,6,24,2407,396,0,240166,1,0,12000,0,0,0,12166.6669921875,0,0,0,643.095275878906,0,0,0,0,26071.427734375,0,7300,0,0,21905.48828125,0,0,0,0,0,0,0,0,11992.857421875,0,0,0,0,0,7300,0,7821.42846679688,9385.7138671875,0,0,5214.28564453125,0,2085.71435546875,0,0,6764.478515625,0,0,7563.51318359375,0,0,0,0,0,22123.8916015625,0,0,7077.4541015625,0,0,0,0,0,7698.18212890625,0,0,175114.1875,6375.14013671875
"NGA",3,1,"LSMS-ISA2015",2015,6,24,2407,396,0,240167,1,0,180000,0,0,0,20683.333984375,0,0,0,3041.66674804688,0,0,0,0,0,0,19466.666015625,10000,0,11432.6083984375,0,0,0,0,0,0,0,13035.7138671875,15642.857421875,0,0,0,0,6778.5712890625,3650,0,0,0,0,4171.4287109375,0,36500,2085.71435546875,0,0,0,5988.85595703125,0,2706.07470703125,0,0,0,0,0,38179.1796875,0,0,7821.4287109375,18125.2912597656,0,0,0,0,0,0,0,399309.375,6375.14013671875
"NGA",3,1,"LSMS-ISA2015",2015,6,24,2407,396,0,240168,5,730,4800,0,0,0,1825,0,0,2920,480,0,0,0,0,5214.285546875,0,6083.33349609375,800,0,1415.90026855469,0,0,0,0,2607.1427734375,6257.14296875,0,0,4588.571484375,0,0,6257.14296875,12514.2859375,782.14287109375,1251.42861328125,0,4692.85708007813,1668.571484375,0,1042.85712890625,0,7299.9998046875,1042.85717773438,0,0,0,0,0,1521.8033203125,0,0,2289.1986328125,0,0,0,0,0,0,0,0,0,0,0,0,0,973.333312988281,79057.859375,6375.14013671875
"NGA",3,1,"LSMS-ISA2015",2015,6,24,2407,396,0,240169,5,1216.66674804688,1920,0,0,0,2920,0,0,5400,4771.90478515625,0,0,4866.666796875,0,20857.1421875,0,19466.66796875,1000,0,3600,0,0,0,0,0,5214.285546875,6257.14296875,0,7821.42890625,0,0,15642.8578125,10428.57109375,0,2085.7142578125,0,2607.14282226563,6257.14296875,0,0,0,135571.428125,521.428564453125,0,0,0,0,0,0,0,0,23807.6640625,0,0,0,0,0,0,0,0,0,0,0,0,0,3650,285883.875,6375.14013671875
"NGA",3,1,"LSMS-ISA2015",2015,6,24,2407,396,0,240170,4,0,900,0,0,0,2129.16674804688,0,0,6120,400,0,0,0,0,0,0,4562.5,100,0,6273.64599609375,0,0,0,0,2085.71435546875,3910.71435546875,0,0,2998.21435546875,0,0,0,6517.85693359375,0,0,0,6517.85711669922,1955.35717773438,0,1042.85717773438,0,54749.9982910156,1825,0,0,1303.5712890625,0,0,1566.90454101563,0,0,0,0,0,0,0,3226.33935546875,0,0,0,0,0,0,0,0,608.333312988281,108794.03125,6375.14013671875
"NGA",3,1,"LSMS-ISA2015",2015,1,25,2508,2788,1,250001,4,0,1200,0,1216.66662597656,0,608.333312988281,2129.16674804688,0,4550,230.357147216797,0,0,0,0,0,0,0,300,0,2501.43603515625,0,7821.4287109375,0,5214.28564453125,9776.7861328125,0,7691.07153320313,0,0,0,0,0,3910.71435546875,0,5866.07141113281,0,2607.14288330078,6517.85693359375,782.142883300781,0,0,0,4692.85723876953,0,0,0,0,0,0,0,0,0,0,0,0,0,0,0,0,0,0,0,0,0,0,0,67616.3203125,2902.01538085938
"NGA",3,1,"LSMS-ISA2015",2015,1,25,2508,2788,1,250002,9,0,0,0,2703.70377604167,3379.62955729167,3379.62955729167,8111.11111111111,0,6111.11111111111,1327.80419921875,0,0,6759.25911458333,0,0,0,9462.962890625,0,0,6978.77001953125,0,0,3476.19053819444,11587.3012152778,15642.8576388889,0,0,0,8690.47591145833,0,8690.4765625,17380.953125,11587.3012152778,28968.2530381944,9849.20670572917,1738.09526909722,6662.69840494792,4345.23828125,1738.09526909722,8342.85720486111,0,42873.0154079861,869.047634548611,0,0,0,0,0,0,0,0,0,0,0,0,0,0,0,0,0,0,0,0,0,0,878.703674316406,231534.71875,2902.01538085938
"NGA",3,1,"LSMS-ISA2015",2015,1,25,2508,2788,1,250003,8,0,2250,0,532.291687011719,0,212.91667175293,0,0,7875,180.357147216797,0,0,0,0,0,0,12166.666015625,0,0,7851.1162109375,0,0,7821.4287109375,9776.7861328125,49861.60546875,0,0,0,31285.71484375,0,0,5214.28564453125,5214.28564453125,651.785705566406,5214.28576660156,0,5149.10717773438,13035.7138671875,1955.35717773438,651.785705566406,0,651.785705566406,260.714294433594,0,0,0,0,0,0,0,0,0,0,0,0,0,0,0,0,0,0,0,0,0,0,228.125,168041.140625,2902.01538085938
"NGA",3,1,"LSMS-ISA2015",2015,1,25,2508,2788,1,250004,6,0,0,0,2027.77783203125,811.111083984375,1013.88891601563,2838.88899739583,0,6800,327.460327148438,0,0,0,0,869.047607421875,0,3447.22241210938,2666.66674804688,0,2235.35522460938,0,0,5648.80924479167,8690.47591145833,8690.47591145833,0,0,0,0,0,0,10428.5716145833,5214.28580729167,0,6083.33333333333,0,3476.19051106771,8690.47591145833,1303.57145182292,0,0,8690.47591145833,695.238118489583,0,0,0,0,0,0,0,0,0,0,0,0,0,0,0,0,0,0,0,0,0,0,405.555541992188,91054.875,2902.01538085938
"NGA",3,1,"LSMS-ISA2015",2015,1,25,2508,2788,1,250005,15,0,1200,0,243.333333333333,0,40.5555541992187,0,0,2466.66666666667,152.412689208984,0,0,0,0,0,0,4055.5556640625,200,0,4533.24267578125,0,6952.38072916667,2085.71432291667,6257.14270833333,6257.14270833333,0,347.61904296875,0,834.2857421875,0,0,3128.57135416667,1738.09518229167,278.095247395833,6430.95249023437,139.047623697917,2259.52381184896,1599.04765625,278.095247395833,347.61904296875,0,2815.71429036458,69.5238118489583,0,0,0,0,0,0,0,0,0,0,0,0,0,2607.1427734375,0,0,0,0,0,0,0,0,0,57317.48046875,2902.01538085938
"NGA",3,1,"LSMS-ISA2015",2015,1,25,2508,2788,1,250006,10,0,600,0,1825,0,0,0,0,2802,987.142883300781,0,0,0,0,0,0,3285,2800,0,6404.13720703125,0,1982.78642195058,1982.78642195058,9253.00308050876,13218.5755337849,0,0,0,5750.08056860985,0,3304.64388344623,5287.43040305306,2313.25077012719,660.928788174602,4229.94438991123,925.300318369258,4229.94438991123,1321.8575763492,925.300318369258,528.743051790661,0,11235.7893759361,991.39321097529,0,0,0,13174.2920125669,5274.01027216632,0,0,0,0,0,0,0,0,0,0,0,0,0,0,0,896.219371784676,0,0,106189.5625,2902.01538085938
"NGA",3,1,"LSMS-ISA2015",2015,1,25,2508,2788,1,250007,5,0,1200,0,2433.3333984375,0,486.666650390625,0,0,6000,1100,0,0,4866.666796875,0,0,0,8516.666015625,2503.33349609375,0,3068.283203125,0,0,0,5005.714453125,19814.2859375,2085.7142578125,0,0,4901.42856445312,0,0,5214.285546875,3128.571484375,2085.7142578125,14808.5716796875,1564.28569335938,7717.14291992187,7195.7140625,1042.85712890625,3754.2857421875,0,23464.285546875,730,0,0,0,0,0,0,0,0,0,0,0,0,0,5214.285546875,0,0,0,0,0,0,0,0,0,137902.09375,2902.01538085938
"NGA",3,1,"LSMS-ISA2015",2015,1,25,2508,2788,1,250008,8,1368.75,600,0,4562.5,1216.66662597656,1140.625,1825,0,4275,658.928588867188,0,0,4562.5,0,0,0,3802.08349609375,0,0,1500,0,3910.71435546875,0,2607.14282226563,15968.75,14339.2856445313,5214.28564453125,0,6191.96447753906,0,0,3258.92846679688,9776.7861328125,1433.92858886719,16946.4287109375,0,5214.28564453125,7495.53564453125,977.678588867188,1825,0,14665.1782226563,977.678588867188,0,0,0,0,0,0,0,0,0,0,0,0,0,0,0,0,0,0,0,0,0,0,1520.83337402344,137836.453125,2902.01538085938
"NGA",3,1,"LSMS-ISA2015",2015,1,25,2508,2788,1,250009,6,0,3000,0,0,1622.22216796875,202.777770996094,0,0,12000,1066.26989746094,0,0,0,0,0,0,3041.66674804688,0,0,5054.736328125,0,0,0,13557.1432291667,15642.8567708333,434.523803710938,2085.71435546875,0,2085.71435546875,0,0,4345.23795572917,3476.1904296875,1738.09521484375,5214.28564453125,0,7386.90466308594,2172.61897786458,1303.57145182292,0,0,869.047607421875,434.523803710938,0,0,6722.38541666667,0,0,0,0,0,0,0,0,0,0,0,0,0,0,0,0,0,0,0,0,93456.484375,2902.01538085938
"NGA",3,1,"LSMS-ISA2015",2015,1,25,2508,2788,1,250010,8,0,0,0,0,0,0,0,0,0,32.5892868041992,0,0,182.5,0,0,0,304.166656494141,125,0,1676.51635742188,0,651.785705566406,651.785705566406,0,0,0,1173.21423339844,0,0,0,0,0,0,0,586.607116699219,0,325.892868041992,0,521.428588867188,0,0,782.142852783203,130.357147216797,0,0,360.127807617188,0,0,623.309692382813,0,0,0,0,0,0,0,0,0,0,0,0,0,0,0,0,0,8127.423828125,2902.01538085938
"NGA",3,1,"LSMS-ISA2015",2015,1,25,2504,222,0,250011,6,0,0,0,0,0,0,0,0,8833.33333333333,290.476196289063,0,0,1013.88891601563,0,0,0,4055.5556640625,666.666687011719,0,5648.30908203125,0,0,0,0,0,0,0,0,4345.23795572917,0,0,5214.28580729167,5214.28580729167,1042.85717773438,3823.8095703125,0,4345.23811848958,0,869.047607421875,4605.95251464844,0,8690.47591145833,0,0,0,3476.1904296875,3298.59602864583,0,0,0,0,0,0,0,0,0,0,695.238118489583,768.77294921875,3303.52701822917,0,0,0,0,0,0,70201.75,4729.2099609375
"NGA",3,1,"LSMS-ISA2015",2015,1,25,2504,222,0,250012,4,0,0,0,1825,0,0,1520.83337402344,0,4225,8628.2734375,1520.83337402344,0,7604.16650390625,0,20857.142578125,0,6083.33349609375,2000,0,6196.14013671875,0,0,0,0,19553.572265625,0,0,0,3910.71435546875,0,0,5214.28564453125,3650,0,6517.85693359375,2607.14282226563,4562.5,9776.7861328125,0,7430.35693359375,0,13687.4997558594,1694.64288330078,4752.6298828125,0,17335.6889648438,0,24648.974609375,0,0,0,0,0,0,0,0,2954.76171875,0,13219.552734375,0,0,0,0,0,0,0,201977.671875,4729.2099609375
"NGA",3,1,"LSMS-ISA2015",2015,1,25,2504,0,0,250013,7,0,1028.57141113281,0,0,0,2607.14285714286,2607.14285714286,347.619049072266,19428.5714285714,12605.4423828125,0,0,8690.47600446429,0,2234.69391741071,0,17380.951171875,9500,0,2201.51220703125,0,0,0,1117.34695870536,26071.4285714286,14897.9587053571,0,14897.9587053571,7821.42857142857,0,0,0,4469.38783482143,4469.38783482143,2607.14285714286,0,1489.7958984375,0,78959.1824776786,27561.2244698661,0,37244.8973214286,0,0,0,0,0,0,0,0,0,0,0,0,0,0,0,0,0,0,0,0,0,0,0,0,300239.21875,4729.2099609375
"NGA",3,1,"LSMS-ISA2015",2015,1,25,2504,222,0,250014,6,0,0,0,0,0,0,0,0,833.333333333333,840.476257324219,0,0,405.555541992188,0,4345.23795572917,0,2636.11108398438,2333.33325195313,0,6789.1953125,0,0,0,3476.1904296875,5735.71419270833,0,521.428588867188,0,0,0,0,4345.23795572917,3476.1904296875,2259.52376302083,1738.09521484375,0,3910.71423339844,0,869.047607421875,434.523803710938,0,608.333333333333,434.523803710938,0,0,1086.30948893229,0,0,0,0,0,0,0,0,0,0,5330.15852864583,0,0,2121.55794270833,0,0,0,0,0,0,54530.78515625,4729.2099609375
"NGA",3,1,"LSMS-ISA2015",2015,1,25,2504,222,0,250015,7,0,0,0,0,0,0,0,0,8285.71428571429,4098.9794921875,0,0,3476.19056919643,0,17877.5513392857,0,12166.666015625,571.428588867188,0,18345.48828125,0,0,0,0,32775.5111607143,0,0,0,4916.32652064732,0,0,6704.08147321429,7448.97935267857,5959.18359375,13408.1635044643,2607.14285714286,5586.73472377232,0,2234.69391741071,3352.04080636161,0,14153.0608956473,372.448974609375,1086.3154296875,0,2881.02232142857,0,3982.92410714286,698.201799665179,0,0,0,6704.08147321429,0,0,1340.81626674107,9807.82296316964,0,0,2831.59458705357,1123.58907645089,0,0,1194.54547991071,0,0,195991.28125,4729.2099609375
"NGA",3,1,"LSMS-ISA2015",2015,1,25,2504,222,0,250016,7,0,0,0,4345.23800223214,1390.47614397321,0,0,0,0,1383.50329589844,0,0,2607.14285714286,0,0,0,5214.28564453125,1842.85717773438,0,5218.2373046875,0,0,0,0,16387.7555803571,0,0,0,1862.24483816964,0,0,0,744.89794921875,297.959193638393,3426.53069196429,0,3650.00003487723,1862.24483816964,1117.34695870536,744.89794921875,0,744.89794921875,372.448974609375,0,0,2057.87318638393,0,0,0,0,0,0,0,0,0,0,0,0,0,0,0,0,0,0,0,0,55270.84375,4729.2099609375
"NGA",3,1,"LSMS-ISA2015",2015,1,25,2504,222,0,250017,8,0,0,0,0,0,0,0,0,2550,117.886909484863,0,15208.3330078125,0,0,2607.14282226563,0,7908.3330078125,142.5,0,3098.07006835938,0,977.678588867188,1564.28576660156,5214.28564453125,5996.4287109375,0,0,0,2541.96429443359,0,0,2607.14282226563,847.321411132813,4301.78579711914,1303.57141113281,0,3910.71432495117,814.732116699219,977.678588867188,1173.21432495117,0,6648.21423339844,391.071441650391,0,0,2149.98754882813,0,0,0,0,0,0,0,0,0,195.535720825195,4388.6904296875,521.428588867188,1499.10717773438,0,0,0,0,0,0,0,79657.109375,4729.2099609375
"NGA",3,1,"LSMS-ISA2015",2015,1,25,2504,222,0,250018,12,0,0,0,0,0,0,0,0,5058.33333333333,1332.34130859375,0,0,6083.33333333333,1520.83333333333,17380.9518229167,0,6590.27783203125,3840.27758789063,0,7471.69482421875,0,0,0,0,0,0,0,0,1781.54754638672,0,0,6517.857421875,2172.61897786458,1303.57141113281,6300.59529622396,1086.30950927734,2824.4047648112,0,0,1911.90478515625,0,6430.95237223307,217.261901855469,2217.89388020833,0,2400.85205078125,4947.89420572917,5227.58756510417,31.7625554402669,0,0,0,0,0,1278.01123046875,0,1969.84114583333,869.047607421875,665.155680338542,1651.76350911458,873.902587890625,0,0,696.818196614583,0,202.777770996094,102858.3828125,4729.2099609375
"NGA",3,1,"LSMS-ISA2015",2015,1,25,2504,222,0,250019,6,0,0,0,0,0,2027.77783203125,1419.44449869792,0,1333.33333333333,786.90478515625,0,0,4055.5556640625,0,0,0,6083.33349609375,2000,0,15708.97265625,0,0,0,9086.93759770847,16154.5562634874,12115.9172789958,0,0,14135.2365364461,0,0,4038.63894847412,7067.61826822306,8077.27789694825,13125.5769077209,504.829868559265,7572.44808258565,0,3028.97931974894,8582.10810886671,0,14135.2365364461,504.829868559265,0,0,17567.6975816777,0,0,0,0,0,0,0,0,0,0,0,0,0,0,0,1529.78754918735,0,1619.12712704186,0,1013.88891601563,173276,4729.2099609375
"NGA",3,1,"LSMS-ISA2015",2015,1,25,2504,222,0,250020,9,0,0,0,0,0,1757.40744357639,0,0,5855.55555555556,331.375640869141,0,0,10814.8151041667,0,5793.65060763889,0,4596.29638671875,555.555541992188,0,88281.2265625,0,0,0,0,6319.5715852073,9479.3580552353,0,0,5055.65736552447,0,0,9479.3580552353,7583.48629168328,5055.65736552447,8847.40051136611,0,947.93578646041,3791.74314584164,2211.85012784153,1706.28441856463,0,758.348638699888,379.174319349944,0,0,13132.860819728,0,0,0,0,0,0,0,0,0,0,4213.04803920607,0,6137.57295660866,0,0,0,0,0,0,0,203085.1875,4729.2099609375
"NGA",3,1,"LSMS-ISA2015",2015,1,25,2509,248,0,250021,8,0,0,0,0,0,0,1520.83337402344,0,3975,200.386901855469,0,0,2281.25,0,3258.92846679688,0,0,0,0,1456.72155761719,0,0,0,0,0,0,0,0,1564.28576660156,0,0,1303.57141113281,1303.57141113281,0,3910.71435546875,0,977.678558349609,0,651.785705566406,1564.28576660156,1303.57141113281,4823.21423339844,325.892852783203,4752.6298828125,0,6146.701171875,7421.84130859375,11642.3415527344,0,0,0,0,0,0,0,0,0,0,3095.98205566406,1238.82263183594,0,0,0,1045.22729492188,0,0,65765.234375,3546.90747070313
"NGA",3,1,"LSMS-ISA2015",2015,1,25,2509,248,0,250022,11,0,0,0,0,0,0,0,0,3454.54545454545,63.6363639831543,0,0,3318.18181818182,0,0,0,2212.12133789063,2727.27270507813,0,1427.01416015625,0,0,0,0,0,0,0,0,1422.07794744318,0,0,0,0,0,3318.18181818182,0,3318.18181818182,0,1422.07794744318,0,4740.25958806818,4740.25958806818,237.01298384233,1728.22904829545,0,0,3598.46839488636,2130.68732244318,0,0,0,0,0,0,0,0,0,0,686.730024857955,5405.77166193182,0,0,0,0,0,0,45950.71484375,3546.90747070313
"NGA",3,1,"LSMS-ISA2015",2015,1,25,2509,248,0,250023,10,0,0,0,0,0,0,0,0,6010,136.476196289063,0,0,2433.3333984375,0,0,0,4866.6669921875,1400,0,1569.71557617188,0,0,0,1877.1427734375,0,0,0,0,1147.14287109375,0,0,1042.85712890625,0,625.714306640625,2085.7142578125,521.428564453125,2346.42856445313,782.14287109375,260.714282226562,260.714282226562,0,4171.42846679688,260.714282226562,7984.41796875,0,0,2968.7365234375,13580.1822265625,0,0,651.785693359375,0,0,0,0,0,0,0,1338.78984375,0,0,0,0,0,0,0,58322.24609375,3546.90747070313
"NGA",3,1,"LSMS-ISA2015",2015,1,25,2509,248,0,250024,8,0,0,0,0,0,0,0,0,0,65.1785736083984,0,0,3041.66674804688,0,3910.71435546875,0,4562.5,0,0,4035.14233398438,0,0,0,4888.39306640625,5214.28564453125,0,1303.57141113281,0,0,0,0,3258.92846679688,0,0,1955.35717773438,651.785705566406,651.785705566406,0,0,0,9125,9125,325.892852783203,1901.05200195313,0,0,0,4882.82470703125,0,0,0,0,0,0,0,0,0,0,325.892883300781,3716.46801757813,0,0,0,0,0,0,62941.4453125,3546.90747070313
"NGA",3,1,"LSMS-ISA2015",2015,1,25,2509,248,0,250025,10,0,0,0,0,0,0,0,0,2970,6586.66650390625,0,0,2433.3333984375,0,5214.285546875,0,10341.6669921875,8000,0,3839.02270507813,0,0,2607.1427734375,0,13765.7140625,0,1042.85712890625,0,782.142883300781,0,0,0,1042.85712890625,417.14287109375,2450.7142578125,677.857141113281,886.428564453125,3754.285546875,521.428564453125,1251.42858886719,0,7717.14265136719,260.714282226562,5703.15546875,0,2016.715625,0,18819.3140625,0,0,0,0,0,45364.284375,0,0,590.95234375,0,834.768383789062,0,0,0,0,836.1818359375,0,182.5,150910.703125,3546.90747070313
"NGA",3,1,"LSMS-ISA2015",2015,1,25,2509,248,0,250026,7,0,0,0,0,0,0,2085.71428571429,0,2800,148.979598999023,0,0,0,0,4469.38783482143,0,4866.6669921875,0,0,2303.15063476563,0,0,0,0,0,0,1745.05322240446,0,0,0,0,0,1745.05322240446,0,261.757996706073,0,1308.7899564843,3839.11721526794,0,0,0,0,436.263305601116,4453.54526016526,0,4362.63297664925,4967.7018030156,29744.8202932991,2503.21981310746,0,0,0,0,0,0,0,0,0,15156.2623586332,0,0,0,0,0,0,0,87198.109375,3546.90747070313
"NGA",3,1,"LSMS-ISA2015",2015,1,25,2509,248,0,250027,4,0,0,0,0,0,0,0,0,2250,1269.04760742188,0,0,0,6083.33349609375,0,0,7604.1669921875,1500,0,43920.015625,0,0,0,0,26071.427734375,0,2607.14282226563,0,1564.28576660156,0,0,0,1303.57141113281,0,6517.85717773438,391.071441650391,6517.85705566406,0,1303.57141113281,260.714294433594,1303.57141113281,1825,651.785705566406,2851.57788085938,0,0,0,21331.5529785156,0,0,0,0,0,0,0,0,6517.85693359375,0,1368.85192871094,4955.29052734375,0,0,0,0,0,0,149969.53125,3546.90747070313
"NGA",3,1,"LSMS-ISA2015",2015,1,25,2509,248,0,250028,13,0,0,0,0,0,0,1123.07692307692,0,4338.46153846154,66.8498153686523,0,0,1403.84615384615,0,0,0,0,307.692321777344,0,2245.38330078125,0,0,0,0,0,0,2238.90648722923,0,0,0,0,0,4477.81297445845,0,3134.46918544585,0,895.562612112512,0,895.562612112512,0,1074.67518839426,0,447.781306056256,6530.17947941241,0,6494.52523540824,12747.1414855015,4696.34864572229,0,0,0,0,0,0,0,0,0,0,5510.87487511634,5106.47871359064,0,0,0,2313.62730972793,0,0,66049.2578125,3546.90747070313
"NGA",3,1,"LSMS-ISA2015",2015,1,25,2509,248,0,250029,7,0,0,0,0,0,0,1738.09528459821,0,14942.8571428571,1320.44226074219,0,0,52142.8571428571,0,1862.24483816964,0,7821.4287109375,285.714294433594,0,5484.31787109375,0,0,0,744.89794921875,0,0,2234.69391741071,0,446.938790457589,0,0,14897.9587053571,14897.9587053571,0,0,0,7002.04087611607,31136.734375,0,0,0,446.938790457589,446.938790457589,6517.89229910714,0,0,5654.73604910714,11160.7421875,0,0,0,0,0,0,0,0,4965.98660714286,0,0,0,0,0,0,2389.09095982143,0,1042.85717773438,189584.359375,3546.90747070313
"NGA",3,1,"LSMS-ISA2015",2015,1,25,2509,248,0,250030,8,0,0,0,0,0,0,0,0,2825,661.607177734375,0,0,3041.66674804688,0,0,0,5322.91650390625,1250,0,9255.6669921875,0,0,0,0,0,0,0,0,3128.57153320313,0,0,6517.85693359375,3258.92846679688,0,1303.57141113281,0,1303.57141113281,0,977.678588867188,0,0,17598.2137451172,325.892852783203,4752.6298828125,0,1080.38330078125,6184.86767578125,21416.4255371094,0,0,0,0,0,0,0,0,3258.92846679688,0,548.637268066406,0,0,0,0,0,0,0,94013.0078125,3546.90747070313
"NGA",3,1,"LSMS-ISA2015",2015,1,25,2507,814,0,250031,1,0,0,0,0,0,0,12166.6669921875,0,0,260.714294433594,0,0,0,0,0,0,0,400,0,23123.064453125,0,0,0,0,0,0,0,0,0,0,0,0,20857.142578125,0,41714.28515625,0,5214.28564453125,0,0,0,0,0,5214.28564453125,15208.416015625,0,15642.857421875,19791.576171875,0,0,0,0,0,0,0,0,0,0,0,3910.7138671875,0,0,0,0,0,0,0,163504.015625,3009.49731445313
"NGA",3,1,"LSMS-ISA2015",2015,1,25,2507,814,0,250032,2,0,0,0,2433.33325195313,0,0,0,0,3500,721.428588867188,0,0,0,0,0,0,0,0,0,5873.93701171875,0,0,0,13035.7138671875,10428.5712890625,2607.14282226563,1564.28576660156,0,3128.57153320313,0,0,5214.28564453125,26071.427734375,3128.57153320313,31285.71484375,0,7821.42846679688,5214.28564453125,1303.57141113281,0,0,0,782.142883300781,0,0,0,0,0,0,0,0,0,0,0,0,0,0,0,1436.13806152344,0,0,0,0,0,0,0,125550.5625,3009.49731445313
"NGA",3,1,"LSMS-ISA2015",2015,1,25,2507,814,0,250033,11,0,0,0,0,0,663.636363636364,0,0,7818.18181818182,2033.89611816406,0,0,2212.12127130682,0,28441.5596590909,0,3871.21240234375,909.090881347656,0,8568.5302734375,0,0,0,0,0,0,474.025967684659,0,1185.06489701705,0,0,4740.25958806818,9717.53215997869,1279.8701171875,9954.54527698864,948.051935369318,4029.22083629261,0,474.025967684659,237.01298384233,0,7110.38991477273,237.01298384233,0,0,13272.7272727273,13494.2571022727,26015.2066761364,0,0,0,0,4266.23366477273,0,0,0,0,0,901.82138893821,2702.88583096591,0,0,0,1119.56312144886,0,0,156677.9375,3009.49731445313
"NGA",3,1,"LSMS-ISA2015",2015,1,25,2507,814,0,250034,1,0,0,0,0,0,0,0,0,0,0,0,0,0,0,0,0,0,0,0,10621.369140625,0,0,0,0,0,0,0,0,0,0,0,0,0,0,0,0,0,0,0,0,7821.4287109375,125142.857421875,0,0,0,19563.447265625,0,0,9774.8251953125,0,0,0,0,0,0,0,3743.58959960938,0,0,0,0,0,0,0,0,0,176667.53125,3009.49731445313
"NGA",3,1,"LSMS-ISA2015",2015,1,25,2507,814,0,250035,9,0,0,0,0,0,0,0,0,5600,200,0,0,3379.62955729167,0,0,0,0,2222.22216796875,1448.41265190972,3586.79321289063,0,5793.65060763889,0,5793.65060763889,5793.65060763889,5793.65060763889,1738.09526909722,0,2665.07926432292,0,0,0,1969.84130859375,0,4055.55544704861,0,5069.44439019097,4345.23828125,0,0,5793.65060763889,9269.84109157986,3476.1904296875,0,0,0,0,0,0,0,0,0,0,0,0,0,0,0,0,0,0,0,0,0,0,0,77994.6015625,3009.49731445313
"NGA",3,1,"LSMS-ISA2015",2015,1,25,2507,814,0,250036,3,0,0,0,0,0,162.22221883138,0,0,9000,347.619049072266,0,0,0,0,0,0,0,1333.33337402344,0,24701.369140625,0,0,0,0,13904.76171875,3476.1904296875,2085.71435546875,0,8690.47591145833,0,0,5214.28580729167,1738.09521484375,1390.47623697917,10428.5716145833,0,12166.6665039063,13904.76171875,869.047607421875,3650,2085.71435546875,14947.6190592448,347.619059244792,7604.20768229167,0,5762.04427083333,0,0,0,0,0,0,0,0,0,0,0,0,0,0,0,0,0,0,0,0,143810.78125,3009.49731445313
"NGA",3,1,"LSMS-ISA2015",2015,1,25,2507,814,0,250037,2,0,0,0,0,0,3041.66674804688,9125,0,8100,1000,0,0,0,0,0,0,0,0,0,3782.62329101563,0,26071.427734375,0,39107.14453125,26071.427734375,26071.427734375,18250,0,0,0,0,0,15642.857421875,0,26071.427734375,0,11732.1428222656,23464.28515625,2607.14282226563,0,0,13035.7138671875,782.142883300781,0,0,0,0,0,0,0,0,0,0,0,0,0,0,0,0,0,0,0,0,0,0,0,253956.421875,3009.49731445313
"NGA",3,1,"LSMS-ISA2015",2015,1,25,2507,814,0,250038,14,0,0,0,0,0,1303.57142857143,695.238071986607,0,314.285714285714,5370.10205078125,0,869.047642299107,0,0,0,0,1564.28576660156,571.428588867188,0,780.637084960938,0,5586.73493303571,0,5586.73493303571,13966.8370535714,1862.24483816964,1862.24483816964,0,0,0,0,0,1862.24483816964,0,4469.38783482143,0,3352.04080636161,3724.48967633929,1117.34695870536,0,2979.591796875,10428.5711495536,223.469395228795,0,0,0,0,0,0,0,0,0,0,0,0,0,0,0,0,0,0,0,0,0,0,0,68490.5390625,3009.49731445313
"NGA",3,1,"LSMS-ISA2015",2015,1,25,2507,814,0,250039,5,0,0,0,0,0,0,7300,0,3000,196.476196289063,0,0,0,0,0,0,0,0,0,4388.22314453125,0,0,0,18771.428125,26071.428125,0,6257.14296875,0,0,0,0,4171.428515625,3650,0,15642.8578125,0,3128.57138671875,18250,4171.428515625,0,4171.428515625,6257.14296875,417.14287109375,11406.3109375,0,0,0,14782.63671875,0,0,0,0,0,0,0,0,0,0,0,0,0,0,0,0,0,0,152033.625,3009.49731445313
"NGA",3,1,"LSMS-ISA2015",2015,1,25,2507,814,0,250040,4,0,0,0,0,0,0,6083.33349609375,0,1750,130.357147216797,0,0,0,0,2607.14282226563,0,0,0,0,7515.64208984375,0,0,0,0,10428.5712890625,0,7821.4287109375,0,0,0,0,0,13035.7138671875,0,13035.7138671875,0,2607.14282226563,11732.142578125,651.785705566406,0,0,0,782.142883300781,5703.15576171875,0,0,0,0,0,0,0,0,0,0,0,0,0,0,3910.71411132813,0,0,0,0,0,0,0,87794.9921875,3009.49731445313
"NGA",3,1,"LSMS-ISA2015",2015,1,25,2513,128,0,250041,8,0,750,0,0,0,0,0,0,150,65.1785736083984,0,0,0,0,0,0,0,2000,0,3990.62719726563,0,0,0,0,0,0,0,0,0,0,0,0,0,0,2804.41541546736,0,1956.5688561332,0,652.189618719945,0,0,0,391.313789542514,0,0,3260.9480325912,0,0,0,0,0,0,0,0,0,0,0,0,0,2479.18066632996,0,0,0,0,0,0,18500.423828125,4621.72802734375
"NGA",3,1,"LSMS-ISA2015",2015,1,25,2513,128,0,250042,5,0,720,0,0,0,0,1216.66669921875,0,0,600,0,0,0,0,0,0,2433.33349609375,600,0,2185.78369140625,0,1460,0,0,5214.285546875,0,0,0,0,0,0,0,0,0,2607.1427734375,0,3128.57143554687,1355.7142578125,1042.85712890625,0,0,2085.7142578125,521.428564453125,0,0,5214.285546875,0,0,0,0,0,0,0,0,0,0,0,0,0,0,0,0,0,0,0,0,30385.783203125,4621.72802734375
"NGA",3,1,"LSMS-ISA2015",2015,1,25,2513,128,0,250043,7,0,0,0,0,0,0,0,0,0,88.8095245361328,0,0,0,0,0,0,1564.28576660156,1428.57141113281,0,2155.10083007813,0,2830.61216517857,0,0,7448.97935267857,0,0,0,744.89794921875,0,0,0,0,0,0,0,4096.93865094866,7448.97935267857,0,0,0,0,744.89794921875,0,0,22346.9397321429,0,0,0,0,0,0,0,0,1708.88351004464,0,1862.24483816964,0,1489.79603794643,0,0,0,0,597.272739955357,0,0,56557.20703125,4621.72802734375
"NGA",3,1,"LSMS-ISA2015",2015,1,25,2513,128,0,250044,12,0,0,0,0,0,0,0,0,3666.66666666667,370.238128662109,0,0,0,0,0,0,2027.77783203125,3333.33325195313,0,1024.68530273438,0,0,0,6083.33333333333,6517.857421875,0,0,0,0,0,0,4345.23795572917,2607.14290364583,869.047607421875,2172.61897786458,0,4692.85705566406,3910.71419270833,434.523803710938,0,4345.23795572917,3519.64278157552,651.785725911458,3168.419921875,0,0,0,0,0,0,0,0,0,0,0,0,0,0,0,0,0,0,0,0,0,0,53741.12109375,4621.72802734375
"NGA",3,1,"LSMS-ISA2015",2015,1,25,2513,128,0,250045,11,0,2181.81811523438,0,0,0,0,0,0,1909.09090909091,182.510833740234,0,0,0,0,0,0,2765.15161132813,0,0,10838.55078125,0,4266.23366477273,0,0,9480.51917613636,0,4740.25958806818,0,237.01298384233,0,0,0,6636.36363636364,474.025967684659,8532.46732954545,0,3318.18177379261,14220.7798295455,1422.07794744318,0,3318.18172940341,1896.10387073864,711.038973721591,0,0,2619.111328125,0,0,0,0,0,0,0,0,0,0,0,0,0,0,0,0,0,0,0,0,79749.46875,4621.72802734375
"NGA",3,1,"LSMS-ISA2015",2015,1,25,2513,128,0,250046,7,0,857.142883300781,0,0,0,0,1216.66671316964,0,714.285714285714,1065.71423339844,0,0,0,0,0,0,1911.90490722656,0,0,2242.45092773438,0,0,0,0,7821.42857142857,0,0,0,2234.69391741071,0,0,0,0,0,3724.48967633929,0,372.448974609375,1489.7958984375,372.448974609375,0,0,7448.97935267857,372.448974609375,1086.3154296875,0,7448.97935267857,0,0,0,0,0,0,0,0,0,0,0,0,1303.57142857143,0,0,0,0,0,0,0,41683.76953125,4621.72802734375
"NGA",3,1,"LSMS-ISA2015",2015,1,25,2513,128,0,250047,6,0,600,0,0,0,0,1520.83333333333,0,266.666666666667,1086.90478515625,0,0,0,0,0,0,2230.5556640625,500,0,1292.20642089844,0,13035.71484375,0,0,0,0,0,0,434.523803710938,0,0,0,0,0,2172.61897786458,0,1738.09521484375,0,434.523803710938,0,0,434.523803710938,869.047607421875,0,0,5214.28580729167,13194.3841145833,0,0,0,0,0,0,0,0,10428.5716145833,0,0,0,0,0,0,0,0,0,0,55453.45703125,4621.72802734375
"NGA",3,1,"LSMS-ISA2015",2015,1,25,2513,128,0,250048,7,0,1714.28576660156,0,869.047642299107,0,0,0,0,848.571428571429,908.571411132813,0,0,0,0,29795.9174107143,0,4692.85693359375,0,0,3367.87817382813,0,2607.14285714286,0,0,13110.2036830357,7448.97935267857,372.448974609375,0,0,0,0,7448.97935267857,1489.7958984375,0,13184.694405692,0,2458.16324288504,3277.55106026786,1862.24483816964,521.428571428571,11173.4698660714,22346.9388950893,2234.69384765625,0,0,2234.69391741071,0,0,0,0,0,0,0,0,0,0,0,595.918387276786,658.9482421875,0,0,0,0,0,0,0,135223.421875,4621.72802734375
"NGA",3,1,"LSMS-ISA2015",2015,1,25,2513,128,0,250049,7,0,0,0,0,0,0,1216.66671316964,0,0,131.632659912109,0,0,0,0,0,0,0,857.142883300781,0,1107.60546875,0,0,0,0,1489.7958984375,0,0,0,0,0,0,0,0,0,4469.38783482143,0,3724.48974609375,2234.69391741071,744.89794921875,0,0,1489.7958984375,372.448974609375,5431.57700892857,0,11173.4698660714,0,0,0,0,0,0,0,0,2431.87276785714,0,0,0,0,0,0,0,0,0,0,0,36875.48046875,4621.72802734375
"NGA",3,1,"LSMS-ISA2015",2015,1,25,2513,128,0,250050,6,0,0,0,0,0,0,0,0,1100,534.722229003906,0,0,0,0,6517.857421875,0,5069.44482421875,333.333343505859,0,1198.47961425781,0,0,0,0,0,0,2433.33341471354,0,869.047607421875,0,0,0,0,0,2172.61897786458,0,1303.57141113281,0,0,0,0,2607.14282226563,434.523803710938,0,0,8690.47591145833,8246.490234375,0,0,0,0,2276.52685546875,0,0,0,0,984.920572916667,2101.33772786458,434.523844401042,0,0,0,0,0,0,0,47308.3515625,4621.72802734375
"NGA",3,1,"LSMS-ISA2015",2015,1,22,2221,0,0,250051,12,0,0,0,0,0,304.166666666667,0,0,1666.66666666667,695.238098144531,0,0,0,0,0,0,4055.5556640625,0,6083.33333333333,1654.58728027344,0,0,0,0,0,0,0,0,0,0,0,0,1719.24191927032,1964.84786667014,5894.54384503132,0,4470.02899381972,0,491.211966667534,0,0,0,1031.54518623681,0,0,0,6659.91486529764,5894.54380434122,0,18010.7783053706,0,0,0,0,0,0,2210.45393702056,0,0,0,0,0,0,0,0,253.472229003906,63060.12890625,4299.28173828125
"NGA",3,1,"LSMS-ISA2015",2015,1,22,2201,0,0,250052,5,0,0,0,0,0,0,0,0,4200,1010,0,0,10950,0,0,0,12166.666015625,0,0,3971.00927734375,0,0,0,0,0,0,0,0,0,0,0,3660.75915214405,0,0,8053.67046612971,0,8419.74618161265,0,915.189788036014,2379.4935147343,0,1830.37957607203,366.075931674571,2669.31814103823,0,0,13472.9023925453,0,0,0,0,0,0,0,0,0,0,0,0,0,0,0,0,0,0,0,74065.2109375,4299.28173828125
"NGA",3,1,"LSMS-ISA2015",2015,1,25,2502,728,0,250053,4,0,0,0,0,0,0,0,0,4000,1456.25,0,0,0,0,0,0,4258.33349609375,1500,0,6207.6142578125,0,0,0,0,8864.2861328125,0,0,0,651.785705566406,0,0,0,651.785705566406,651.785705566406,4823.21423339844,782.142852783203,0,5214.28564453125,0,0,0,0,6908.92837524414,11406.3115234375,0,0,0,0,3968.30932617188,0,0,0,0,0,0,0,0,0,787.574462890625,0,0,0,0,3623.82666015625,0,0,65756.4375,4299.28173828125
"NGA",3,1,"LSMS-ISA2015",2015,1,25,2502,728,0,250054,6,0,0,0,0,0,0,0,0,6500,773.8095703125,0,0,0,0,0,0,0,0,0,1541.11511230469,0,0,0,0,0,0,0,0,5214.28580729167,0,0,0,4345.23795572917,0,8255.9521484375,0,3476.1904296875,0,2607.14290364583,0,0,5561.90478515625,3823.8095703125,3802.10384114583,0,2400.85205078125,0,0,1270.50211588542,0,0,0,0,0,0,8342.857421875,0,0,596.390055338542,0,0,0,0,0,0,0,58512.15625,4299.28173828125
"NGA",3,1,"LSMS-ISA2015",2015,1,25,2502,728,0,250055,5,0,0,0,0,0,0,1703.3333984375,0,6680,180.142852783203,0,0,0,0,0,0,2676.66674804688,0,0,3345.2265625,0,0,0,0,0,0,0,0,0,0,0,0,4171.428515625,0,2607.1427734375,0,0,0,625.714306640625,0,0,0,834.2857421875,5322.9453125,4434.62578125,7300,9895.78828125,7812.51953125,0,0,0,0,0,0,0,0,0,0,13599.126171875,0,0,0,0,0,0,0,71188.9453125,4299.28173828125
"NGA",3,1,"LSMS-ISA2015",2015,1,25,2502,728,0,250056,7,0,0,0,0,0,0,347.619035993304,0,8085.71428571429,915.306091308594,0,0,0,0,0,0,1738.09533691406,0,0,1240.76342773438,0,0,0,0,0,0,0,0,744.89794921875,0,0,1489.7958984375,0,0,4394.89787946429,0,1489.7958984375,1862.24483816964,0,595.918387276786,0,1340.81633649554,744.89794921875,0,2111.7265625,3724.48967633929,0,0,1095.89432198661,0,0,0,0,0,0,3575.51032366071,0,0,2187.34870256696,0,374.529680524554,0,0,0,0,0,38060.2578125,4299.28173828125
"NGA",3,1,"LSMS-ISA2015",2015,1,25,2503,0,0,250057,8,0,0,0,0,0,0,2281.25,0,1525,316.220245361328,0,0,2737.5,0,0,0,0,75,0,1085.66796875,0,0,0,0,7821.4287109375,0,0,0,2607.14282226563,0,0,0,0,0,6191.96423339844,0,651.785705566406,3258.92846679688,782.142883300781,1564.28576660156,0,7169.64282226563,391.071441650391,3802.10400390625,0,7027.06494140625,0,0,0,0,0,0,0,0,0,2346.42846679688,11173.4697265625,0,2427.90179443359,0,0,0,0,0,0,0,65236,4299.28173828125
"NGA",3,1,"LSMS-ISA2015",2015,1,25,2502,728,0,250059,10,0,0,0,0,0,0,851.66669921875,0,6100,78.2380981445313,0,0,973.33330078125,0,0,0,3650,1216.66674804688,0,3703.61767578125,0,0,0,0,0,0,0,0,0,0,0,0,0,0,1309.08896751087,0,523.635596808262,0,523.635596808262,0,0,0,314.181372809972,4200.01600432835,0,2094.54238723305,4968.83691846124,0,2944.85972474247,0,0,0,0,0,0,2513.45098247978,2244.15265589823,0,2749.0868223518,0,0,0,0,0,0,0,40959.01171875,4299.28173828125
"NGA",3,1,"LSMS-ISA2015",2015,1,25,2502,728,0,250060,5,0,0,0,0,0,0,3406.666796875,0,6600,396.476196289063,0,0,0,0,0,0,0,0,0,3345.2265625,0,0,73000,0,8342.85703125,0,0,0,3754.285546875,0,0,0,3128.571484375,0,7300,0,1564.2857421875,0,2502.8572265625,0,0,0,521.428564453125,0,0,0,0,0,2991.8865234375,0,0,0,0,0,0,0,0,0,5474.99990234375,0,0,0,0,0,0,0,122329.53125,4299.28173828125
"NGA",3,1,"LSMS-ISA2015",2015,1,25,2511,1424,0,250061,9,0,666.666687011719,0,473.148166232639,0,675.925944010417,0,0,888.888888888889,531.798950195313,0,0,0,0,0,0,5407.40771484375,333.333343505859,0,2547.1650390625,0,5793.65060763889,5214.28559027778,5793.65060763889,4924.60329861111,0,2896.82530381944,0,0,0,0,6952.38107638889,0,1158.73014322917,2027.77772352431,0,4055.55555555556,0,2027.77777777778,0,0,10080.9523654514,1158.73014322917,0,0,0,0,0,0,0,0,0,0,0,0,0,0,0,0,0,0,0,0,0,0,0,63609.25390625,6090.6494140625
"NGA",3,1,"LSMS-ISA2015",2015,1,25,2511,1424,0,250062,11,0,0,0,0,0,0,774.242453835227,0,2549.09090909091,14.5454549789429,0,0,0,0,0,0,0,0,0,3320.6962890625,0,0,0,0,0,0,0,0,0,0,0,0,0,0,1279.8701171875,0,1042.85715553977,0,237.01298384233,0,0,1422.07790305398,142.207796963778,3456.45809659091,671.912997159091,3318.18181818182,0,0,0,0,0,0,0,0,0,0,0,0,1896.10378196023,0,0,0,0,0,0,0,20125.2578125,6090.6494140625
"NGA",3,1,"LSMS-ISA2015",2015,1,25,2511,1424,0,250063,8,0,0,0,0,0,45.625,456.25,0,2250,40.2083320617676,0,0,0,0,0,0,304.166656494141,0,0,1500,0,6257.14306640625,586.607116699219,0,977.678588867188,0,0,0,0,0,0,0,977.678588867188,0,782.142883300781,0,391.071441650391,0,391.071441650391,0,0,1303.57141113281,391.071441650391,0,0,0,0,0,0,0,0,0,0,0,0,0,0,0,3421.87493896484,0,0,0,0,0,0,0,20076.16015625,6090.6494140625
"NGA",3,1,"LSMS-ISA2015",2015,1,25,2511,1424,0,250064,10,0,600,0,0,0,0,146,0,3100,106.071434020996,0,0,3650,0,0,0,3650,2433.33349609375,1042.85712890625,32393.037109375,0,0,0,0,2520.0559239549,0,630.013980988725,0,0,0,0,4725.10458863717,0,0,1417.53139630127,0,525.011626335349,3937.58741880673,787.517464140665,630.013980988725,0,630.013980988725,472.510449008661,0,0,0,0,0,0,0,0,0,0,0,0,0,0,0,1312.52904164789,0,0,0,0,0,0,0,64709.19140625,6090.6494140625
"NGA",3,1,"LSMS-ISA2015",2015,1,25,2511,0,0,250066,5,0,1200,0,4866.666796875,0,0,3163.3333984375,0,640,385.952392578125,0,0,9733.33359375,0,2085.7142578125,0,14600,1200,0,12238.0458984375,0,4171.428515625,0,0,6882.85703125,0,0,0,0,0,0,0,5214.285546875,0,17728.571484375,0,3128.57138671875,5214.285546875,53707.1419921875,0,0,0,1042.85712890625,0,0,10834.126953125,0,3125.0080078125,0,0,0,0,0,0,0,0,0,0,0,0,0,0,0,0,0,0,161162.1875,6090.6494140625
"NGA",3,1,"LSMS-ISA2015",2015,1,25,2511,1424,0,250067,19,0,631.578918457031,0,448.245631167763,0,192.105263157895,0,0,5578.94736842105,1366.46618652344,0,0,0,0,0,0,2561.40356445313,0,0,12168.416015625,0,0,1372.18040707237,1317.29327713816,4390.97738486842,2058.27076480263,1372.18040707237,0,987.969880756579,0,0,6586.46628289474,2744.36081414474,274.436086554276,3293.23314144737,0,2881.57892166941,2058.27076480263,109.774439761513,0,0,4665.41344572368,1646.61649362664,0,0,0,0,0,0,0,0,0,0,0,0,0,0,0,0,0,0,0,0,0,0,0,58706.1875,6090.6494140625
"NGA",3,1,"LSMS-ISA2015",2015,1,25,2511,1424,0,250068,17,0,705.88232421875,0,500.980411305147,0,0,0,0,6235.29411764706,1129.5517578125,0,0,1431.37258731618,0,613.445369944853,0,2862.7451171875,235.29411315918,0,4020.74853515625,0,0,0,9201.68106617647,8588.23529411765,0,0,0,306.722684972426,0,0,6747.89935661765,3067.22679227941,0,5521.00827205882,0,3834.03366268382,3067.22679227941,920.168083639706,0,0,8894.95777803309,306.722684972426,0,1739.06893382353,0,0,0,0,0,0,0,0,0,0,0,0,0,0,0,0,0,0,0,0,0,69930.265625,6090.6494140625
"NGA",3,1,"LSMS-ISA2015",2015,3,33,3304,0,0,250069,14,0,0,0,0,0,86.9047589983259,0,0,5042.85714285714,1640.34008789063,0,0,1738.09528459821,0,0,0,2780.95239257813,0,0,2428.12573242188,0,5828.29608000853,0,0,10361.4150998681,0,0,0,0,0,0,9066.23803971912,0,1295.17688748351,1726.90246277359,0,5396.57018321259,0,2158.62802701149,431.725615693397,0,3281.1147047163,215.862807846699,0,3453.80492554718,0,0,0,0,0,0,0,0,0,0,0,0,0,0,0,0,0,0,0,0,347.619049072266,57280.62890625,6090.6494140625
"NGA",3,1,"LSMS-ISA2015",2015,1,25,2511,1424,0,250070,9,0,3333.33325195313,0,0,0,2703.70377604167,0,0,5333.33333333333,6627.51318359375,0,0,13518.5182291667,0,0,0,12572.22265625,0,0,3765.53955078125,0,0,0,0,12166.6666666667,0,2085.71419270833,0,4866.66666666667,2896.82530381944,0,8111.11111111111,17380.953125,1216.66666666667,2317.46028645833,9849.2060546875,18539.6826171875,11587.3012152778,1969.84136284722,4924.60319010417,0,7763.49197048611,869.047607421875,0,0,168.981486002604,0,0,0,0,0,0,5214.28559027778,0,0,0,6566.13758680556,0,0,0,0,0,0,684.177463107639,0,337.962982177734,167370.96875,6090.6494140625
"NGA",3,1,"LSMS-ISA2015",2015,1,26,2606,516,1,260001,1,0,0,0,0,4866.66650390625,10950,0,0,21000,1042.85717773438,0,0,24333.333984375,0,104285.7109375,0,77866.6640625,0,0,43348.84375,0,0,0,0,36500,0,0,0,8342.85729980469,0,0,52142.85546875,0,37021.4287109375,23464.28515625,0,4171.4287109375,23985.71484375,0,13557.1430664063,0,15121.4287109375,0,0,0,0,81342.8515625,0,15128.1083984375,0,0,10224.0908203125,0,0,0,0,0,614736.8125,0,0,14565.04296875,0,0,0,0,0,1237998.125,4637.40576171875
"NGA",3,1,"LSMS-ISA2015",2015,1,7,707,0,0,260002,6,0,4000,0,405.555541992188,0,0,0,0,8466.66666666667,1124.40478515625,0,0,1013.88891601563,0,0,0,13383.3330078125,0,0,10000,0,26071.4296875,0,1216.66666666667,0,8690.47591145833,4432.14290364583,0,3041.66670735677,0,0,33023.810546875,9559.52376302083,0,13209.5240071615,434.523803710938,7647.619140625,4345.23795572917,434.523803710938,0,0,12601.1905517578,434.523803710938,0,0,0,9089.599609375,0,0,0,0,0,0,0,0,0,0,0,0,0,0,0,0,0,0,10138.888671875,182765.203125,4637.40576171875
"NGA",3,1,"LSMS-ISA2015",2015,1,26,2606,516,1,260003,2,0,18000,0,0,7300,5475,0,0,10000,943.214294433594,0,0,6083.33349609375,0,7821.4287109375,0,24333.333984375,1000,0,21674.421875,0,7821.4287109375,0,0,18250,0,3650,0,7821.4287109375,15642.857421875,0,24767.8564453125,0,14860.7143554688,10950,5214.28564453125,8603.57135009766,6517.85693359375,4562.5,9385.71435546875,0,10949.9998168945,5214.28564453125,0,0,0,0,0,0,0,0,0,0,0,0,0,0,0,0,0,0,0,0,0,0,0,256843.203125,4637.40576171875
"NGA",3,1,"LSMS-ISA2015",2015,1,26,2606,516,1,260004,7,0,5142.85693359375,0,347.619035993304,173.809517996652,312.857142857143,0,521.428588867188,1685.71428571429,787.755065917969,0,0,869.047642299107,0,0,0,13035.7138671875,0,0,4994.25732421875,0,1564.28571428571,0,2979.591796875,8938.77566964286,9683.67299107143,1117.34695870536,0,4469.38783482143,0,0,13408.1629464286,8938.77566964286,0,3650,0,1862.24487304688,3724.48967633929,2607.14285714286,893.877580915179,0,15419.387625558,372.448974609375,0,0,0,0,0,0,0,0,0,0,0,0,0,0,0,0,0,0,0,0,0,0,0,107500.65625,4637.40576171875
"NGA",3,1,"LSMS-ISA2015",2015,1,26,2606,516,1,260005,6,0,7000,0,811.111083984375,0,101.388885498047,0,0,1700,677.976196289063,0,0,0,0,869.047607421875,0,2027.77783203125,0,0,4104.61474609375,0,10428.5716145833,0,3476.1904296875,4345.23795572917,7821.42838541667,0,0,5214.28580729167,1738.09521484375,0,6083.33333333333,3476.1904296875,695.238118489583,4171.4287109375,0,1738.09521484375,2172.61897786458,1564.28564453125,0,0,1738.09521484375,434.523803710938,0,0,0,0,0,0,0,0,0,0,0,0,0,0,0,0,0,0,0,0,0,0,0,72389.5390625,4637.40576171875
"NGA",3,1,"LSMS-ISA2015",2015,1,26,2606,516,1,260006,5,0,4800,0,0,0,365,0,0,4400,1838.90490722656,2433.33349609375,0,12166.66640625,0,0,0,34066.6640625,4866.6669921875,0,50000,0,0,0,0,3650,5735.7142578125,3128.571484375,2085.7142578125,2085.7142578125,0,0,18771.428125,13557.1421875,0,5110,0,2607.14282226563,2607.1427734375,1825,1981.42861328125,0,35457.142578125,1564.2857421875,0,0,0,0,0,0,0,0,0,0,0,0,0,0,0,0,0,0,0,0,0,0,851.666687011719,215955.328125,4637.40576171875
"NGA",3,1,"LSMS-ISA2015",2015,1,26,2606,516,1,260007,9,0,4000,0,0,1892.59266493056,1351.85188802083,0,540.74072265625,5666.66666666667,293.650787353516,0,0,5137.03689236111,0,8690.4765625,0,6759.259765625,6759.25927734375,0,6252.7587890625,0,1216.66666666667,0,0,2027.77777777778,869.047634548611,3244.44444444444,0,1738.09526909722,1158.73014322917,0,5793.65060763889,8690.4765625,1622.22222222222,2838.88888888889,0,2665.07934570313,2896.82530381944,2027.77777777778,1680.15874565972,0,7821.42838541667,869.047634548611,0,0,0,0,0,0,0,0,0,0,0,0,0,0,0,0,0,0,0,0,0,0,405.555541992188,94910.171875,4637.40576171875
"NGA",3,1,"LSMS-ISA2015",2015,1,26,2606,516,1,260008,5,0,6960,0,0,2433.3333984375,0,0,0,1880,104.285720825195,0,0,0,0,2085.7142578125,0,5840,0,0,16443.78125,0,0,0,0,10950,0,0,0,3337.14291992188,0,0,9907.142578125,0,0,0,0,417.14287109375,7821.42890625,1825,2920,0,13974.2855957031,1042.85712890625,0,0,0,0,0,6051.243359375,0,0,0,0,0,0,0,6778.5712890625,0,3902.28701171875,0,0,969.85712890625,0,156.428576660156,0,0,105800.5,4637.40576171875
"NGA",3,1,"LSMS-ISA2015",2015,1,26,2606,516,1,260009,4,1825,8700,0,0,0,547.5,0,1368.75,1850,4303.98828125,0,0,0,0,0,0,33458.33203125,0,0,6250,0,0,0,0,18099.0920932767,0,3878.37697930579,0,7756.75395861157,0,0,20684.6768974434,31027.0158344463,0,12152.247595238,0,2585.58461218042,12927.9226247752,9049.54604663834,0,0,214603.522687774,2585.58461218042,0,0,0,0,0,0,0,0,0,0,0,0,0,0,0,0,4700.64944341025,0,0,0,0,0,0,398354.59375,4637.40576171875
"NGA",3,1,"LSMS-ISA2015",2015,1,26,2606,516,1,260010,6,0,0,0,405.555541992188,3041.66666666667,0,0,405.555541992188,0,2952.380859375,0,0,1013.88891601563,0,0,0,14600,0,0,12679.8232421875,0,1390.47623697917,0,0,17380.9518229167,0,1303.57145182292,0,3476.1904296875,0,0,15642.8567708333,11297.6184895833,8690.47591145833,8516.66666666667,0,2607.14282226563,4345.23795572917,13470.23828125,1042.85717773438,0,48666.6666666667,1303.57145182292,0,0,0,0,0,0,0,0,0,0,0,0,0,0,0,0,0,0,0,0,0,0,0,174233.421875,4637.40576171875
"NGA",3,1,"LSMS-ISA2015",2015,1,26,2623,1688,0,260011,6,0,6400,0,0,0,1013.88891601563,0,0,3900,203.571426391602,0,0,5069.4443359375,0,0,0,6083.33349609375,0,0,14152.6513671875,0,2346.42854817708,0,3476.1904296875,6083.33333333333,0,2607.14290364583,0,1303.57145182292,0,0,4345.23795572917,2607.14290364583,2433.33333333333,4432.14282226563,3476.1904296875,1651.19051106771,2172.61897786458,1564.28564453125,5214.28580729167,0,0,869.047607421875,0,0,0,0,0,0,0,0,0,0,0,0,0,0,0,0,0,0,0,0,0,0,4333.33349609375,85738.375,3280.1162109375
"NGA",3,1,"LSMS-ISA2015",2015,1,26,2623,1688,0,260012,7,0,3428.57153320313,0,0,0,0,0,0,3857.14285714286,1054.52380371094,0,0,6952.38113839286,0,0,0,20857.142578125,3476.19067382813,0,6601.60498046875,0,3724.48967633929,0,0,11173.4698660714,4469.38783482143,2234.69391741071,0,2979.591796875,0,0,0,2979.591796875,0,3352.04073660714,0,1638.77551269531,5586.73493303571,744.89794921875,893.877546037946,0,12439.7957240513,1117.34692382813,0,0,0,0,0,0,0,0,0,0,0,0,0,0,0,0,0,0,0,0,0,0,869.047668457031,100431.2890625,3280.1162109375
"NGA",3,1,"LSMS-ISA2015",2015,1,26,2623,1688,0,260013,8,1216.66662597656,4500,0,0,0,1216.66662597656,0,760.416687011719,1125,3424.07739257813,0,0,2281.25,0,3258.92846679688,0,9125,3041.66674804688,0,19524.4296875,0,0,0,0,7821.4287109375,6517.85693359375,4171.42846679688,0,4236.60702514648,0,9776.7861328125,7821.4287109375,9776.7861328125,1825,3193.75,1955.35717773438,2998.21426391602,1955.35717773438,1629.46423339844,2933.03579711914,0,17272.3217773438,977.678558349609,0,0,0,0,0,0,0,0,0,0,0,0,0,0,0,0,0,0,0,0,0,0,0,134336.59375,3280.1162109375
"NGA",3,1,"LSMS-ISA2015",2015,1,26,2623,1688,0,260014,3,0,12000,0,0,0,2027.77783203125,0,0,6400,782.142883300781,0,0,0,0,20857.1432291667,0,16222.22265625,0,0,66666.6640625,0,0,0,0,6083.33333333333,8690.47591145833,5561.90494791667,0,3476.1904296875,0,24333.3333333333,0,17380.9518229167,4866.66666666667,3823.8095703125,8690.47607421875,6952.380859375,4345.23795572917,1738.09521484375,2085.71435546875,0,12340.4759114583,0,0,0,0,0,0,0,0,0,0,0,0,0,0,0,0,0,0,0,0,0,0,0,0,235325,3280.1162109375
"NGA",3,1,"LSMS-ISA2015",2015,1,26,2623,1688,0,260015,11,0,3381.81811523438,0,1106.06063565341,1327.27272727273,0,0,387.121215820313,190.909090909091,303.376617431641,0,0,0,0,0,0,165.909088134766,0,0,8316.0869140625,0,426.623357599432,0,0,1896.10387073864,7110.38991477273,2844.15589488636,0,1422.07794744318,0,0,8532.46732954545,2844.15589488636,0,2322.72727272727,0,5451.29860617898,4740.25958806818,1659.09090909091,0,0,7821.42846679688,948.051935369318,0,0,0,0,0,0,0,0,0,0,0,0,0,0,0,734.740189985796,0,0,0,0,0,0,0,63932.12890625,3280.1162109375
"NGA",3,1,"LSMS-ISA2015",2015,1,26,2623,1688,0,260016,7,3476.19067382813,2571.42846679688,0,1042.85714285714,0,0,0,347.619049072266,171.428571428571,1458.16320800781,0,0,0,0,0,0,2954.76196289063,0,0,5819.31005859375,0,1564.28571428571,0,0,5959.18359375,11173.4698660714,2234.69391741071,0,2234.69391741071,0,0,6704.08147321429,1489.7958984375,0,3798.9794921875,0,4469.3876953125,3724.48967633929,1303.57142857143,0,0,12961.2243652344,744.89794921875,0,0,0,0,0,0,0,0,0,0,0,0,0,0,0,0,0,0,0,0,0,0,0,76204.5234375,3280.1162109375
"NGA",3,1,"LSMS-ISA2015",2015,1,26,2623,1688,0,260017,8,1520.83337402344,3750,0,760.416687011719,0,0,0,456.25,200,180.357147216797,0,0,0,0,0,0,1064.58337402344,0,0,10364.412109375,0,2737.5,0,0,9125,9776.7861328125,3910.71435546875,0,2607.14282226563,0,0,11732.142578125,2607.14282226563,0,3193.75,0,5540.17852783203,651.785705566406,2281.25,0,0,13622.3212280273,651.785705566406,0,0,0,0,0,0,0,0,0,0,0,0,0,0,0,0,0,0,0,0,0,0,0,86734.3515625,3280.1162109375
"NGA",3,1,"LSMS-ISA2015",2015,1,26,2623,1688,0,260018,6,0,4000,0,0,0,0,0,0,7233.33333333333,4861.9443359375,0,0,30416.6666666667,0,0,0,40555.5546875,8111.111328125,0,41666.66796875,0,0,0,0,9125,4345.23795572917,6083.33333333333,3910.71419270833,3476.1904296875,4345.23795572917,0,8690.47591145833,6517.857421875,7995.23803710938,5214.28564453125,0,3302.38098144531,7821.42838541667,434.523803710938,7821.42830403646,0,28678.570719401,2607.14282226563,0,0,0,0,0,0,0,0,0,0,0,0,0,0,0,0,0,0,0,0,0,0,508363.875,755578.25,3280.1162109375
"NGA",3,1,"LSMS-ISA2015",2015,1,26,2623,1688,0,260019,9,0,4666.66650390625,0,0,0,811.111111111111,0,0,4711.11111111111,724.603210449219,0,0,4055.55555555556,0,0,0,5407.40771484375,444.444458007813,0,14577.6669921875,0,0,0,2607.14279513889,8111.11111111111,5793.65060763889,2607.14279513889,0,2317.46028645833,1738.09526909722,0,5793.65060763889,0,2780.95236545139,2723.01584201389,869.047634548611,2896.82541232639,2896.82530381944,2027.77777777778,2723.01595052083,0,2317.46028645833,869.047634548611,0,0,0,0,0,0,0,0,0,0,0,0,0,0,0,0,0,0,0,0,0,0,0,84470.7890625,3280.1162109375
"NGA",3,1,"LSMS-ISA2015",2015,1,26,2623,1688,0,260020,12,1013.88891601563,2000,0,0,0,304.166666666667,0,0,2316.66666666667,1972.34130859375,0,0,20277.77734375,0,2172.61897786458,0,12166.6669921875,5069.4443359375,0,5812.70556640625,0,2520.23811848958,0,2172.61897786458,7821.42838541667,3041.66666666667,2520.23811848958,0,2607.14290364583,3476.1904296875,869.047607421875,4345.23795572917,2607.14290364583,4345.23811848958,3910.71419270833,0,2998.21425374349,3258.9287109375,1042.85717773438,608.333312988281,0,17598.2137858073,564.880950927734,0,0,0,0,0,0,0,0,0,0,0,0,0,0,0,0,0,0,0,0,0,0,2382.63891601563,121797.2421875,3280.1162109375
"NGA",3,1,"LSMS-ISA2015",2015,1,26,2618,1276,0,260021,11,0,545.454528808594,0,0,0,331.818181818182,0,0,2327.27272727273,94.8051986694336,0,0,1659.09090909091,0,2844.15589488636,0,4424.24267578125,0,0,2297.5,0,0,0,0,0,0,0,0,1896.10387073864,0,0,3792.20774147727,3318.18181818182,379.220791903409,2275.32466264205,0,805.844149502841,2370.12979403409,853.246715198864,1564.28571111506,0,2085.71431107955,0,1915.72354403409,0,2585.18465909091,3555.19495738636,4740.25958806818,0,0,0,883.317027698864,0,0,0,0,0,0,1148.06778231534,0,0,0,0,1140.24786931818,0,0,49832.58984375,2262.14892578125
"NGA",3,1,"LSMS-ISA2015",2015,1,26,2618,1276,0,260022,5,0,2400,0,0,0,0,0,0,276,541.428588867188,0,0,1460,0,0,0,3041.66674804688,0,0,8877.24609375,0,0,0,0,4171.428515625,0,3128.571484375,0,3128.571484375,0,0,7300,4171.428515625,2085.7142578125,5110,2294.2857421875,2085.7142578125,5214.285546875,18250,3962.8572265625,0,12097.1427734375,1042.85712890625,3015.267578125,0,0,0,31285.7125,0,0,0,0,0,0,0,0,0,0,4195.06103515625,0,0,0,0,0,0,0,129135.234375,2262.14892578125
"NGA",3,1,"LSMS-ISA2015",2015,1,26,2618,1276,0,260023,3,0,3200,0,0,0,0,0,0,3133.33333333333,173.809524536133,0,0,6488.888671875,0,5214.28580729167,0,8111.111328125,0,0,4177.75634765625,0,4171.4287109375,0,0,8690.47591145833,6952.380859375,0,0,5214.28580729167,0,0,0,0,1390.47623697917,8169.04752604167,0,1738.09529622396,4345.23795572917,869.047607421875,1216.66666666667,0,10254.7619628906,0,0,0,0,0,0,0,0,0,0,0,0,0,0,0,0,0,0,0,0,0,0,0,0,83511.09375,2262.14892578125
"NGA",3,1,"LSMS-ISA2015",2015,1,26,2618,1276,0,260024,10,0,1680,0,0,0,0,0,0,150,104.285720825195,0,0,0,0,0,0,730,0,0,2392.90747070313,0,0,0,0,0,0,0,0,1564.2857421875,0,0,7039.2859375,0,0,2555,0,1564.2857421875,2607.1427734375,625.714306640625,0,0,5631.42861328125,260.714282226562,1884.5421875,0,0,7172.70546875,15642.85625,0,0,0,0,0,0,0,0,0,3782.4078125,1820.78642578125,0,0,0,0,0,0,0,57208.34765625,2262.14892578125
"NGA",3,1,"LSMS-ISA2015",2015,1,26,2618,1276,0,260025,4,0,3000,0,0,0,0,0,0,2750,800.952392578125,0,0,0,0,5214.28564453125,0,3041.66674804688,0,0,2950.84594726563,0,3281.77749377381,3281.77749377381,1093.92582960121,16408.8872048478,0,3281.77749377381,0,4102.22180121194,0,0,9571.85070010722,1640.8887468869,12306.6650175442,6153.33244773695,0,6426.81408700018,3418.51799828931,1367.40722472382,3828.74028401902,0,3281.77749377381,683.70361236191,0,0,0,0,34185.1804115324,0,0,0,0,0,0,0,0,0,0,0,0,0,0,0,0,0,243.33332824707,132316.34375,2262.14892578125
"NGA",3,1,"LSMS-ISA2015",2015,1,26,2618,1276,0,260026,9,0,3333.33325195313,0,270.370361328125,0,0,0,0,3777.77777777778,451.984130859375,0,0,675.925944010417,0,0,0,3920.3701171875,0,0,5841.5947265625,0,0,0,0,2780.95247395833,0,0,0,1738.09526909722,1158.73014322917,0,5793.65060763889,4055.55555555556,231.746039496528,4229.36512586806,0,3765.87296549479,1448.41265190972,463.492078993056,463.492078993056,0,8980.15863715278,289.682535807292,2926.79991319444,0,0,0,13283.1640625,0,0,0,0,0,0,0,0,0,0,0,0,0,0,0,0,0,0,69880.53125,2262.14892578125
"NGA",3,1,"LSMS-ISA2015",2015,1,26,2618,1276,0,260027,1,0,0,0,0,0,0,0,0,3800,521.428588867188,0,0,0,0,0,0,0,0,0,8583.6728515625,0,0,0,0,0,0,0,0,0,0,0,0,0,0,0,0,0,0,0,0,0,0,0,10536.4797886935,0,9479.01100893542,0,12047.0784640157,0,0,14484.1273607214,0,0,0,4536.42883859669,0,6952.38105502127,0,2694.0476832348,0,0,0,0,0,0,0,73634.65625,2262.14892578125
"NGA",3,1,"LSMS-ISA2015",2015,1,26,2618,1276,0,260028,2,0,0,0,0,0,0,0,0,0,0,0,0,0,0,0,0,0,0,0,2706.63110351563,0,0,0,0,0,0,0,0,0,0,0,0,0,0,0,0,0,0,0,0,0,0,0,3769.08447265625,3695.521484375,0,10328.296875,13035.7138671875,4604.44580078125,0,0,0,0,20857.142578125,0,0,5214.28564453125,0,15091.7536621094,9479.685546875,0,0,0,1178.42858886719,0,0,89960.9921875,2262.14892578125
"NGA",3,1,"LSMS-ISA2015",2015,1,26,2618,1276,0,260029,10,0,1200,0,0,0,0,0,0,0,277.285705566406,0,0,0,0,0,0,0,0,0,1201.67553710938,0,3815.25808629447,3179.38157023462,0,16691.7532488404,3179.38157023462,4610.10328864928,0,2384.53622650409,0,0,5563.9177967387,0,0,3576.80417141202,0,2940.92794321226,7948.45382793029,0,0,0,1112.78356641653,158.969082510945,0,0,0,0,0,0,0,0,0,0,0,0,0,0,0,0,0,0,0,0,0,0,0,57841.234375,2262.14892578125
"NGA",3,1,"LSMS-ISA2015",2015,1,26,2618,1276,0,260030,8,0,3000,0,0,0,0,0,0,387.5,135.357147216797,0,0,0,0,0,0,608.333312988281,0,0,2133.71606445313,0,0,0,0,7821.4287109375,0,0,0,1955.35717773438,0,0,8799.107421875,0,0,3324.10705566406,0,1303.57141113281,3258.92846679688,1303.57141113281,0,0,7756.25003051758,651.785705566406,1884.54223632813,0,0,0,22305.44140625,0,0,0,0,0,0,0,0,0,0,2201.40124511719,0,0,0,0,0,0,0,68830.4140625,2262.14892578125
"NGA",3,1,"LSMS-ISA2015",2015,1,26,2618,494,0,260031,10,0,1200,0,0,0,0,0,0,1620,156.428573608398,0,0,1825,0,0,0,3893.33325195313,0,0,6265.1767578125,0,0,0,0,0,0,0,0,2346.428515625,0,0,4171.428515625,3128.571484375,834.2857421875,2450.7142578125,0,469.285717773438,2085.7142578125,938.57138671875,1460,1042.85712890625,3128.571484375,260.714282226562,2107.2958984375,0,2369.752734375,3910.714453125,7821.428125,0,0,0,0,0,0,0,0,0,0,452.282592773438,0,0,0,0,0,0,0,53938.55859375,3619.4384765625
"NGA",3,1,"LSMS-ISA2015",2015,1,26,2618,494,0,260032,9,0,1333.33337402344,0,540.74072265625,0,0,0,0,111.111111111111,691.269836425781,2703.70385742188,0,2703.70377604167,0,0,0,8651.8515625,0,0,3505.57690429688,0,4634.92057291667,0,3244.44444444444,10138.8888888889,0,0,0,3476.19053819444,0,0,5793.65060763889,1738.09526909722,811.111111111111,2607.14279513889,0,2143.65081108941,6373.01605902778,463.492078993056,3070.63500976563,0,4750.79356553819,289.682535807292,0,0,0,0,6658.84809027778,0,0,0,0,0,0,0,0,0,0,0,0,0,0,0,0,0,0,76435.859375,3619.4384765625
"NGA",3,1,"LSMS-ISA2015",2015,1,26,2618,494,0,260033,5,0,2400,0,973.33330078125,0,0,0,0,400,606,0,0,0,0,0,0,3163.33349609375,0,0,6903.47265625,0,0,0,5214.285546875,12514.2859375,13557.1421875,0,0,6257.14296875,0,0,8342.85703125,0,0,6048.5712890625,0,4171.428515625,0,521.428564453125,1460,0,1564.28571777344,2607.14282226563,0,0,0,0,0,0,0,0,0,0,0,0,0,0,0,0,0,0,0,0,0,0,486.666656494141,77191.3828125,3619.4384765625
"NGA",3,1,"LSMS-ISA2015",2015,1,26,2618,494,0,260034,4,0,4200,0,0,0,912.5,0,0,320,0,0,0,0,0,0,0,2433.33325195313,0,0,5877.29052734375,0,9472.69760901673,0,0,27064.8504806882,23681.7444407328,10149.3192003887,0,20298.6384007774,0,0,47363.4888814655,0,0,46686.8672900936,162389.107206219,33831.0626826693,33831.0608878352,13532.4252403441,9472.69760901673,0,111642.510001683,6766.21262017204,0,0,0,0,0,0,0,0,0,0,0,0,0,0,0,0,0,0,0,0,0,0,0,569925.75,3619.4384765625
"NGA",3,1,"LSMS-ISA2015",2015,1,26,2618,494,0,260035,7,0,1714.28576660156,0,869.047642299107,0,0,121.666669573103,0,1028.57142857143,655.918395996094,0,0,0,0,0,0,3476.19018554688,42.8571434020996,0,3294.06494140625,0,2979.591796875,0,3352.04073660714,4469.38783482143,2979.591796875,893.877580915179,0,1564.2856968471,0,0,3724.48967633929,3724.48981584821,0,3501.02036830357,0,1862.24496023996,3724.48967633929,372.448974609375,521.428571428571,0,1787.75512695313,446.938790457589,0,0,0,0,0,0,0,0,0,0,0,0,0,0,0,372.448974609375,0,0,0,0,0,0,121.66667175293,47600.80078125,3619.4384765625
"NGA",3,1,"LSMS-ISA2015",2015,1,26,2618,494,0,260036,9,0,1333.33337402344,0,0,0,540.74072265625,0,0,2822.22222222222,338.095245361328,0,0,4055.55555555556,0,1274.60319010417,0,4325.92578125,0,0,3864.6240234375,0,0,0,0,5121.28226564086,7425.85924168126,1664.41672908362,0,1280.32056641022,0,0,4801.20238918494,0,0,4161.04182871075,0,768.192360035188,2816.70531360733,1152.28847601677,1984.49691437713,0,2368.5930650471,384.096189800136,0,0,0,0,0,0,0,0,0,0,0,0,0,0,0,0,0,0,0,0,0,0,0,52483.59375,3619.4384765625
"NGA",3,1,"LSMS-ISA2015",2015,1,26,2618,494,0,260037,8,0,3000,0,2281.25,0,760.416687011719,0,0,7000,4476.78564453125,0,0,9125,0,0,1520.83337402344,19010.416015625,4427.0830078125,0,4236.23193359375,0,0,0,3910.71435546875,7821.4287109375,5866.0712890625,3910.71435546875,0,1955.35717773438,0,9776.7861328125,5214.28564453125,4236.60705566406,5866.07165527344,2933.03564453125,0,3324.1071472168,7169.64282226563,1173.21423339844,1759.82147216797,0,5474.99993896484,195.535720825195,0,0,0,0,0,0,0,0,0,0,0,0,0,0,0,0,0,0,0,0,0,0,0,126426.40625,3619.4384765625
"NGA",3,1,"LSMS-ISA2015",2015,1,26,2618,494,0,260038,6,0,2000,0,0,0,608.333333333333,0,0,5466.66666666667,1153.57141113281,0,0,36500,0,1738.09521484375,0,6083.33349609375,4055.5556640625,0,2088.87817382813,0,0,0,1825,3476.1904296875,3128.5712890625,2259.52376302083,0,2172.61897786458,0,0,3476.1904296875,1738.09521484375,0,3910.71419270833,0,1129.76192220052,1738.09521484375,1564.28564453125,2867.85713704427,0,9125,434.523803710938,0,0,0,0,0,0,0,0,0,0,0,0,0,0,0,0,0,0,0,0,0,0,0,98540.859375,3619.4384765625
"NGA",3,1,"LSMS-ISA2015",2015,1,26,2618,494,0,260039,5,0,3600,0,0,0,973.33330078125,0,0,440,711.761901855469,0,0,0,0,0,0,10220,0,0,6575.2138671875,0,0,0,0,0,0,3128.571484375,0,2085.7142578125,0,0,15642.85703125,6257.14296875,1042.85712890625,5110,0,5214.285546875,0,2085.7142578125,2502.8572265625,0,13661.4283203125,1042.85712890625,1507.6337890625,0,8086.017578125,8262.6375,41619.26171875,0,0,0,0,0,0,0,1251.42861328125,1181.9046875,12608.02734375,5654.32060546875,9220.003125,0,0,0,0,0,0,169685.828125,3619.4384765625
"NGA",3,1,"LSMS-ISA2015",2015,1,26,2618,494,0,260040,5,0,5280,0,0,0,365,0,0,696,561.428588867188,0,0,0,0,0,0,0,0,0,3413.94580078125,0,0,0,0,0,0,1564.2857421875,0,6257.14296875,0,0,11471.428515625,4171.428515625,2085.7142578125,8238.57138671875,3128.571484375,2085.7142578125,2502.8572265625,2085.7142578125,5214.285546875,0,13765.7143066406,6257.1427734375,2107.2958984375,0,18291.478125,8262.6375,30758.940234375,0,0,0,0,0,0,0,0,0,0,6310.56796875,0,0,0,0,0,0,0,144875.875,3619.4384765625
"NGA",3,1,"LSMS-ISA2015",2015,1,26,2621,940,1,260041,4,1520.83337402344,7500,0,1520.83337402344,3041.66674804688,0,0,912.5,875,2463.33325195313,0,0,0,0,0,0,3650,0,0,8739.9501953125,0,2737.5,1042.85717773438,0,4562.5,0,1955.35717773438,0,3910.71435546875,0,0,13035.7143554688,3910.71435546875,0,6126.78588867188,0,3258.92852783203,5735.71435546875,2346.42846679688,0,0,19032.1430664063,1303.57141113281,0,0,0,8965.8818359375,0,0,0,0,0,0,0,0,0,0,0,0,0,0,0,0,0,0,0,108148.9453125,2714.57885742188
"NGA",3,1,"LSMS-ISA2015",2015,1,26,2621,940,1,260042,4,304.166656494141,7500,0,1216.66662597656,0,0,0,1064.58337402344,860,135,0,0,0,0,0,0,6387.5,0,0,8739.9501953125,0,1825,2346.42846679688,0,5735.71435546875,0,0,0,3910.71435546875,0,0,0,5214.28564453125,0,6126.78588867188,5214.28564453125,5214.28564453125,5996.4287109375,847.321411132813,0,0,9125.00024414063,521.428588867188,0,0,0,0,0,0,0,0,0,0,0,0,0,0,0,0,0,0,0,0,0,0,0,78285.546875,2714.57885742188
"NGA",3,1,"LSMS-ISA2015",2015,1,26,2621,940,1,260043,6,2027.77783203125,3400,0,1216.66666666667,0,0,0,608.333312988281,340,26.6666660308838,0,0,0,0,0,0,2433.33325195313,0,0,8701.3115234375,0,1825,695.238118489583,0,3041.66666666667,0,2607.14290364583,0,2607.14290364583,2607.14290364583,0,0,3476.1904296875,0,3910.71435546875,0,3476.1904296875,3997.619140625,521.428588867188,0,0,3215.47623697917,347.619059244792,0,0,0,0,0,0,0,0,0,0,0,0,0,0,0,0,0,0,0,0,0,0,912.5,51995.16015625,2714.57885742188
"NGA",3,1,"LSMS-ISA2015",2015,1,26,2621,940,1,260044,4,1825,5100,0,0,0,0,0,912.5,685,155.357147216797,0,0,0,0,0,0,4562.5,0,0,13051.966796875,0,1955.35717773438,1042.85717773438,0,5996.4287109375,0,3910.71435546875,0,3258.92846679688,0,0,0,3910.71435546875,0,5866.07153320313,0,5214.28564453125,5996.4287109375,2346.42846679688,0,0,6778.57159423828,521.428588867188,0,0,0,0,0,0,0,0,0,0,0,0,0,0,0,0,0,0,0,0,0,0,0,73090.5390625,2714.57885742188
"NGA",3,1,"LSMS-ISA2015",2015,1,26,2621,940,1,260045,5,2433.33349609375,3600,0,1946.6666015625,1460,730,0,730,524,120,0,0,0,0,0,0,1460,0,0,6991.9599609375,0,2190,1460,0,3650,0,3128.571484375,0,2607.1427734375,0,0,0,3128.571484375,0,4484.2857421875,0,5214.28564453125,4797.14296875,1251.42861328125,0,0,9907.1427734375,1042.85712890625,0,0,0,0,0,0,0,0,0,0,0,0,0,0,0,0,0,0,0,0,0,0,0,62857.38671875,2714.57885742188
"NGA",3,1,"LSMS-ISA2015",2015,1,26,2621,940,1,260046,4,1825,7200,0,1520.83337402344,0,0,0,1064.58337402344,675,2030.35717773438,0,0,0,0,0,0,4258.3330078125,0,0,6000,0,1825,0,0,5996.4287109375,3910.71435546875,5866.0712890625,0,3258.92846679688,0,0,8473.21435546875,13035.7143554688,0,5605.35717773438,5214.28564453125,6517.85705566406,5996.4287109375,2346.42846679688,2216.07147216797,0,10037.5,2607.14282226563,0,0,0,0,0,0,0,0,0,0,0,0,0,0,0,0,0,0,0,0,0,0,0,107481.2578125,2714.57885742188
"NGA",3,1,"LSMS-ISA2015",2015,1,26,2621,940,1,260047,8,304.166656494141,2250,0,0,0,0,0,304.166656494141,0,12.5,0,0,0,0,0,0,2281.25,0,0,3913.4638671875,0,1303.57141113281,1108.03576660156,0,0,0,3063.39282226563,0,1629.46423339844,0,0,0,2607.14282226563,0,4171.42858886719,0,1955.35711669922,2933.03564453125,1629.46423339844,0,0,4823.21423339844,325.892852783203,0,0,0,0,0,0,0,0,0,0,0,0,0,0,0,0,0,0,0,0,0,0,0,34615.54296875,2714.57885742188
"NGA",3,1,"LSMS-ISA2015",2015,1,26,2621,940,1,260048,6,811.111083984375,3400,0,1013.88891601563,0,0,0,506.944458007813,273.333333333333,6.66666650772095,0,0,0,0,0,0,5272.22216796875,0,0,12679.8232421875,0,1738.09521484375,695.238118489583,0,12166.6666666667,13035.71484375,5214.28580729167,0,2607.14290364583,0,0,6083.33333333333,3476.1904296875,0,7821.42838541667,0,3476.1904296875,6083.33333333333,1520.83333333333,0,0,10602.3811035156,1738.09521484375,0,0,0,0,0,0,0,0,0,0,0,0,0,0,0,0,0,0,0,0,0,0,0,100222.9140625,2714.57885742188
"NGA",3,1,"LSMS-ISA2015",2015,1,26,2621,940,1,260049,5,0,4320,0,486.666650390625,0,730,0,608.333374023438,2308,96,0,0,0,0,0,0,7300,0,0,6991.9599609375,0,2085.7142578125,1460,0,10950,0,3128.571484375,0,3128.571484375,0,0,0,4171.428515625,0,4275.7142578125,0,5214.28564453125,4692.85703125,2085.7142578125,0,0,6048.57138671875,1042.85712890625,0,0,0,0,0,0,0,0,0,0,0,0,0,0,0,0,0,0,0,0,0,0,0,71125.2421875,2714.57885742188
"NGA",3,1,"LSMS-ISA2015",2015,1,26,2621,940,1,260050,4,608.333312988281,4500,0,1520.83337402344,1520.83337402344,1064.58337402344,0,760.416687011719,925,25,0,0,0,0,0,0,6083.33349609375,0,0,5744.42919921875,0,1694.64282226563,1825,0,5996.4287109375,0,3910.71435546875,0,3910.71435546875,0,0,9125,5214.28564453125,0,5866.0712890625,0,7821.42846679688,5996.4287109375,2607.14282226563,0,0,10689.2855224609,1042.85717773438,0,0,0,0,0,0,0,0,0,0,0,0,0,0,0,0,0,0,0,0,0,0,0,88452.7734375,2714.57885742188
"NGA",3,1,"LSMS-ISA2015",2015,1,26,2615,2196,0,260051,2,0,0,0,0,0,1520.83337402344,0,0,5200,0,0,0,0,0,0,0,12166.6669921875,0,0,6614.86572265625,0,0,0,0,0,0,0,0,3910.71435546875,0,0,0,0,0,0,1042.85717773438,0,0,0,0,0,5475,0,3769.08447265625,5543.2822265625,0,10328.296875,0,0,0,0,0,0,10428.5712890625,0,0,9559.52392578125,0,3608.43676757813,4739.8427734375,0,3650,0,0,0,0,87557.96875,3053.90112304688
"NGA",3,1,"LSMS-ISA2015",2015,1,26,2615,2196,0,260052,2,0,0,0,0,0,0,0,0,1650,2190,0,0,0,0,0,0,0,0,0,3097.12475585938,0,0,0,0,0,0,0,0,5384.80528972566,0,0,0,5384.80528972566,0,15077.454695674,0,7179.74027914859,15795.4286784183,2153.92218018163,10410.6235880792,0,0,2512.90909933011,2594.89498131183,2544.24919466421,0,0,0,0,0,0,0,0,28718.9606283131,0,0,0,0,0,0,0,0,0,0,0,0,104694.921875,3053.90112304688
"NGA",3,1,"LSMS-ISA2015",2015,1,26,2615,2196,0,260053,5,0,0,0,0,0,730,0,0,420,541.428588867188,0,0,0,0,0,0,4866.6669921875,0,0,4633.11962890625,0,0,0,0,8342.85703125,15642.8578125,3128.571484375,0,3128.571484375,0,0,3650,0,2085.7142578125,4380,2085.7142578125,4171.428515625,5214.285546875,1564.2857421875,0,0,14495.7141601563,2085.7142578125,2261.45078125,2217.312890625,0,0,0,14662.2375,0,0,0,0,0,0,0,0,0,0,0,0,0,0,0,0,0,100307.921875,3053.90112304688
"NGA",3,1,"LSMS-ISA2015",2015,1,26,2615,2196,0,260054,9,0,0,0,0,0,0,0,0,311.111111111111,380.158752441406,0,0,0,0,0,1351.85188802083,0,0,579.365071614583,1404.90710449219,0,1853.96831597222,1390.47623697917,0,0,1738.09526909722,0,0,869.047634548611,0,0,0,0,0,2549.20638020833,0,869.047634548611,2549.20638020833,0,2085.71435546875,0,695.238118489583,347.619059244792,0,0,0,0,0,0,0,0,0,0,4634.92057291667,0,0,0,0,345.278184678819,0,0,0,0,0,0,473.148162841797,24428.359375,3053.90112304688
"NGA",3,1,"LSMS-ISA2015",2015,1,26,2615,2196,0,260055,5,0,0,0,0,0,0,0,0,3000,1152.85717773438,0,0,1460,0,0,0,14113.3330078125,0,0,2147.36157226563,0,3337.14296875,4171.428515625,2502.8572265625,5214.285546875,0,4588.571484375,0,3128.571484375,2085.7142578125,0,0,5214.285546875,0,7717.14296875,0,2085.7142578125,5214.285546875,1251.42861328125,1668.571484375,0,7717.1427734375,625.714306640625,0,0,0,0,0,0,0,0,0,0,16685.7140625,0,71435.71171875,0,0,0,0,0,0,0,0,0,0,166517.828125,3053.90112304688
"NGA",3,1,"LSMS-ISA2015",2015,1,26,2615,2196,0,260056,6,0,0,0,0,0,0,0,0,340,16.6666660308838,0,0,0,0,0,0,0,0,0,2049.37060546875,0,0,0,0,0,0,2607.14290364583,0,2607.14290364583,0,0,3041.66666666667,0,0,3736.90478515625,0,0,4345.23795572917,1738.09521484375,0,0,8255.95251464844,869.047607421875,1884.54231770833,1847.7607421875,0,0,0,1629.13753255208,0,0,0,0,0,0,0,0,0,1073.08483886719,0,0,0,0,0,0,0,36041.75390625,3053.90112304688
"NGA",3,1,"LSMS-ISA2015",2015,1,26,2615,2196,0,260057,12,0,0,0,0,0,354.861124674479,0,0,2966.66666666667,186.904769897461,0,0,0,0,0,0,4055.5556640625,0,0,3077.48364257813,0,1390.47623697917,2085.71435546875,0,3997.619140625,0,1216.66666666667,0,1042.85713704427,0,0,3041.66666666667,1738.09521484375,0,2998.21427408854,0,1173.21431477865,1998.8095703125,782.142822265625,912.5,0,3302.38094075521,1260.11907958984,0,0,0,0,0,0,0,0,0,0,0,0,0,0,0,0,0,0,0,0,0,0,0,37581.94921875,3053.90112304688
"NGA",3,1,"LSMS-ISA2015",2015,1,26,2615,2196,0,260058,4,0,0,0,0,0,0,0,0,2600,340.416656494141,0,0,0,0,0,1216.66662597656,0,0,0,1548.56237792969,0,2367.46520691141,2959.33137910254,0,0,2959.33137910254,0,0,2219.49860282847,0,0,0,0,0,2959.33137910254,0,0,3255.26458726842,0,0,0,0,2367.46514587625,0,0,0,0,0,0,0,0,0,0,11837.3255164102,0,0,0,0,2757.13642521561,0,0,0,0,0,0,608.333312988281,39996.12890625,3053.90112304688
"NGA",3,1,"LSMS-ISA2015",2015,1,26,2615,2196,0,260059,2,0,0,0,0,0,1216.66662597656,0,0,5450,260.714294433594,0,0,0,0,5214.28564453125,0,14600,0,0,4520.52001953125,0,4171.4287109375,4171.4287109375,0,11992.857421875,0,0,0,3910.71435546875,2607.14282226563,0,9125,0,0,9125,1042.85717773438,4692.85717773438,0,1564.28576660156,0,0,14599.9997558594,0,0,0,0,0,0,0,0,0,0,0,0,0,0,0,0,0,0,0,0,0,0,0,0,98265.7578125,3053.90112304688
"NGA",3,1,"LSMS-ISA2015",2015,1,26,2615,2196,0,260060,3,0,0,0,0,0,0,0,0,653.333333333333,0,0,0,0,0,0,0,0,0,0,2895.11450195313,0,0,0,0,5214.28580729167,0,0,0,6083.33333333333,0,0,5214.28580729167,0,0,7473.8095703125,0,6083.33325195313,3823.8095703125,3041.66666666667,0,0,12340.4760742188,1738.09521484375,1256.36149088542,1231.84049479167,0,0,0,0,0,0,0,0,0,0,4171.4287109375,0,0,0,0,0,0,0,0,0,0,61221.17578125,3053.90112304688
"NGA",3,1,"LSMS-ISA2015",2015,1,26,2615,2178,0,260061,9,0,0,0,0,0,0,0,0,377.777777777778,267.592590332031,0,0,0,0,0,0,0,0,0,601.473571777344,0,0,0,0,0,0,0,0,973.960145497689,0,0,3895.84058199076,0,0,1168.75211237014,0,129.861355260744,0,454.514728051062,0,0,0,779.168104437729,1877.37469079466,1840.73309339429,0,2572.25370983467,0,0,0,0,920.91225034519,0,0,0,0,0,0,950.163611774635,2360.90777485434,0,0,0,0,0,0,19171.28515625,4863.62060546875
"NGA",3,1,"LSMS-ISA2015",2015,1,26,2615,2178,0,260062,1,0,0,0,0,0,1825,0,0,3600,0,0,0,0,0,0,0,0,0,0,5413.26220703125,0,0,0,0,0,0,0,0,0,0,0,0,0,0,0,0,0,0,0,0,0,0,0,0,0,9545.88016542865,10328.2971807805,8520.60767413683,0,0,7242.06369097166,0,0,0,9907.1418948742,3707.93638907436,10428.5715978117,1244.11038839574,8408.6943407454,9479.68582753139,0,3650.00010806221,0,0,0,0,93301.2578125,4863.62060546875
"NGA",3,1,"LSMS-ISA2015",2015,1,26,2615,2178,0,260063,8,0,0,0,0,0,0,0,0,1050,350,0,0,0,0,0,0,0,0,0,1115.24035644531,0,0,0,0,0,0,1217.58119700707,0,1141.48235042226,0,0,4565.92940168902,0,0,3043.95283918456,0,684.889404149838,0,0,0,0,0,760.988209796139,1650.21395690134,1618.00588063861,0,0,0,0,0,0,0,0,0,0,0,0,0,660.074538179625,4150.48001523183,0,0,0,0,0,0,22008.837890625,4863.62060546875
"NGA",3,1,"LSMS-ISA2015",2015,1,26,2615,2178,0,260064,6,0,0,0,0,0,0,0,0,1433.33333333333,281.071441650391,0,0,0,0,0,0,0,0,869.047607421875,1032.37487792969,0,0,0,0,0,2869.76389760497,2295.81115063606,0,1434.88194880248,0,0,4782.93960493562,1147.90557531803,0,3826.35174018214,0,765.270361352275,0,0,669.611561561081,0,1626.19954838487,1721.85836297704,2074.37478336828,2033.88814622583,0,1137.20256307135,0,0,0,0,0,0,0,0,0,0,0,921.52984861431,5217.29382139219,0,0,0,0,0,709.722229003906,36850.4296875,4863.62060546875
"NGA",3,1,"LSMS-ISA2015",2015,1,26,2615,2178,0,260065,9,0,0,0,0,0,0,0,0,226.666666666667,120,0,0,0,0,0,0,2162.962890625,0,0,3440.193359375,0,0,0,0,0,0,0,0,1738.09526909722,0,0,4345.23828125,2317.46028645833,0,2491.26985677083,0,1158.73014322917,5793.65060763889,1158.73014322917,0,0,3418.25396050347,579.365071614583,2093.93576388889,1231.84049479167,0,4590.35416666667,0,0,0,0,0,0,0,0,1390.47623697917,0,0,1005.07242838542,0,0,0,0,0,0,0,39262.296875,4863.62060546875
"NGA",3,1,"LSMS-ISA2015",2015,1,26,2615,2178,0,260066,5,0,0,0,0,0,0,0,0,340,368.571441650391,0,0,0,0,0,0,0,0,0,1737.06872558594,0,0,0,0,0,0,0,0,3128.571484375,0,0,0,0,0,4484.2857421875,0,1042.85712890625,5214.285546875,1564.2857421875,0,0,8760,1042.85712890625,2261.45078125,1478.20859375,0,0,0,0,0,0,0,0,0,0,0,0,0,904.565185546875,0,0,0,0,0,0,0,32327.0078125,4863.62060546875
"NGA",3,1,"LSMS-ISA2015",2015,1,26,2615,2178,0,260067,5,0,0,0,0,0,486.666650390625,0,0,1800,104.285720825195,0,0,0,0,0,0,5840,0,0,2349.57470703125,0,2502.8572265625,2502.8572265625,1772.8572265625,4797.14296875,0,1668.571484375,0,0,1042.85712890625,6257.14296875,0,0,1251.42861328125,3650,0,625.714306640625,2294.2857421875,625.714306640625,2190,0,1564.2857421875,1668.571484375,0,0,0,0,0,0,0,0,0,0,0,0,0,0,0,0,0,0,0,0,0,0,0,44994.81640625,4863.62060546875
"NGA",3,1,"LSMS-ISA2015",2015,1,26,2615,2178,0,260068,5,0,0,0,0,0,0,0,0,1920,528.571411132813,0,0,1216.66669921875,0,0,0,7786.66650390625,0,0,4624.61279296875,0,0,0,0,0,0,0,0,1564.2857421875,0,0,7300,4171.428515625,0,5422.85703125,0,1042.85712890625,0,417.14287109375,834.2857421875,0,5214.28564453125,625.714306640625,3015.267578125,2217.312890625,0,4131.31875,0,1954.9650390625,0,0,1943.2974609375,0,0,0,0,0,0,2330.55883789063,1895.937109375,0,0,0,0,0,0,60158.03125,4863.62060546875
"NGA",3,1,"LSMS-ISA2015",2015,1,26,2615,2178,0,260069,5,0,0,0,0,0,486.666650390625,0,0,2120,384.285705566406,0,0,0,0,0,0,4866.6669921875,0,0,2349.57470703125,0,834.2857421875,834.2857421875,0,4797.14296875,0,1460,0,2085.7142578125,0,0,4171.428515625,1042.85712890625,0,2502.85712890625,0,417.14287109375,3128.571484375,625.714306640625,1877.14287109375,0,4171.42856445312,0,0,0,0,0,0,0,0,0,0,0,0,0,0,0,0,0,0,0,0,0,0,0,0,38155.76171875,4863.62060546875
"NGA",3,1,"LSMS-ISA2015",2015,1,26,2615,2178,0,260070,5,0,0,0,0,0,0,0,0,608,12,0,0,0,0,0,0,0,0,0,2459.24462890625,0,0,0,0,0,0,0,0,4171.428515625,0,0,0,4171.428515625,0,0,0,0,0,1825,0,0,4380,1042.85712890625,2261.45078125,1478.20859375,0,0,0,0,0,0,0,0,0,0,3754.285546875,0,0,904.565185546875,0,0,0,0,0,0,0,27068.46875,4863.62060546875
"NGA",3,1,"LSMS-ISA2015",2015,1,26,2621,100,0,260071,5,0,0,0,0,0,0,0,0,1120,464.285736083984,0,0,4866.666796875,0,0,0,0,0,417.14287109375,1383.84106445313,0,1460,2190,0,0,5214.285546875,0,0,1564.2857421875,0,0,0,0,0,4380,0,2294.2857421875,2294.2857421875,0,1772.85715332031,0,1147.14287109375,312.857153320312,0,0,0,0,0,0,0,0,0,0,8342.85703125,0,0,0,0,0,0,0,0,0,0,0,0,39224.79296875,8369.951171875
"NGA",3,1,"LSMS-ISA2015",2015,1,26,2621,100,0,260072,3,0,0,0,0,0,0,0,0,1800,533.333312988281,0,0,0,0,0,0,0,0,0,2306.40185546875,0,3246.88327488358,2841.02277462914,0,0,0,0,0,3043.95302475636,0,0,0,5276.18504900383,811.720818720896,8523.06832388742,0,4058.60403125185,8928.92890025217,1014.65097795412,2232.23226575315,0,4667.39458081795,1014.65097795412,0,0,0,0,6993.07847391013,0,0,0,0,0,16234.4156472659,0,0,2299.87542827149,0,0,0,0,0,0,0,0,0,75826.3984375,8369.951171875
"NGA",3,1,"LSMS-ISA2015",2015,1,26,2621,100,0,260073,6,0,0,0,0,0,0,0,0,1433.33333333333,253.611099243164,0,0,0,0,0,0,0,0,0,1668.72326660156,0,2085.71435546875,1825,0,0,4779.76204427083,0,0,1303.57145182292,0,0,0,1042.85717773438,347.619059244792,3650,0,2172.61905924479,5735.71419270833,521.428588867188,1347.02382405599,0,2867.85721842448,869.047648111979,0,0,0,0,0,0,0,0,0,0,6952.380859375,0,0,0,0,0,0,0,0,0,0,0,608.333312988281,39464.58984375,8369.951171875
"NGA",3,1,"LSMS-ISA2015",2015,1,26,2621,100,0,260074,9,0,0,0,0,0,0,0,0,1660,155.740737915039,0,0,0,0,0,0,0,0,0,1583.59619140625,0,2317.46028645833,1622.22222222222,0,0,4055.55555555556,0,0,869.047634548611,0,0,0,869.047634548611,0,2433.33333333333,0,1448.41269259983,6952.38107638889,0,0,0,4461.11115180121,289.682535807292,0,0,0,0,0,0,0,0,0,0,4634.92057291667,0,0,0,0,0,0,0,0,0,0,0,202.777770996094,33555.2890625,8369.951171875
"NGA",3,1,"LSMS-ISA2015",2015,1,26,2621,100,0,260075,3,0,0,0,0,0,0,0,0,3133.33333333333,614.365051269531,0,0,0,0,0,0,0,0,0,2306.40185546875,0,2780.95247395833,2433.33333333333,0,0,0,0,0,2607.14290364583,0,0,0,2954.76204427083,695.238118489583,9038.09521484375,0,3650,7647.619140625,869.047607421875,955.952392578125,0,4345.23795572917,695.238118489583,0,0,0,0,0,0,0,0,0,0,0,0,0,0,0,0,0,0,0,0,0,0,567.777770996094,45294.4921875,8369.951171875
"NGA",3,1,"LSMS-ISA2015",2015,1,26,2621,100,0,260076,5,0,0,0,0,0,0,0,0,3072,488.619049072266,0,0,0,0,0,0,0,0,1251.42861328125,1383.84106445313,0,1668.571484375,1460,0,0,0,0,0,1564.2857421875,0,0,0,0,417.14287109375,4380,0,2607.14291992188,0,625.714306640625,3128.57145996094,0,4067.14291992188,312.857153320312,0,0,0,0,0,0,0,0,0,0,0,0,0,0,0,0,5687.81171875,0,0,0,0,0,194.666656494141,32309.796875,8369.951171875
"NGA",3,1,"LSMS-ISA2015",2015,1,26,2621,100,0,260077,7,0,0,0,0,0,0,0,0,1571.42857142857,211.870742797852,0,0,3476.19056919643,0,0,0,0,2607.14282226563,0,1107.60546875,0,0,0,0,0,2234.69391741071,0,0,1489.7958984375,0,0,0,2234.69391741071,0,3203.06124441964,0,1936.73468889509,3277.55106026786,372.448974609375,1191.83677455357,0,0,223.469395228795,2153.76255580357,1583.794921875,0,0,0,0,0,0,0,0,0,0,0,0,0,0,0,0,0,0,0,0,208.571426391602,29084.654296875,8369.951171875
"NGA",3,1,"LSMS-ISA2015",2015,1,26,2621,100,0,260078,3,0,0,0,0,0,0,0,0,3400,661.03173828125,0,0,0,0,0,0,0,0,695.238118489583,2306.40185546875,0,2874.96809319603,2515.59699890886,0,0,0,0,0,2695.28254353753,0,0,0,3593.70994618988,1437.48404659802,7546.79099169676,0,1796.85497309494,0,898.42748654747,2874.96801181583,0,0,539.056518102985,0,0,0,0,6192.0542498137,0,0,0,0,0,0,0,0,0,0,1789.59502275419,6533.44342132087,0,0,0,0,0,608.333312988281,48959.23828125,8369.951171875
"NGA",3,1,"LSMS-ISA2015",2015,1,26,2621,100,0,260079,4,0,0,0,0,0,0,0,0,2670,305.773803710938,0,0,0,0,0,0,0,0,0,3307.43286132813,0,2085.71435546875,0,0,0,5214.28564453125,0,0,2607.14282226563,0,0,0,1955.35717773438,521.428588867188,9385.71435546875,0,2476.78576660156,5735.71435546875,651.785705566406,2672.32150268555,0,6257.14288330078,912.5,0,1847.7607421875,0,0,0,0,0,0,0,0,0,0,0,0,0,0,0,0,0,0,0,0,212.91667175293,48819.77734375,8369.951171875
"NGA",3,1,"LSMS-ISA2015",2015,1,26,2621,100,0,260080,4,0,0,0,0,0,0,0,0,2800,430.357147216797,0,0,0,0,0,0,0,0,0,1353.31555175781,0,2085.71435546875,1825,1303.57141113281,0,6517.85693359375,0,0,1955.35717773438,0,0,0,0,1042.85717773438,5475,0,1303.57141113281,0,260.714294433594,1955.35720825195,0,3128.57150268555,651.785705566406,0,0,0,0,0,0,0,0,0,0,0,0,0,0,0,1298.30450439453,4739.8427734375,0,0,0,0,0,0,38127.17578125,8369.951171875
"NGA",3,1,"LSMS-ISA2015",2015,1,26,2611,424,0,260081,9,0,2666.66674804688,0,270.370361328125,0,0,0,0,1444.44444444444,519.576721191406,0,0,811.111111111111,0,0,0,4731.4814453125,0,0,6198.197265625,0,0,0,0,2780.95247395833,869.047634548611,0,0,869.047634548611,0,0,4634.92057291667,2317.46028645833,0,2896.82541232639,579.365071614583,579.365071614583,0,579.365071614583,0,0,3476.1904296875,173.809529622396,2093.93576388889,0,1590.97981770833,0,0,1086.09168836806,0,0,1079.60970052083,0,0,0,0,0,0,1661.26635742188,1053.29839409722,0,0,0,0,0,0,44963.375,6107.80224609375
"NGA",3,1,"LSMS-ISA2015",2015,1,26,2611,424,0,260082,2,0,6000,0,0,0,0,0,0,7500,3725.71435546875,0,0,12166.6669921875,0,0,0,10341.6669921875,6083.33349609375,0,3782.62329101563,0,0,0,0,0,7821.4287109375,7821.4287109375,0,4692.85693359375,0,0,15642.857421875,0,0,11732.142578125,0,0,0,0,0,0,7821.42846679688,2607.14294433594,3769.08447265625,0,0,10328.296875,0,0,0,0,0,0,0,0,0,0,0,6411.77380371094,22209.033203125,0,0,0,0,0,3650,154107.46875,6107.80224609375
"NGA",3,1,"LSMS-ISA2015",2015,1,26,2611,424,0,260083,8,0,1500,0,0,0,0,0,0,1175,191.25,0,0,0,0,0,0,2585.41674804688,0,0,738.696044921875,0,0,0,0,0,0,1955.35717773438,0,1303.57141113281,0,0,5214.28564453125,0,0,1303.57141113281,0,391.071441650391,0,0,0,0,1499.10711669922,130.357147216797,1413.40673828125,0,0,3873.11157226563,0,0,0,0,0,0,0,0,0,0,0,953.791198730469,8789.88916015625,0,0,0,0,0,152.08332824707,33169.96484375,6107.80224609375
"NGA",3,1,"LSMS-ISA2015",2015,1,26,2611,424,0,260084,7,0,1714.28576660156,0,0,0,0,0,0,3342.85714285714,321.666687011719,0,0,0,0,0,0,2433.33349609375,0,0,1595.62731933594,0,0,0,0,3443.77454483677,3130.70404529161,2348.02810776269,0,1174.01405388134,0,0,6261.40809058322,1956.68999141027,5478.7321530543,3522.0420221351,0,1330.54922985994,0,391.338005661451,5087.39389719295,0,0,1095.74643303457,1131.49612681421,0,0,0,0,0,0,0,0,0,0,0,0,0,0,678.886352881647,7899.69326679113,0,0,0,0,0,1303.57153320313,55641.8359375,6107.80224609375
"NGA",3,1,"LSMS-ISA2015",2015,1,26,2611,424,0,260085,3,0,4000,0,0,0,0,0,0,933.333333333333,414.285736083984,0,0,0,0,0,0,3244.4443359375,0,0,3970.65161132813,0,0,0,0,6083.33333333333,0,2607.14290364583,0,5214.28580729167,0,0,11297.619140625,0,0,8516.66666666667,0,6083.33325195313,3823.8095703125,4345.23795572917,3302.38102213542,0,12340.4763997396,1738.09521484375,1256.36149088542,1231.84049479167,0,0,0,0,0,0,0,0,0,0,0,0,0,0,0,0,0,0,0,0,0,80403.3046875,6107.80224609375
"NGA",3,1,"LSMS-ISA2015",2015,1,26,2611,424,0,260086,6,0,3200,0,0,0,0,0,0,400,20,0,0,0,0,0,0,1013.88891601563,0,0,2844.95483398438,0,0,0,0,3041.66666666667,12166.6666666667,1303.57145182292,0,2607.14290364583,0,0,6083.33333333333,0,0,4258.33333333333,0,0,0,1520.83333333333,0,0,4953.57137044271,869.047607421875,1256.36149088542,1231.84049479167,0,0,0,0,0,0,0,0,0,0,0,0,0,1303.57141113281,1579.94759114583,0,0,0,0,0,0,49654.73046875,6107.80224609375
"NGA",3,1,"LSMS-ISA2015",2015,1,26,2611,424,0,260087,8,0,2550,0,0,0,0,0,0,137.5,343.392852783203,0,0,0,0,0,0,1064.58325195313,0,0,4109.5087890625,0,0,0,0,9125,0,1955.35717773438,0,1955.35717773438,0,0,4236.60693359375,0,0,4758.03576660156,0,0,4888.39306640625,2281.25,1368.75,0,5083.9287109375,195.535720825195,2826.8134765625,2771.64111328125,0,0,0,0,0,0,0,0,0,0,0,0,0,804.813629150391,0,0,0,0,0,0,0,50456.4609375,6107.80224609375
"NGA",3,1,"LSMS-ISA2015",2015,1,26,2611,424,0,260088,3,0,6000,0,0,0,1013.88891601563,0,0,4333.33333333333,173.809524536133,0,0,0,0,0,0,12166.6669921875,0,0,2688.90209960938,0,0,0,0,0,0,4866.66666666667,0,1216.66666666667,0,0,6952.380859375,0,2085.71435546875,5735.71419270833,0,1390.47619628906,0,1738.09521484375,1216.66666666667,0,3476.1904296875,521.428588867188,2512.72298177083,2463.68098958333,2881.02213541667,3442.765625,5989.56510416667,0,0,0,0,0,0,0,0,0,0,0,0,0,0,0,0,0,0,72866.34375,6107.80224609375
"NGA",3,1,"LSMS-ISA2015",2015,1,26,2611,424,0,260089,5,0,2400,0,0,0,0,0,0,4120,0,0,0,0,0,6257.14296875,0,6813.33349609375,0,0,1716.73461914063,0,0,0,0,0,0,2502.8572265625,0,2294.2857421875,0,0,0,1564.2857421875,1355.7142578125,3649.99990234375,417.14287109375,2190,0,1042.85712890625,1460,0,2607.1427734375,312.857153320312,2261.45078125,1478.20859375,1152.408984375,0,0,0,0,0,1943.2974609375,9385.7140625,0,0,0,0,0,0,3791.87421875,0,0,0,0,0,0,60717.3046875,6107.80224609375
"NGA",3,1,"LSMS-ISA2015",2015,1,26,2611,424,0,260090,7,0,1714.28576660156,0,0,0,521.428571428571,0,0,2000,74.4897994995117,0,0,1738.09528459821,0,1117.34695870536,0,4171.4287109375,0,0,2242.45092773438,0,0,0,0,0,5959.18359375,2234.69391741071,0,1489.7958984375,0,0,2979.591796875,3724.48967633929,2383.67344447545,3575.51018415179,2011.22446986607,1117.34692382813,3277.55106026786,1489.7958984375,3277.55106026786,0,2160.20406668527,0,1615.32198660714,0,1646.29854910714,2950.94196428571,0,0,0,0,0,0,0,0,0,0,0,0,0,0,0,0,0,0,0,55472.6953125,6107.80224609375
"NGA",3,1,"LSMS-ISA2015",2015,1,26,2605,594,0,260091,8,0,0,0,0,0,0,0,0,2350,261.845245361328,0,0,4562.5,0,0,0,6083.33349609375,912.5,0,4248.5556640625,0,0,0,0,10547.1790366807,0,0,0,843.774314934374,0,0,0,11250.3236357477,0,3867.29879720246,1265.66143906788,1898.49212526815,2812.58090893694,2812.58090893694,4289.18591007157,0,914.088825450766,1054.71787700113,7104.20940724952,0,14062.9043456017,8789.31531554255,0,2068.93538320273,0,0,0,6328.30699533735,0,0,0,0,0,2885.02609064722,0,0,0,0,0,0,608.333312988281,101821.6640625,4637.40576171875
"NGA",3,1,"LSMS-ISA2015",2015,1,26,2605,594,0,260092,4,0,0,0,0,0,304.166656494141,0,0,1900,647.261901855469,0,0,0,0,7821.4287109375,0,3041.66674804688,150,0,1891.31164550781,0,3128.57153320313,0,3910.71435546875,5735.71435546875,0,0,0,0,0,0,0,7821.4287109375,0,3910.71435546875,0,9125,0,651.785705566406,2085.71435546875,0,6517.85693359375,1564.28576660156,0,0,0,0,0,0,0,0,0,0,0,0,0,0,0,0,0,0,0,0,0,0,0,60207.62109375,4637.40576171875
"NGA",3,1,"LSMS-ISA2015",2015,1,26,2605,594,0,260093,11,0,2181.81811523438,0,0,0,0,0,0,5727.27272727273,88.4848480224609,0,0,1106.06063565341,0,0,0,4424.24267578125,1880.30310058594,0,15970.9150390625,0,1271.29440792359,0,7627.76653631995,3051.10666224975,0,0,0,10170.3552633887,0,0,0,0,0,10170.3552633887,0,0,0,4449.5305248424,3178.23592269914,0,3941.01272282903,0,0,0,15891.180001935,0,0,0,0,953.470817039993,0,0,0,0,0,0,0,3428.69881486716,0,0,0,0,0,0,0,95512.1015625,4637.40576171875
"NGA",3,1,"LSMS-ISA2015",2015,1,26,2605,594,0,260094,4,0,0,0,0,0,152.08332824707,0,0,2250,467.261901855469,0,0,3041.66674804688,0,6517.85693359375,0,1520.83337402344,2379.16674804688,0,6318.125,0,0,0,0,8736.63929120642,0,5241.98382096839,0,0,0,0,8736.63929120642,13978.6231970615,0,5241.98382096839,1747.32789963269,6989.31172060108,6989.31159853077,698.931192755812,1747.32789963269,0,5940.91505616756,1922.06071772838,8827.04079641047,0,12926.0522837289,0,0,0,0,0,0,0,0,0,0,0,0,0,0,0,0,0,0,0,0,112371.1484375,4637.40576171875
"NGA",3,1,"LSMS-ISA2015",2015,1,26,2605,594,0,260095,11,0,0,0,0,0,1106.06063565341,0,0,9454.54545454545,142.207794189453,0,0,11613.6363636364,0,0,0,7742.423828125,5500,0,6731.39404296875,0,0,0,0,36264.4256720699,0,0,0,967.051317004671,0,7252.88528571433,0,4835.25649431684,7978.17351631252,6092.42337568032,0,1934.10267839855,4835.25649431684,1934.10263400934,4109.96825600624,0,3868.20535679709,241.762829251168,17098.5105314159,7252.88528571433,0,0,0,0,0,0,0,0,0,0,0,0,0,710.57245228806,0,0,0,0,0,0,0,147665.84375,4637.40576171875
"NGA",3,1,"LSMS-ISA2015",2015,1,26,2605,594,0,260096,11,0,2727.27270507813,0,0,0,0,0,0,4654.54545454546,368.571411132813,0,0,2212.12127130682,0,0,0,3318.18188476563,0,0,3089.85864257813,0,530.290803212557,0,0,2807.42171092615,0,0,0,2994.58338048482,0,0,3119.35742784085,0,0,2932.19607973909,0,1247.74299700572,1559.67871392043,1247.74299700572,1934.00166881776,0,2121.16312407182,0,0,0,14037.1091125869,0,0,0,0,0,0,56148.4364503475,0,0,0,0,0,0,0,0,0,0,0,0,1769.69689941406,108819.9765625,4637.40576171875
"NGA",3,1,"LSMS-ISA2015",2015,1,26,2605,594,0,260097,1,0,18000,0,0,0,3650,0,0,8600,1500.71435546875,1216.66662597656,0,30416.666015625,0,52142.85546875,0,14600,1000,0,9619.8154296875,0,0,0,0,0,0,0,0,0,0,0,26071.427734375,15642.857421875,0,0,7821.4287109375,3650,20857.142578125,0,0,0,73000,0,0,0,23143.955078125,52142.85546875,0,22692.1640625,0,0,0,0,0,0,0,13904.76171875,0,2317.46020507813,0,5826.01708984375,0,0,0,0,0,407816.75,4637.40576171875
"NGA",3,1,"LSMS-ISA2015",2015,1,26,2605,594,0,260098,7,0,0,0,0,0,0,0,0,4400,430.884338378906,0,0,2607.14285714286,0,14897.9587053571,0,3128.57153320313,857.142883300781,0,5218.2373046875,0,0,0,0,30869.8545529213,0,0,0,5219.54071698546,0,0,0,7456.48659941271,5592.36536830272,5517.80034038302,1491.29734774105,1491.29738261828,2982.59469548209,2982.59469548209,7531.05162733241,0,4473.89204343954,5592.36536830272,18834.1051757369,4473.89218294847,5592.36536830272,0,0,0,0,0,0,0,0,0,4473.89218294847,0,0,821.834474288673,0,0,0,0,0,0,0,146937.15625,4637.40576171875
"NGA",3,1,"LSMS-ISA2015",2015,1,26,2605,594,0,260099,11,0,1963.63635253906,0,0,331.818181818182,442.424227627841,0,0,2600,1258.44152832031,663.636352539063,0,0,0,9480.51917613636,0,774.242431640625,290.909088134766,0,7148.12060546875,0,0,0,2275.32475142045,0,0,1990.90909090909,0,711.038973721591,0,0,7110.38991477273,1896.10387073864,0,4929.87020596591,0,853.246759588068,0,711.038973721591,474.025967684659,0,11376.6233132102,805.844149502841,2873.58522727273,0,0,8295.45383522727,0,0,0,0,0,0,0,0,0,0,0,1915.25639204545,4190.91051136364,0,0,0,0,0,1659.09106445313,77022.453125,4637.40576171875
"NGA",3,1,"LSMS-ISA2015",2015,1,26,2605,594,0,260100,11,0,0,0,0,0,884.848455255682,0,0,4545.45454545455,169.480529785156,0,0,1106.06063565341,0,1896.10387073864,0,0,2046.96984863281,0,6731.39404296875,0,0,0,0,21805.1946022727,0,0,0,2370.12979403409,0,0,9480.51917613636,7110.38991477273,3792.20774147727,5877.92205255682,0,1185.06489701705,4740.25958806818,1896.10387073864,4124.02592329546,0,3318.18177379261,284.415593927557,13410.0653409091,3792.20774147727,0,0,9394.13565340909,0,0,0,0,0,0,0,0,0,0,620.732699307528,0,0,0,0,0,0,2765.1513671875,113347.015625,4637.40576171875
"NGA",3,1,"LSMS-ISA2015",2015,1,26,2603,1786,1,260101,7,0,2571.42846679688,0,3476.19056919643,0,173.809517996652,0,0,3142.85714285714,454.455780029297,0,0,6952.38113839286,0,37244.8973214286,0,10428.5712890625,1961.90466308594,0,49714.87890625,0,0,0,5214.28571428571,0,0,0,0,0,0,0,0,0,0,0,0,1117.34695870536,0,0,1564.28571428571,2979.591796875,11173.4693080357,744.89794921875,6020.84542410714,0,0,11173.4698660714,0,4322.31668526786,0,3310.65736607143,0,0,11918.3671875,5959.18303571429,0,4469.38783482143,0,662.131487165179,0,624.216169084821,1154.59186662946,0,0,0,0,188530.421875,2940.79370117188
"NGA",3,1,"LSMS-ISA2015",2015,1,26,2603,1786,1,260102,9,0,1333.33337402344,4731.48133680556,0,0,0,0,0,11600,115.873016357422,0,0,13518.5182291667,0,5793.65060763889,0,16222.22265625,8740.7412109375,0,610580.5625,0,0,1738.09526909722,0,28157.1432291667,695.238118489583,1042.85709635417,0,2317.46028645833,0,0,11587.3012152778,4634.92057291667,8284.92057291667,5793.65082465278,1564.28575303819,3881.74598524306,5214.28559027778,2317.46028645833,5446.03168402778,0,20277.7771267361,347.619059244792,0,0,0,0,0,0,0,0,0,0,0,0,0,0,0,0,0,0,0,0,0,0,473.148162841797,776410.3125,2940.79370117188
"NGA",3,1,"LSMS-ISA2015",2015,1,26,2603,1786,1,260103,7,0,2571.42846679688,0,3476.19056919643,2780.95228794643,869.047642299107,0,0,2428.57142857143,533.877563476563,0,0,5214.28571428571,0,0,0,10428.5712890625,0,0,1142.85717773438,0,5810.20424107143,4469.38783482143,0,14897.9587053571,0,2234.69391741071,0,0,0,0,0,18622.4483816964,0,3352.04087611607,0,3501.02043805804,3724.48967633929,2979.591796875,2830.61223493304,0,2383.67340959821,1862.24490792411,0,0,0,0,0,0,0,0,0,0,0,0,0,0,0,0,0,0,0,0,0,0,1042.85717773438,97157,2940.79370117188
"NGA",3,1,"LSMS-ISA2015",2015,1,26,2603,1786,1,260104,3,0,1200,0,4055.5556640625,2027.77783203125,1216.66666666667,0,0,7733.33333333333,173.809524536133,0,0,0,0,6952.380859375,0,0,1333.33337402344,0,8000,0,8346.0892844893,3477.53703908291,1738.76851954146,30428.4494985704,0,2782.02976152365,0,3477.53703908291,0,0,12171.3797994281,13910.1481563317,2086.52232112233,11301.9954583793,0,6607.32052084805,5216.30572142561,3477.53703908291,1564.89170015164,0,6085.68989971407,521.630580280582,0,0,0,0,0,0,0,0,0,0,0,0,0,0,0,0,0,0,0,0,0,0,0,145886.6875,2940.79370117188
"NGA",3,1,"LSMS-ISA2015",2015,1,26,2603,1786,1,260105,8,0,3000,0,1064.58337402344,0,152.08332824707,0,0,2000,100,0,0,1520.83337402344,0,45625,0,1216.66662597656,450,0,2494.01245117188,0,0,0,0,0,0,1825,0,0,0,0,1629.46423339844,0,0,0,0,325.892852783203,0,0,325.892852783203,0,7821.4287109375,0,3292.64990234375,0,1928.66296386719,6517.85693359375,0,0,0,0,0,0,0,4562.49951171875,0,1303.57141113281,0,1593.25393676758,0,546.189147949219,2835.26794433594,0,521.428588867188,0,0,92652.234375,2940.79370117188
"NGA",3,1,"LSMS-ISA2015",2015,1,26,2603,1786,1,260106,11,0,1636.36364746094,0,3318.18181818182,0,553.030317826705,0,0,6272.72727272727,2411.7099609375,0,0,11060.6058238636,0,0,0,6086.6513671875,1659.09094238281,0,65109.18359375,0,4188.08184465405,4927.1548282553,14781.4656036332,49271.5490998331,0,7390.73280181661,0,0,0,0,5912.58610654469,0,0,13303.3189262034,0,6651.65917892435,10839.7413077558,4680.79729732085,0,0,3202.65068190627,0,0,0,0,0,0,0,0,0,0,0,0,0,0,0,1115.75480058703,0,0,0,0,0,0,0,884.848449707031,225257.90625,2940.79370117188
"NGA",3,1,"LSMS-ISA2015",2015,1,26,2603,1786,1,260107,7,0,1371.42858886719,0,0,0,869.047642299107,0,0,1371.42857142857,628.979614257813,0,0,5214.28571428571,0,29795.9174107143,0,1738.09533691406,2880.95263671875,0,2571.42846679688,0,0,0,2383.67354910714,0,0,2085.71428571429,0,1117.34695870536,0,0,5959.18359375,0,0,0,0,1340.81633649554,0,0,0,0,11247.9590192522,0,3763.02845982143,0,0,11173.4698660714,0,0,0,0,0,0,0,5214.28515625,0,1489.7958984375,0,413.832170758929,4390.47739955357,832.288155691964,0,0,0,0,2607.14282226563,100460.578125,2940.79370117188
"NGA",3,1,"LSMS-ISA2015",2015,1,26,2603,1786,1,260108,10,0,2760,0,2433.3333984375,0,413.666650390625,0,0,5140,52.1428604125977,0,0,4866.666796875,0,0,0,7300,800,0,5627.48291015625,0,5019.65428166578,2091.52251958603,0,15058.9616702792,0,1254.91357041644,0,3137.28387685759,0,0,3660.16445801482,8366.0900783441,2718.97925596612,3660.16445801482,1045.76125979301,3817.02859301517,3921.60494461673,2091.52251958603,6483.72006487171,0,6065.41544398024,313.728392604111,0,0,0,0,0,0,0,0,0,0,0,0,0,0,0,0,0,0,0,0,0,0,0,98099.796875,2940.79370117188
"NGA",3,1,"LSMS-ISA2015",2015,1,26,2603,1786,1,260109,4,0,4500,0,0,0,212.91667175293,0,456.25,800,541.071411132813,0,0,1825,0,10428.5712890625,0,3650,400,0,3000,0,0,0,0,0,0,3650,0,2216.07153320313,0,0,3258.92846679688,0,0,2737.5,0,782.142883300781,0,0,1825,0,12383.9284667969,0,5268.23974609375,0,5785.98876953125,13035.7138671875,0,0,0,0,0,0,0,6517.85693359375,0,0,0,289.682525634766,7683.33544921875,1092.37829589844,0,0,1042.85717773438,0,4562.5,97945.9296875,2940.79370117188
"NGA",3,1,"LSMS-ISA2015",2015,1,26,2603,1786,1,260110,8,0,2250,0,0,760.416687011719,304.166656494141,0,0,1525,617.619018554688,760.416687011719,0,1520.83337402344,0,6517.85693359375,0,4866.6669921875,750,0,10331.7861328125,0,7821.4287109375,3910.71435546875,0,11406.25,0,0,0,0,0,0,0,0,0,0,586.607116699219,651.785705566406,4888.39306640625,0,1368.75,0,3910.71435546875,782.142883300781,0,0,0,0,0,0,0,0,0,0,4692.85693359375,3910.71435546875,0,4236.60705566406,0,289.682525634766,0,546.189147949219,1010.26788330078,0,782.142883300781,0,0,81000.0078125,2940.79370117188
"NGA",3,1,"LSMS-ISA2015",2015,1,26,2603,658,1,260111,3,0,7200,0,2838.88899739583,0,608.333333333333,0,0,1533.33333333333,1006.50799560547,0,0,0,0,20857.1432291667,0,4866.66650390625,1333.33337402344,0,7650.22314453125,0,0,0,0,0,0,0,0,0,0,0,13904.76171875,869.047607421875,0,3823.8095703125,0,2259.52384440104,0,0,0,0,12166.6666666667,0,5268.23958333333,0,10286.2024739583,17380.9518229167,0,10366.6315104167,0,0,0,0,0,15642.85546875,6257.142578125,0,1249.86637369792,0,10244.447265625,1456.50439453125,6344.04768880208,0,2085.71435546875,0,0,167500.84375,2601.47143554688
"NGA",3,1,"LSMS-ISA2015",2015,1,26,2603,658,1,260112,7,0,2228.57153320313,0,3128.57142857143,0,1216.66671316964,0,0,3200,366.326507568359,1738.09533691406,0,695.238071986607,0,13408.1629464286,0,2607.14282226563,857.142883300781,0,2100.50927734375,0,0,0,5363.26506696429,0,0,0,0,2234.69391741071,0,0,8938.77566964286,2979.591796875,0,3724.48967633929,0,1117.34692382813,3724.48967633929,0,0,0,6853.06124441964,0,6020.84542410714,0,0,11173.4698660714,0,5923.78962053571,0,0,0,0,0,4469.38783482143,0,0,0,2648.52608816964,0,1040.36021205357,3471.22459193638,0,2100.7626953125,0,0,103330.4921875,2601.47143554688
"NGA",3,1,"LSMS-ISA2015",2015,1,26,2603,658,1,260113,4,0,2400,0,1520.83337402344,0,365,0,0,3350,460.714294433594,0,0,4562.5,0,15642.857421875,0,3041.66674804688,1000,0,8431.33984375,0,0,0,0,0,0,3650,0,0,0,0,0,0,0,0,0,912.5,0,0,0,0,11601.7855224609,521.428588867188,6585.2998046875,0,7714.65185546875,16294.642578125,0,0,0,0,0,0,10428.5712890625,10428.5703125,0,9931.97265625,0,3186.50787353516,0,1092.37829589844,4758.03576660156,0,0,0,0,127881.25,2601.47143554688
"NGA",3,1,"LSMS-ISA2015",2015,1,26,2603,658,1,260114,5,0,1920,0,3650,0,486.666650390625,0,0,2280,2231.42846679688,0,0,4866.666796875,0,10428.57109375,0,6083.33349609375,1000,0,2940.712890625,0,0,0,0,0,0,0,0,3128.571484375,0,0,0,0,0,0,0,1668.57143554687,0,0,1877.1427734375,0,15538.571484375,1042.85712890625,5268.23984375,0,9257.58203125,18249.9984375,0,4538.4328125,0,0,0,0,25028.571875,10428.57109375,74158.725,8169.0474609375,0,463.492041015625,6146.668359375,2039.1060546875,1616.42861328125,0,1251.42861328125,0,0,225759.375,2601.47143554688
"NGA",3,1,"LSMS-ISA2015",2015,1,26,2603,658,1,260115,7,0,857.142883300781,0,3476.19056919643,0,521.428571428571,0,0,6285.71428571429,74.4897994995117,0,0,4345.23800223214,0,3724.48967633929,0,4345.23779296875,1142.85717773438,0,8546.689453125,0,4469.38783482143,0,0,19814.2857142857,1787.75516183036,1191.83677455357,0,4469.38783482143,0,0,11918.3671875,5959.18359375,8119.38783482143,4841.83663504464,0,5661.22453962054,4469.38783482143,5959.18359375,446.938790457589,0,14004.0821010045,223.469395228795,0,0,0,0,0,0,0,0,0,0,0,0,0,0,0,0,0,0,0,0,0,0,0,126655.1796875,2601.47143554688
"NGA",3,1,"LSMS-ISA2015",2015,1,26,2603,658,1,260116,8,0,2250,0,3041.66674804688,0,0,0,0,12462.5,65.1785736083984,0,0,6843.75,0,0,0,4562.5,15000,0,11148.0810546875,0,5475,1955.35717773438,0,13948.2138671875,0,1564.28576660156,0,3258.92846679688,0,0,10428.5712890625,6517.85693359375,2541.96435546875,5866.0712890625,1955.35717773438,3063.39288330078,4888.39306640625,2607.14282226563,977.678588867188,0,8147.3212890625,195.535720825195,0,0,0,0,0,0,0,0,0,0,0,0,0,0,0,0,0,0,0,0,0,0,0,128764.75,2601.47143554688
"NGA",3,1,"LSMS-ISA2015",2015,1,26,2603,658,1,260117,10,0,1200,0,851.66669921875,0,243.333325195313,0,0,1920,380.261901855469,0,0,1946.6666015625,0,9385.7140625,0,1216.66674804688,800,0,4840.68408203125,0,0,0,2190,0,0,0,0,0,0,0,0,0,0,3128.571484375,0,1355.71430664063,0,0,1199.28569335938,0,7717.14267578125,0,3160.94375,1564.2857421875,0,10428.57109375,0,2269.21640625,0,1448.4126953125,0,0,8342.85703125,4692.856640625,0,1042.8572265625,0,289.68251953125,0,728.2521484375,0,0,625.714306640625,0,365,73334.359375,2601.47143554688
"NGA",3,1,"LSMS-ISA2015",2015,1,26,2603,658,1,260118,3,0,1600,0,2433.33333333333,3244.4443359375,405.555541992188,0,0,8000,1431.42858886719,0,0,0,0,12166.6666666667,0,8111.111328125,1066.66662597656,0,4773.96044921875,0,4106.79928397389,0,4380.58615290577,10951.4652118097,0,0,0,1095.14653822644,0,0,10951.4652118097,0,14601.9531406821,8213.59856794778,0,3102.91506636531,7300.97657034104,3650.48828517052,7392.23880573153,0,9673.79422203808,1095.14653822644,0,0,0,0,0,0,0,0,0,0,0,0,0,0,0,0,0,0,0,0,0,0,405.555541992188,130155.296875,2601.47143554688
"NGA",3,1,"LSMS-ISA2015",2015,1,26,2603,658,1,260119,7,0,4285.71435546875,0,2607.14285714286,0,0,0,0,6771.42857142857,148.979598999023,0,0,20857.1428571429,0,0,0,19119.046875,7142.85693359375,0,8039.26123046875,0,3632.87440960136,2270.54647112362,0,18921.2199416551,4162.66857689627,1210.9581381432,0,3632.87440960136,0,5297.94167294915,13244.8541823729,22705.4652950225,10974.3079902671,4541.09294224723,1513.69760091277,4692.46260468226,5676.36632375562,1513.69760091277,1135.27323556181,0,3784.24393252746,529.794167294915,0,0,0,0,0,0,0,0,0,0,0,0,0,0,0,0,0,0,0,0,0,0,0,178411.921875,2601.47143554688
"NGA",3,1,"LSMS-ISA2015",2015,1,26,2603,658,1,260120,5,0,1440,0,730,0,0,0,0,5080,963.09521484375,0,0,2433.3333984375,0,6257.14296875,0,4866.6669921875,0,0,1920,0,49796.428125,5214.285546875,0,6257.14296875,0,6257.14296875,0,2607.1427734375,0,0,0,0,0,2607.1427734375,0,2085.7142578125,4588.571484375,0,0,0,0,0,0,0,0,0,0,0,0,0,0,0,0,0,0,0,0,0,0,0,0,0,0,0,2384.66650390625,105488.46875,2601.47143554688
"NGA",3,1,"LSMS-ISA2015",2015,1,26,2613,2248,0,260121,8,0,0,0,0,0,0,0,0,6400,215.178573608398,0,0,3041.66674804688,0,1955.35717773438,0,4562.5,750,0,36125.296875,0,6533.05948976397,1829.2567158306,0,22865.7089485259,3266.52974488199,979.958972324889,0,1567.93438026256,0,0,6533.05948976397,6533.05948976397,1829.2567158306,5749.09260577352,0,4899.79473907161,3919.83588929956,2613.22384460504,1110.62020130491,0,3527.85220252034,457.31417895765,0,0,0,0,0,0,0,0,0,0,0,0,0,0,0,0,0,0,0,0,0,0,0,127265.5625,6107.80224609375
"NGA",3,1,"LSMS-ISA2015",2015,1,26,2613,2248,0,260122,4,0,0,0,0,0,0,0,0,3500,230.357147216797,0,0,1825,0,0,0,9125,2433.33325195313,0,2913.44311523438,0,0,0,0,7821.4287109375,0,1825,0,0,0,0,0,1303.57141113281,0,8082.14282226563,0,1825.00006103516,0,0,0,0,3258.92852783203,0,2634.11987304688,0,0,0,0,0,0,0,0,0,0,0,0,0,0,0,0,0,0,0,0,0,0,46777.3203125,6107.80224609375
"NGA",3,1,"LSMS-ISA2015",2015,1,26,2613,2248,0,260123,6,0,0,0,0,0,0,0,0,8000,740.476257324219,0,0,10138.888671875,0,0,0,14194.4443359375,3041.66674804688,0,41199.82421875,0,4274.35507482772,8904.90581522772,0,5342.94375915417,0,0,0,0,0,0,8904.90581522772,0,0,8904.90581522772,0,1780.98119679774,5342.94375915417,3116.71713658628,0,0,4897.69836807358,0,0,0,0,11131.1324377956,0,0,0,0,0,0,0,0,0,0,0,4290.54572334955,0,0,0,0,0,0,0,144207.34375,6107.80224609375
"NGA",3,1,"LSMS-ISA2015",2015,1,26,2613,2248,0,260124,12,0,0,0,0,0,0,0,0,3916.66666666667,416.666656494141,0,0,1520.83333333333,0,0,0,5069.4443359375,0,0,4948.1435546875,0,0,0,0,4629.3818533135,0,0,0,0,0,0,0,0,0,1851.75277875656,0,3703.50550055942,2777.62924544915,1620.28370074057,0,0,3101.68594815988,925.876389378279,0,2314.69110568075,0,0,0,13431.1378055463,0,0,0,0,0,0,0,0,0,300.909822988724,0,0,0,0,907.171856626786,0,0,51435.78515625,6107.80224609375
"NGA",3,1,"LSMS-ISA2015",2015,1,26,2613,2248,0,260125,8,0,0,0,0,0,0,0,0,2900,65.1785736083984,0,0,3041.66674804688,0,0,0,9125,2500,0,7831.47119140625,0,4715.71356293088,2021.02013327618,0,23578.5678146544,0,1886.28542366064,0,2425.22401042362,0,0,5389.38684419228,3368.36671847466,1751.5507140451,5389.38684419228,0,2155.754774298,4042.04026655236,2694.69342209614,1145.24477625363,0,1414.71406585584,471.57135591516,0,0,0,0,0,0,0,0,0,0,0,0,0,0,0,0,0,0,0,0,0,0,0,87912.8359375,6107.80224609375
"NGA",3,1,"LSMS-ISA2015",2015,1,26,2613,2248,0,260126,5,0,0,0,0,0,0,0,0,1720,511.09521484375,0,0,3650,0,10428.57109375,0,0,0,0,4715.029296875,0,0,0,0,0,0,0,0,0,0,0,3128.571484375,0,0,0,0,0,0,0,1251.42861328125,0,10428.571484375,0,6321.8875,0,6171.721484375,13035.7140625,0,4538.4328125,0,0,0,0,0,10489.9150390625,0,4449.523828125,1124.8796875,2221.73916015625,0,0,0,0,1042.85712890625,0,0,85229.9375,6107.80224609375
"NGA",3,1,"LSMS-ISA2015",2015,1,26,2613,2248,0,260127,8,0,0,0,0,0,380.208343505859,0,0,1075,135.178573608398,0,0,2281.25,0,3258.92846679688,0,1977.08337402344,150,0,3161.41650390625,0,0,0,0,0,0,0,0,0,0,0,0,0,0,2607.14282226563,0,0,0,0,325.892852783203,0,4823.21435546875,0,3951.1796875,0,3857.32592773438,13035.7138671875,0,0,0,1810.51586914063,681.606018066406,0,0,7744.748046875,0,1629.46423339844,0,1394.88442993164,9604.169921875,546.189147949219,0,0,651.785705566406,0,0,65082.90234375,6107.80224609375
"NGA",3,1,"LSMS-ISA2015",2015,1,26,2613,2248,0,260128,4,0,0,0,0,0,456.25,0,0,2050,719.702392578125,0,0,1825,0,6517.85693359375,0,1520.83337402344,400,0,8093.65380859375,0,0,0,0,0,0,0,0,0,0,0,3258.92846679688,0,782.142883300781,2607.14282226563,0,782.142883300781,5214.28564453125,0,0,0,8864.28588867188,0,5268.23974609375,0,9643.314453125,13035.7138671875,0,5673.041015625,0,0,0,0,0,19400.208984375,0,0,1171.74963378906,289.682525634766,0,2548.88256835938,0,0,5651.44262695313,0,0,105774.5078125,6107.80224609375
"NGA",3,1,"LSMS-ISA2015",2015,1,26,2613,2248,0,260129,6,0,0,0,0,0,0,0,0,3600,1667.46032714844,0,0,0,0,0,1013.88891601563,4866.66650390625,0,0,5648.30908203125,0,0,0,0,5214.28580729167,5214.28580729167,0,0,0,0,0,0,0,0,9385.71435546875,0,434.523803710938,0,0,0,0,3650,434.523803710938,2634.11979166667,0,0,0,0,2521.35139973958,0,0,0,7821.42838541667,0,0,0,0,0,0,0,0,0,0,0,0,0,54106.55859375,6107.80224609375
"NGA",3,1,"LSMS-ISA2015",2015,1,26,2613,2248,0,260130,8,0,0,0,0,0,1216.66662597656,0,0,3525,65.1785736083984,0,0,3041.66674804688,0,2281.25,0,6691.6669921875,0,0,5211.19580078125,0,4389.87664811756,1881.37568225548,0,17420.1450540801,0,1463.29221216469,0,0,0,0,0,10452.0876648795,0,6271.25220830273,0,2438.82035360781,4180.83496829557,2787.22322306784,0,0,3484.02908405821,418.083503514247,0,0,0,0,0,0,0,0,0,0,0,41398.4660905451,0,0,0,0,0,0,0,0,0,0,0,118618.1015625,6107.80224609375
"NGA",3,1,"LSMS-ISA2015",2015,1,26,2608,820,0,260131,4,0,1800,0,0,0,0,0,0,3650,227.08332824707,0,0,3041.66674804688,0,0,0,0,0,0,13143.587890625,0,5502.86805489185,5502.86805489185,8254.30234217417,15132.8878162394,20635.7563280209,0,0,6190.7266424082,0,0,0,0,1926.00384362621,0,0,0,8254.30234217417,0,1375.71701372296,0,0,687.858506861481,0,0,0,0,0,0,0,6878.58495439238,0,0,0,0,0,0,0,0,0,0,0,0,0,0,304.166656494141,102508.375,3053.90112304688
"NGA",3,1,"LSMS-ISA2015",2015,1,26,2608,820,0,260132,7,0,1714.28576660156,0,0,0,0,0,0,7000,74.4897994995117,0,0,8690.47600446429,0,0,0,5214.28564453125,6071.4287109375,0,29040.94140625,0,5379.24042921255,2988.46699801952,0,16436.5691908849,0,2241.35031897458,0,4482.70063794916,0,0,11206.7518734204,7471.16735695083,5603.37593671022,6724.05067649493,1494.23349900976,4109.14215821229,3735.58367847541,2988.46699801952,5976.93399603904,0,3735.58367847541,448.270070723331,0,0,0,0,0,0,0,0,0,0,0,0,0,0,0,0,0,0,0,0,0,0,0,142827.8125,3053.90112304688
"NGA",3,1,"LSMS-ISA2015",2015,1,26,2608,820,0,260133,8,0,450,0,0,0,197.70832824707,0,0,1700,317.440490722656,0,0,2281.25,0,7169.64306640625,0,912.5,125,0,2491.20971679688,0,0,0,0,0,0,0,0,0,0,0,0,0,0,0,0,423.660705566406,2346.42846679688,0,325.892852783203,0,5214.28564453125,0,3951.1796875,0,0,9776.7861328125,0,1894.55005884171,0,0,0,0,2607.14282226563,4562.49951171875,0,2607.14282226563,234.349945068359,2607.14282226563,0,1638.56726074219,0,0,2098.88165283203,0,0,55933.26171875,3053.90112304688
"NGA",3,1,"LSMS-ISA2015",2015,1,26,2608,820,0,260134,3,0,2400,0,0,0,811.111083984375,0,0,4733.33333333333,798.174621582031,0,0,3244.4443359375,0,27809.5234375,0,2838.88891601563,333.333343505859,0,7707.68798828125,0,0,0,0,0,0,4171.4287109375,0,0,0,0,3476.1904296875,0,0,0,0,0,0,0,4171.4287109375,0,34066.6661783854,1042.85717773438,5268.23958333333,0,7714.65169270833,17380.9518229167,0,0,0,0,0,0,0,8690.47591145833,2896.8251953125,7242.0634765625,0,3572.75130208333,0,1456.50439453125,0,0,1390.47623697917,0,0,153218,3053.90112304688
"NGA",3,1,"LSMS-ISA2015",2015,1,26,2608,820,0,260135,5,0,480,0,1460,0,243.333325195313,0,0,1760,462.428558349609,0,0,1460,0,20857.1421875,0,0,400,0,1923.96313476563,0,0,0,0,0,0,0,0,0,1564.2857421875,0,2085.7142578125,0,0,0,730,417.14287109375,0,0,0,0,26279.9993164063,730,4214.591796875,4171.428515625,6171.721484375,13035.7140625,0,0,0,0,0,0,0,0,0,2085.7142578125,0,1315.98642578125,6146.668359375,582.601708984375,0,0,1042.85712890625,0,0,99621.296875,3053.90112304688
"NGA",3,1,"LSMS-ISA2015",2015,1,26,2608,820,0,260136,7,0,1028.57141113281,0,3650,0,869.047642299107,0,0,7714.28571428571,128.571426391602,0,0,2607.14285714286,0,0,0,10428.5712890625,0,0,35314.1328125,0,0,0,10987.2449776786,20559.1830357143,0,0,0,0,0,0,0,4469.38783482143,0,0,0,0,0,0,0,0,0,372.448974609375,0,0,6517.85714285714,0,0,0,0,0,0,0,0,0,0,0,0,0,0,0,0,0,0,0,521.428588867188,105167.875,3053.90112304688
"NGA",3,1,"LSMS-ISA2015",2015,1,26,2608,820,0,260137,5,0,0,0,0,243.333325195313,1946.6666015625,0,0,5200,2660,0,0,4866.666796875,0,5214.285546875,0,6326.6669921875,720,0,8087.5205078125,0,6351.08276619847,0,0,8468.11009200274,0,5927.67714780188,4234.05504600137,4551.60907013806,0,0,12702.1655323969,0,10373.4350030015,0,0,2646.28445587583,6351.08276619847,0,0,0,6774.48809916197,0,0,0,0,0,0,0,0,0,0,0,0,0,0,0,0,0,0,0,0,0,0,0,851.666687011719,104496.796875,3053.90112304688
"NGA",3,1,"LSMS-ISA2015",2015,1,26,2608,820,0,260138,4,0,1800,0,6387.5,0,0,0,0,7800,0,0,0,1520.83337402344,0,0,0,18250,0,0,73973.34375,0,1313.06935178131,0,0,44119.1308240689,0,0,15756.8327138114,0,0,0,0,0,0,1641.33665894942,0,0,6565.34663579766,0,0,0,6827.96070375134,0,0,0,0,0,0,0,0,0,0,0,0,0,0,0,0,862.116209411124,0,0,0,0,0,0,1520.83337402344,188338.296875,3053.90112304688
"NGA",3,1,"LSMS-ISA2015",2015,1,26,2608,820,0,260139,8,0,1500,0,1520.83337402344,0,0,0,0,5500,65.1785736083984,0,0,9125,0,0,0,6843.75,7333.33349609375,0,132490.625,0,5214.28564453125,2607.14282226563,0,17207.142578125,0,1955.35717773438,0,5214.28564453125,0,0,9125,7821.4287109375,4888.39306640625,4562.5,0,3650.00003051758,4073.66064453125,2737.5,5670.53564453125,0,9124.99975585938,456.25,0,0,0,0,0,0,0,0,0,0,0,0,0,0,0,0,0,0,0,0,0,0,0,248687.21875,3053.90112304688
"NGA",3,1,"LSMS-ISA2015",2015,1,26,2608,820,0,260140,6,0,600,0,0,0,0,0,0,4866.66666666667,130.357147216797,0,0,0,0,0,0,0,666.666687011719,0,8132.93701171875,0,4148.63006160844,3687.67119449314,5531.50696582514,14197.5342948226,0,1843.83559724657,0,0,0,0,0,9219.17781214741,0,4148.63006160844,0,1659.45211642661,4609.58890607371,1936.02739869171,0,0,1382.87674145629,645.34246717432,0,0,0,0,0,0,0,0,0,0,0,0,0,0,0,0,0,0,0,0,0,0,0,67406.8984375,3053.90112304688
"NGA",3,1,"LSMS-ISA2015",2015,1,26,2601,822,0,260141,9,0,666.666687011719,0,0,0,202.777777777778,0,0,7622.22222222222,296.03173828125,0,0,2027.77777777778,0,11587.3012152778,0,1351.85192871094,898.148193359375,0,2612.12915039063,0,2780.95247395833,0,0,0,0,869.047634548611,0,869.047634548611,0,0,0,0,347.619059244792,1274.60319010417,0,579.365071614583,0,0,579.365071614583,0,16222.2225477431,405.555555555556,0,0,6000.28428819444,7242.06336805556,0,2521.3515625,0,0,0,0,2317.46028645833,3476.19053819444,0,2317.46028645833,0,1011.58984375,5122.22395833333,404.584526909722,0,0,1749.79953342014,0,0,83355.703125,4524.2978515625
"NGA",3,1,"LSMS-ISA2015",2015,1,26,2601,822,0,260142,10,0,720,0,0,0,365,0,0,1680,626.09521484375,0,0,1216.66669921875,0,7821.42890625,0,1216.66674804688,360,0,12789.447265625,0,0,0,0,0,0,0,0,0,0,0,1303.57138671875,0,0,0,0,990.7142578125,0,0,521.428564453125,0,5996.42861328125,0,3160.94375,0,3857.32578125,10428.57109375,0,3025.6216796875,0,0,0,0,0,3128.571484375,0,3128.571484375,0,231.746020507812,6146.668359375,728.2521484375,0,0,521.428564453125,0,0,69965.1484375,4524.2978515625
"NGA",3,1,"LSMS-ISA2015",2015,1,26,2601,822,0,260143,5,0,0,0,0,0,730,0,0,1560,316.428558349609,0,0,0,0,31285.715625,0,2190,800,0,3303.25634765625,0,0,0,6257.14296875,0,0,3545.71435546875,0,2085.7142578125,0,0,6257.14296875,0,0,0,0,730,0,0,0,0,18249.99921875,625.714306640625,0,3128.571484375,0,10428.57109375,0,0,0,0,0,0,0,4171.428125,0,6555.1021484375,0,2151.92763671875,6146.668359375,1747.8052734375,0,0,1251.42861328125,0,0,113518.3359375,4524.2978515625
"NGA",3,1,"LSMS-ISA2015",2015,1,26,2601,822,0,260144,12,0,0,0,0,0,0,0,0,1950,616.765869140625,0,0,5069.4443359375,0,0,0,6083.33349609375,2534.72216796875,0,7854.486328125,0,0,0,0,6536.4111135202,0,17826.5758238971,0,5347.97248675245,0,0,4753.75327133583,5942.19157258275,0,5407.39453186763,0,2376.87674115118,4456.64395597427,0,4159.53418550554,0,2376.87663566792,0,3006.66972114907,2526.84623239758,0,0,0,0,0,0,0,0,0,0,0,0,0,0,0,0,0,0,0,0,0,88826.4921875,4524.2978515625
"NGA",3,1,"LSMS-ISA2015",2015,1,26,2601,822,0,260145,10,0,600,0,0,0,0,0,0,3820,104.285720825195,0,0,2433.3333984375,0,1825,0,3893.33325195313,2000,0,7404.53369140625,0,6618.77380358693,2626.49745732192,0,12081.8885748059,0,2101.19800458969,0,3151.79710536664,0,0,7879.49295955494,5252.99491464383,2048.66813810215,3414.4467324248,0,3923.75889223775,4727.69546191161,2206.25793452898,893.009205868019,0,2101.19800458969,367.709655686009,0,0,0,0,0,0,0,0,0,0,0,0,0,0,0,771.961835699241,0,0,0,0,0,0,0,82247.828125,4524.2978515625
"NGA",3,1,"LSMS-ISA2015",2015,1,26,2601,822,0,260146,8,0,750,0,0,0,456.25,0,0,5775,247.767852783203,0,0,2129.16674804688,0,0,0,3650,2000,0,8279.2109375,0,4106.25,2607.14282226563,0,17989.28515625,0,1955.35717773438,0,4692.85693359375,0,0,5866.0712890625,6517.85693359375,1825,4497.32141113281,0,3910.71429443359,2933.03564453125,2737.5,1564.28576660156,0,4888.39282226563,0,0,0,0,0,0,0,0,0,0,0,0,0,0,0,0,0,0,0,0,0,0,0,0,89378.4609375,4524.2978515625
"NGA",3,1,"LSMS-ISA2015",2015,1,26,2601,822,0,260147,5,0,2400,0,0,0,0,0,0,3080,347.619049072266,0,0,3650,0,0,0,0,0,0,18850.767578125,0,0,0,0,25028.571875,0,0,0,0,0,0,0,4692.85703125,0,0,2085.7142578125,0,0,0,0,0,5735.7142578125,0,7538.16875,0,4009.46953125,0,0,0,0,0,0,0,0,0,0,0,0,0,0,0,0,0,0,0,0,77418.8828125,4524.2978515625
"NGA",3,1,"LSMS-ISA2015",2015,1,26,2601,822,0,260148,7,0,0,0,0,0,1738.09528459821,0,0,1171.42857142857,578.163269042969,0,0,0,0,8193.87779017857,0,2780.95239257813,571.428588867188,0,2434.642578125,0,0,0,0,0,0,2681.63253348214,0,0,0,0,1862.24483816964,0,0,1638.77553013393,0,968.367361886161,0,0,0,0,9311.224609375,297.959193638393,3763.02845982143,0,7714.65122767857,9311.22433035714,0,0,0,0,0,0,0,3724.48967633929,1340.81626674107,6384.83984375,0,0,8780.95479910714,1040.36021205357,0,0,595.918387276786,0,0,76885.0703125,4524.2978515625
"NGA",3,1,"LSMS-ISA2015",2015,1,26,2601,822,0,260149,11,0,1090.90905761719,0,0,0,884.848455255682,0,0,7909.09090909091,94.8051986694336,0,0,6636.36363636364,0,0,0,6636.36376953125,5530.302734375,0,22633.123046875,0,7490.79542431297,2996.31808529083,0,17228.8288752996,9987.7264710981,2496.93161777452,0,1997.54532781504,0,0,14981.5908486259,12484.6582664294,3745.39771215648,5792.88139835453,0,4244.78390375783,5992.63617058166,2996.31808529083,4993.86350188428,0,3495.70437525032,349.570437525032,0,0,0,0,0,0,0,0,0,0,0,0,0,0,0,0,0,0,0,0,0,0,0,152691.375,4524.2978515625
"NGA",3,1,"LSMS-ISA2015",2015,1,26,2601,822,0,260150,11,0,0,0,0,0,0,0,0,1454.54545454545,9.09090900421143,0,0,1106.06063565341,0,0,0,2212.12133789063,0,0,1857.00927734375,0,0,0,0,0,0,0,0,0,0,0,0,0,0,0,0,0,0,0,0,0,4534.93100754708,1067.04259931729,3856.49527021528,0,9110.83185396257,0,0,0,0,0,0,0,0,0,0,0,0,0,0,0,0,0,0,0,0,25208.12890625,4524.2978515625
"NGA",3,1,"LSMS-ISA2015",2015,1,26,2613,1462,0,260151,4,0,9000,0,0,0,0,9125,0,2850,1500.29760742188,0,0,12166.6669921875,0,0,0,7908.33349609375,8004.16650390625,0,13143.587890625,0,0,0,0,11471.4287109375,0,4692.85693359375,0,0,0,0,0,0,0,5214.28564453125,0,1042.85717773438,0,0,0,0,33241.0710449219,912.5,3951.1796875,0,0,0,10333.548828125,0,0,4345.23828125,0,0,5214.28564453125,9124.9990234375,0,0,0,579.365051269531,7683.33544921875,1092.37829589844,2962.66235351563,0,1825,0,0,167385.046875,3732.5458984375
"NGA",3,1,"LSMS-ISA2015",2015,1,26,2613,1462,0,260152,7,0,1200,0,0,0,0,0,0,4742.85714285714,37.2448997497559,0,0,6083.33314732143,0,0,0,16511.904296875,0,0,9764.6748046875,0,7448.97935267857,0,12363.2366071429,0,0,0,0,0,0,0,0,2979.591796875,0,2607.14285714286,1489.7958984375,3352.04080636161,0,372.448974609375,0,0,7448.97952706473,0,7526.05691964286,0,4914.25725446429,0,0,0,0,0,0,0,0,0,0,0,0,0,0,0,0,0,0,0,0,88842.5390625,3732.5458984375
"NGA",3,1,"LSMS-ISA2015",2015,1,26,2613,1462,0,260153,8,0,2250,0,0,0,0,0,0,8850,65.1785736083984,0,0,15208.3330078125,0,0,0,6083.33349609375,4541.6669921875,0,24589.869140625,0,7188.4304835956,3993.57260393485,0,29286.1994155933,0,1996.78630196743,0,2662.38165185148,0,0,10649.5266074059,9983.93175806508,5324.76330370296,3993.57260393485,0,4991.96572644465,6655.95401164571,2662.38165185148,5324.76330370296,0,10649.5268515466,399.357266497001,0,0,0,0,0,0,0,0,0,0,0,0,0,0,0,0,0,0,0,0,0,0,0,167351.5,3732.5458984375
"NGA",3,1,"LSMS-ISA2015",2015,1,26,2613,1462,0,260154,6,0,3000,0,0,0,0,0,0,2866.66666666667,86.9047622680664,0,0,0,0,13035.71484375,0,2027.77783203125,833.333312988281,0,4130.76025390625,0,0,2607.14290364583,4866.66666666667,10863.0950520833,0,1738.09521484375,0,3476.1904296875,0,0,0,8690.47591145833,0,3650,869.047607421875,4084.52384440104,4345.23795572917,3650,0,0,20857.142578125,608.333333333333,0,0,0,0,0,0,0,0,0,0,0,0,0,0,0,0,0,0,0,0,0,0,0,96287.109375,3732.5458984375
"NGA",3,1,"LSMS-ISA2015",2015,1,26,2613,1462,0,260155,12,0,1500,0,0,0,0,0,0,2216.66666666667,43.4523811340332,0,0,0,0,0,0,2534.72241210938,783.333312988281,0,11645.4453125,0,6915.33171594681,2667.34221362877,0,10866.9501757467,0,1975.80904203409,0,1481.85681593932,0,0,0,8891.14051990421,3704.64213378121,3210.68966354581,592.742739534833,4988.91775531962,6174.40321404423,1975.80904203409,740.928407969658,0,1481.85681593932,345.766585797341,0,0,0,0,0,0,0,0,0,0,0,0,0,0,0,0,0,0,0,0,0,0,0,74737.8046875,3732.5458984375
"NGA",3,1,"LSMS-ISA2015",2015,1,26,2613,1462,0,260156,6,0,1200,0,2027.77783203125,0,304.166666666667,0,0,1466.66666666667,376.587310791016,0,0,2027.77783203125,0,12166.6666666667,0,1419.44445800781,200,0,4130.76025390625,0,0,0,44027.8992137906,0,0,0,0,0,27517.4364087501,0,36689.9151031598,0,0,20179.4535792376,0,4586.23938789498,0,0,0,0,202711.778285313,21096.6997934594,46336.9482706816,0,0,137587.191316134,0,0,0,0,0,0,0,27517.4364087501,0,18344.9575515799,0,6114.98585052664,54063.190890532,12810.7239739508,0,0,3668.9916943457,0,0,688573.6875,3732.5458984375
"NGA",3,1,"LSMS-ISA2015",2015,1,26,2613,1462,0,260157,6,0,2000,0,0,0,0,0,0,7000,353.571441650391,0,0,0,0,0,1013.88891601563,24333.333984375,0,0,8108.52587890625,0,0,86904.7604166667,0,14339.2858072917,0,0,0,0,0,0,0,0,0,1738.09521484375,0,0,0,0,0,0,0,434.523803710938,4390.19986979167,0,0,0,0,0,0,0,0,0,0,0,0,0,0,0,0,0,0,0,0,0,0,150616.1875,3732.5458984375
"NGA",3,1,"LSMS-ISA2015",2015,1,26,2613,1462,0,260158,8,0,4500,0,0,0,0,0,0,1600,374.107147216797,0,0,2281.25,0,19553.572265625,0,912.5,225,0,4236.23193359375,0,0,0,2346.42846679688,0,0,2802.67858886719,0,0,0,0,3910.71435546875,0,0,2607.14282226563,0,391.071441650391,0,0,651.785705566406,0,22812.4998779297,521.428588867188,3951.1796875,0,0,11406.2490234375,0,0,0,0,0,0,0,4562.49951171875,0,2607.14282226563,0,879.168548583984,0,546.189147949219,1368.75,0,651.785705566406,0,0,95699.3828125,3732.5458984375
"NGA",3,1,"LSMS-ISA2015",2015,1,26,2613,1462,0,260159,6,0,1000,0,1013.88891601563,0,243.333333333333,0,0,2500,1003.96826171875,0,0,2027.77783203125,0,26071.4296875,0,1216.66662597656,2013.88903808594,0,8108.52587890625,0,0,0,4519.04752604167,0,0,0,0,0,0,0,3910.71419270833,0,0,0,0,608.333333333333,3476.1904296875,0,0,0,17207.1432291667,0,7024.31966145833,0,0,10863.0950520833,0,0,0,0,0,0,0,4779.76204427083,0,3476.1904296875,624.933186848958,289.682535807292,0,971.002848307292,0,0,695.238118489583,0,0,103645.1328125,3732.5458984375
"NGA",3,1,"LSMS-ISA2015",2015,1,26,2613,1462,0,260160,12,0,1000,0,1520.83333333333,0,202.777770996094,0,0,3050,184.404769897461,0,0,1622.22216796875,0,7821.42838541667,0,4562.5,190,0,4381.19580078125,0,0,0,5214.28580729167,0,0,0,0,0,0,0,4345.23795572917,0,0,0,0,347.619059244792,0,0,0,0,11427.9759114583,347.619059244792,3512.15983072917,0,0,10863.0950520833,0,3151.68912760417,0,2172.61897786458,0,0,0,3476.19010416667,0,2607.14290364583,390.583211263021,193.12168375651,5122.2236328125,606.876790364583,1368.75,0,347.619059244792,0,0,80030.1640625,3732.5458984375
"NGA",3,1,"LSMS-ISA2015",2015,1,26,2616,254,0,260161,9,0,0,0,0,0,0,0,0,3933.33333333333,57.9365081787109,0,0,2433.33333333333,0,1738.09526909722,0,7840.740234375,0,0,11371.0859375,0,0,0,0,12197.5826819803,0,0,0,1742.51184265952,0,0,5808.37251875813,4646.69810241614,3775.44207201311,2323.34905120807,0,3485.02363106558,0,3485.02368531905,871.255921329762,0,4937.11681538613,348.502374032761,12323.7940717682,3485.02368531905,0,0,0,0,0,0,0,0,0,0,0,0,0,0,20540.9589880107,0,0,0,0,0,0,107345.1953125,4750.51318359375
"NGA",3,1,"LSMS-ISA2015",2015,1,26,2616,254,0,260162,8,0,0,0,0,0,0,0,0,5300,315.178588867188,0,0,3650,0,0,0,6083.3330078125,0,0,8570.6220703125,0,0,0,0,22812.5,0,1955.35717773438,0,2607.14282226563,0,0,3258.92846679688,0,2346.42852783203,4562.5,0,1303.57141113281,0,2607.14282226563,782.142883300781,0,2607.14288330078,391.071441650391,9219.419921875,2607.14282226563,0,0,0,0,0,0,0,0,0,9585.083984375,0,0,0,1044.27401733398,3841.66772460938,0,0,0,0,0,0,95450.65625,4750.51318359375
"NGA",3,1,"LSMS-ISA2015",2015,1,26,2616,254,0,260163,5,0,0,0,0,0,0,0,0,3800,554.619018554688,0,0,2433.3333984375,0,12514.2859375,0,12166.6669921875,1825,0,7678.04541015625,0,0,0,0,3147.78394598199,0,1888.67042618294,0,6138.17871500847,0,0,0,3147.78394598199,0,7082.51400893859,0,0,6925.12486236892,0,0,0,0,0,4550.67650877591,4461.8587654096,7869.45960724612,0,0,0,0,0,0,0,0,0,0,0,0,0,5722.74021998233,0,0,0,0,0,0,91906.7421875,4750.51318359375
"NGA",3,1,"LSMS-ISA2015",2015,1,26,2616,254,0,260164,5,0,0,0,0,0,0,0,0,4400,104.285720825195,0,0,0,0,4171.428515625,0,0,0,0,4624.61279296875,0,0,0,0,16208.8869874293,0,2105.05022994527,0,4210.10045989054,0,0,5262.62547307498,10525.25094615,0,4210.10045989054,0,2105.05022994527,6578.28194136109,2105.05022994527,0,0,6315.15068865526,631.515098634623,7443.91210980433,0,0,0,0,0,0,0,0,0,0,0,0,0,0,1299.63966729615,0,0,0,0,0,0,0,82300.9453125,4750.51318359375
"NGA",3,1,"LSMS-ISA2015",2015,1,26,2616,254,0,260165,5,0,0,0,0,0,0,0,0,2200,220,0,0,1460,0,0,0,7300,0,0,9007.34765625,0,0,0,20857.1421875,25028.571875,0,0,0,5840,0,0,0,0,0,3128.571484375,0,2085.7142578125,0,0,0,0,5109.99995117188,0,3769.084375,2956.4171875,8643.0671875,0,0,0,0,0,0,0,0,0,0,0,0,1042.85712890625,0,0,0,0,46644.153125,0,0,145292.921875,4750.51318359375
"NGA",3,1,"LSMS-ISA2015",2015,1,26,2616,254,0,260166,4,0,0,0,0,0,0,0,0,3250,828.988098144531,0,0,2433.33325195313,0,26071.427734375,0,0,425,0,17141.244140625,0,0,0,0,8603.5712890625,0,0,0,0,0,0,3258.92846679688,0,0,0,0,0,4692.85693359375,0,0,0,20726.7852172852,0,3951.1796875,0,3857.32592773438,0,0,1891.01354980469,0,3621.03173828125,0,0,0,11732.1416015625,0,2607.14282226563,1640.44946289063,775.935424804688,0,35783.8870849609,1380.87321472168,0,0,0,912.5,155585.625,4750.51318359375
"NGA",3,1,"LSMS-ISA2015",2015,1,26,2616,254,0,260167,9,0,0,0,0,0,0,0,0,3444.44444444444,57.9365081787109,0,0,2027.77777777778,0,0,0,1216.66662597656,844.444458007813,0,10506.099609375,0,0,0,0,21726.1909722222,0,2317.46028645833,0,0,0,0,9269.84114583333,6952.38107638889,0,3476.19053819444,0,1911.90473090278,5793.65060763889,4634.92057291667,0,0,3186.50792100694,347.619059244792,9365.75954861111,4055.55555555556,0,0,0,0,0,0,0,0,0,0,0,0,0,0,0,0,0,0,0,0,0,91135.359375,4750.51318359375
"NGA",3,1,"LSMS-ISA2015",2015,1,26,2616,254,0,260168,5,0,0,0,0,0,486.666650390625,0,0,2000,392.571441650391,730,0,2433.3333984375,0,5214.285546875,0,0,240,0,3365.13208007813,0,0,0,0,13457.3936502708,0,2691.47877809873,0,2691.47877809873,0,0,3364.3484125677,2242.89888159767,0,2467.1888298482,1121.44944079884,1570.02918333046,0,1682.17420628385,0,0,2355.04385572294,3925.07307291141,4532.21392918943,0,4977.62821868743,0,0,0,0,0,0,0,0,0,0,0,0,0,9914.8454860616,0,347.649333037979,0,0,0,0,72202.8828125,4750.51318359375
"NGA",3,1,"LSMS-ISA2015",2015,1,26,2616,254,0,260169,8,0,0,0,0,0,121.666664123535,0,0,1700,334.107147216797,0,0,4562.5,0,13035.7138671875,0,1368.75,125,0,13666.810546875,0,0,0,0,7821.4287109375,0,0,0,1173.21423339844,0,0,0,0,0,1303.57141113281,0,391.071441650391,0,0,260.714294433594,0,13752.6783752441,782.142883300781,3951.1796875,0,3857.32592773438,0,0,1891.01354980469,0,0,0,0,0,6517.85693359375,0,1303.57141113281,0,2456.00415039063,3841.66772460938,364.126068115234,0,0,0,0,0,84582.109375,4750.51318359375
"NGA",3,1,"LSMS-ISA2015",2015,1,26,2616,254,0,260170,6,0,0,0,0,0,0,0,0,3900,497.738128662109,0,0,2027.77783203125,0,0,0,20277.77734375,2433.33325195313,0,1952.87854003906,0,0,6952.380859375,0,10428.5716145833,0,0,0,0,0,0,0,0,0,5214.28580729167,0,0,0,0,0,0,1738.09521484375,0,2512.72298177083,0,0,0,0,0,0,0,0,0,0,0,0,0,0,0,0,0,0,0,0,0,0,57935.5625,4750.51318359375
"NGA",3,1,"LSMS-ISA2015",2015,1,26,2625,926,0,260171,4,0,0,0,0,0,365,0,0,1700,849.702392578125,912.5,0,0,0,26071.427734375,0,0,250,0,5780.76611328125,0,0,0,5996.4287109375,0,0,0,0,1564.28576660156,0,0,6517.85693359375,3910.71435546875,0,6257.14282226563,2607.14282226563,2346.42858886719,0,651.785705566406,2476.78570556641,0,16555.3571777344,782.142883300781,0,0,0,0,0,0,0,0,0,0,0,0,0,0,0,0,11525.00390625,0,0,0,0,0,0,97120.46875,2714.57885742188
"NGA",3,1,"LSMS-ISA2015",2015,1,26,2625,926,0,260172,5,0,0,0,243.333325195313,0,243.333325195313,0,0,1520,398.095245361328,0,0,1216.66669921875,0,15642.8578125,0,2433.33349609375,0,0,5719.87353515625,0,0,0,0,11153.6897437787,0,2230.73799378589,0,0,0,0,4461.47598757179,5019.16041481142,1673.05354416754,4015.32845500429,0,1115.36899689295,0,334.610713343343,1673.05354416754,0,9034.48880199775,1003.83213816514,3380.73025026035,0,8251.06617133376,0,0,0,0,0,0,0,0,0,0,0,0,1681.13592262053,6574.05805712774,0,0,0,0,0,0,89019.2890625,2714.57885742188
"NGA",3,1,"LSMS-ISA2015",2015,1,26,2625,926,0,260173,6,0,0,0,2027.77783203125,0,304.166666666667,0,0,866.666666666667,423.015869140625,0,0,811.111083984375,0,8690.47591145833,0,6083.33349609375,100,0,3853.84399414063,0,0,0,5248.00619304099,9840.01209177438,0,1836.80216111807,0,1574.40191431453,0,0,3936.00480190201,1968.002400951,0,2624.00309652049,1836.80216111807,3936.00480190201,7872.00960380402,0,2361.60284971695,0,14432.0171178821,2755.203339173,0,0,0,0,0,0,0,0,0,0,0,0,0,0,0,0,0,0,0,0,0,0,0,83381.2578125,2714.57885742188
"NGA",3,1,"LSMS-ISA2015",2015,1,26,2625,926,0,260174,6,0,0,0,0,0,0,0,0,5466.66666666667,290.476196289063,0,0,20277.77734375,0,0,0,8111.111328125,2919.44458007813,0,8762.3916015625,0,0,0,0,0,0,0,0,0,0,0,2199.09959009838,0,3848.42431518458,4398.19918019677,0,4398.19918019677,8246.62382090218,4398.19918019677,0,0,3848.42431518458,659.729904714657,0,30787.3945214766,20988.0654043647,0,0,0,0,0,0,0,0,0,0,0,0,0,0,0,0,0,0,0,0,129600.2265625,2714.57885742188
"NGA",3,1,"LSMS-ISA2015",2015,1,26,2625,926,0,260175,6,0,0,0,0,0,0,0,0,5666.66666666667,86.9047622680664,0,0,4055.5556640625,0,4345.23795572917,0,2027.77783203125,2613.88891601563,0,23195.201171875,0,0,0,0,11738.9188244209,0,0,0,0,0,0,9391.1349206856,5634.68126468489,1878.22702317131,4132.09955511524,0,5634.68114009063,14086.703422412,3756.45404634262,0,0,1878.22702317131,657.379466788156,0,11269.3625293698,7682.43375969221,0,0,0,0,0,0,0,0,0,0,0,0,0,0,0,0,0,0,0,0,119731.53125,2714.57885742188
"NGA",3,1,"LSMS-ISA2015",2015,1,26,2625,926,0,260176,8,0,0,0,0,0,0,0,0,2625,279.761901855469,0,0,912.5,0,0,0,0,0,0,8071.4736328125,0,0,0,0,0,0,0,1811.27323474205,0,0,0,0,0,0,6037.57723412523,0,1660.33377163668,0,10565.7604995882,0,0,14339.246100982,754.697154265654,13092.5736695786,10697.5336503184,6908.18267548399,0,0,0,0,0,0,0,0,0,0,0,0,0,0,0,0,0,0,0,0,77755.921875,2714.57885742188
"NGA",3,1,"LSMS-ISA2015",2015,1,26,2625,926,0,260177,6,0,0,0,0,0,0,0,0,5333.33333333333,349.126983642578,0,0,2027.77783203125,0,0,1013.88891601563,8516.6669921875,0,0,7530.041015625,0,0,0,0,0,0,0,0,1266.0946532326,0,0,0,12660.9462687705,2532.1893064652,27432.049987191,0,12660.9459432496,0,3692.77592960513,0,0,21101.576230131,0,7626.51189276659,3738.83128184021,0,0,0,0,0,0,0,0,0,0,0,0,0,0,9590.7817194647,0,0,0,0,0,0,127073.5390625,2714.57885742188
"NGA",3,1,"LSMS-ISA2015",2015,1,26,2625,926,0,260178,9,0,0,0,0,0,0,0,0,3133.33333333333,346.825408935547,0,0,2838.88888888889,0,0,0,4055.5556640625,0,0,5841.5947265625,0,0,0,0,0,0,0,0,0,0,0,5796.99067071988,5796.99067071988,1449.24766767997,2318.79631161439,0,3478.1945218659,6956.38915223875,2318.79631161439,0,0,2028.94679983704,347.819463032514,0,8695.48665712148,5269.15312535025,0,0,0,0,0,0,0,0,0,0,0,0,0,0,0,0,0,0,0,0,60673.01171875,2714.57885742188
"NGA",3,1,"LSMS-ISA2015",2015,1,26,2625,926,0,260179,5,0,0,0,0,0,0,0,0,2600,1024.28576660156,0,0,2920,0,0,0,9733.333984375,0,0,7305.5322265625,0,6300.24625135602,0,0,4410.17254651606,0,0,0,4410.17254651606,0,0,0,4536.1772327496,0,3024.11840131637,0,4410.17249768793,0,0,0,0,4914.19218241253,0,0,4465.17512652427,0,0,0,0,0,0,0,0,0,0,0,0,0,0,22907.9711273679,0,0,0,0,0,3650,86611.5546875,2714.57885742188
"NGA",3,1,"LSMS-ISA2015",2015,1,26,2625,926,0,260180,6,0,0,0,0,0,0,0,0,4866.66666666667,507.142852783203,0,0,4055.5556640625,0,4779.76204427083,0,3244.4443359375,1477.77770996094,0,8762.3916015625,0,0,0,0,0,0,0,0,0,0,0,4979.79349428841,7469.6904521347,0,4979.79349428841,0,2489.89674714421,11204.5349691479,4979.79349428841,0,0,5602.26783910103,622.474186786052,0,17429.2772489449,11315.9117191272,0,0,0,0,0,0,0,0,0,0,11552.9479875904,0,2617.09791322768,0,0,0,0,0,0,0,112937.21875,2714.57885742188
"NGA",3,1,"LSMS-ISA2015",2015,6,27,2701,506,1,270001,6,0,1600,0,0,405.555541992188,1318.05558268229,0,0,8000,2614.6826171875,0,0,0,0,1738.09521484375,0,12166.6669921875,1066.66662597656,0,3000,0,0,0,0,0,0,1738.09521484375,0,5214.28580729167,0,6517.857421875,0,4345.23795572917,1042.85717773438,1911.90478515625,1738.09521484375,5648.80944824219,0,0,0,0,46494.0493164063,1564.28564453125,0,0,0,5735.71419270833,3476.19075520833,0,0,0,0,0,0,0,0,423.660725911458,0,0,0,0,0,0,417.383061726888,0,3650,121828.1328125,14679.0966796875
"NGA",3,1,"LSMS-ISA2015",2015,6,27,2701,506,1,270002,5,1216.66674804688,2400,0,0,0,1581.66669921875,0,1216.66674804688,5600,3002.28564453125,0,0,7300,0,0,0,15816.666015625,0,0,7200,0,0,0,0,6257.14296875,11471.428515625,6465.71416015625,0,4171.428515625,2607.1427734375,0,8342.85703125,15642.8578125,2607.14287109375,4588.571484375,2085.7142578125,3441.42861328125,6257.14296875,834.2857421875,3076.42861328125,0,21274.285546875,1355.71428222656,0,0,0,0,0,0,0,0,0,0,0,0,0,0,0,0,0,0,0,0,0,0,7300,153113.234375,14679.0966796875
"NGA",3,1,"LSMS-ISA2015",2015,6,27,2701,0,1,270003,6,506.944458007813,0,0,0,0,1115.27775065104,0,0,2833.33333333333,750.277770996094,0,0,4055.5556640625,0,0,0,13180.5546875,30416.666015625,0,3862.86303710938,0,0,0,0,2607.14290364583,4345.23795572917,6257.14274088542,0,3128.5712890625,0,0,6952.380859375,8690.47591145833,3041.66666666667,3823.8095703125,0,2824.40474446615,0,0,0,0,26071.4283854167,1216.66666666667,0,0,0,0,0,0,0,0,0,0,0,0,0,0,1253.13557942708,0,0,0,0,0,0,0,0,126933.5390625,14679.0966796875
"NGA",3,1,"LSMS-ISA2015",2015,6,27,2701,506,1,270004,3,2838.88891601563,60833.33203125,0,0,0,2636.11116536458,0,811.111083984375,5666.66666666667,4646.03173828125,0,0,8111.111328125,0,0,0,34877.77734375,0,0,6000,0,0,0,0,3476.1904296875,0,5561.90478515625,0,10428.5716145833,0,0,13035.71484375,17380.9518229167,4692.85725911458,3476.1904296875,0,4692.85717773438,0,2607.14290364583,6083.33333333333,6952.380859375,92119.0458984375,521.428588867188,0,0,0,0,0,0,0,0,0,0,0,0,0,0,0,0,0,0,0,0,0,0,6083.33349609375,303532.9375,14679.0966796875
"NGA",3,1,"LSMS-ISA2015",2015,6,27,2701,0,1,270005,7,0,1714.28576660156,0,0,0,2085.71428571429,0,0,0,583.503356933594,0,0,0,0,4841.83649553571,0,9559.5234375,0,0,5142.85693359375,0,0,0,0,4171.42857142857,3724.48967633929,0,0,1191.83677455357,1489.7958984375,0,0,5959.18359375,0,3575.51018415179,0,2234.69384765625,0,744.89794921875,0,0,38734.6930803571,372.448974609375,0,0,322.993512834821,0,0,1679.34598214286,0,0,0,0,0,0,2234.69363839286,0,0,0,2492.83314732143,0,2855.44224330357,0,47.5989772251674,0,5214.28564453125,100973.8984375,14679.0966796875
"NGA",3,1,"LSMS-ISA2015",2015,6,27,2701,506,1,270006,11,0,1090.90905761719,0,0,0,3871.21200284091,0,0,11818.1818181818,4700,0,0,3318.18181818182,0,2370.12979403409,0,5530.302734375,1000,0,8727.2724609375,0,0,0,0,0,5688.31178977273,0,0,0,1896.10387073864,0,1896.10387073864,1896.10387073864,568.831187855114,0,1896.10387073864,3318.18181818182,0,0,0,0,0,948.051935369318,636.876287286932,0,0,4446.75568181818,1623.97780539773,1608.33513849432,0,1421.24631569602,0,0,0,0,1777.59730113636,3744.80522017045,0,395.021617542614,4759.04474431818,28.4415588378906,2906.45649857955,0,79.417214827104,0,8848.4853515625,92810.4453125,14679.0966796875
"NGA",3,1,"LSMS-ISA2015",2015,6,27,2701,0,1,270007,3,0,4000,0,0,0,0,0,0,8333.33333333333,6430.95263671875,0,0,6083.33333333333,0,17380.9518229167,0,36500,0,0,16000,0,0,0,0,0,0,0,0,5214.28580729167,5214.28580729167,12166.6666666667,8690.47591145833,0,3476.1904296875,0,2607.14282226563,2607.14282226563,0,0,1738.09521484375,0,26071.4296875,0,0,0,0,34585.8776041667,13649.7804361979,3890.03694661458,0,0,0,0,0,0,2607.142578125,5735.71439615885,0,417.142862955729,1415.68294270833,242.750712076823,9269.84147135417,0,424.098744710286,0,16222.22265625,250974.546875,14679.0966796875
"NGA",3,1,"LSMS-ISA2015",2015,6,27,2701,506,1,270008,6,4055.5556640625,8400,0,0,0,3041.66666666667,0,0,13666.6666666667,5722.22265625,0,0,4055.5556640625,0,13035.71484375,0,20277.77734375,0,0,20000,0,0,0,0,11732.1432291667,4345.23795572917,0,0,5214.28580729167,0,0,0,8690.47591145833,0,0,0,2607.14282226563,0,434.523803710938,608.333333333333,0,43452.3802083333,1738.09521484375,0,0,0,0,0,2876.65755208333,3823.8095703125,0,0,0,0,0,11210.7145182292,4576.98404947917,1179.57568359375,869.047607421875,8724.91536458333,0,108.630940755208,0,834.766123453776,0,20277.77734375,225560.671875,14679.0966796875
"NGA",3,1,"LSMS-ISA2015",2015,6,27,2701,506,1,270009,5,730,3600,0,0,0,1581.66669921875,0,973.333312988281,3640,1320.95239257813,0,0,6083.333203125,0,0,0,29200,0,0,12000,0,0,0,0,15642.8578125,3128.571484375,3128.571484375,9385.7140625,3128.571484375,2085.7142578125,0,16685.7140625,6257.14296875,10950,5110,2607.1427734375,2294.2857421875,2920,1042.85712890625,10950.000390625,0,37542.85625,2398.57136230469,0,0,0,0,0,0,0,0,0,0,0,0,0,0,0,0,0,0,0,0,0,0,12166.666015625,206554.546875,14679.0966796875
"NGA",3,1,"LSMS-ISA2015",2015,6,27,2701,0,1,270010,5,0,960,0,0,0,1581.66669921875,0,0,2660,243.33332824707,0,0,0,0,3128.571484375,0,5840,0,0,2400,0,0,0,0,0,6257.14296875,0,0,2502.8572265625,0,0,0,9385.7140625,1042.85712890625,0,521.428564453125,3128.57143554687,1564.2857421875,0,312.857153320312,0,5422.8572265625,0,0,0,0,7300,0,4006.2216796875,0,0,0,0,0,0,0,1460,0,625.714306640625,0,123.802868652344,1738.0953125,0,371.031884765625,0,4501.6669921875,67078.671875,14679.0966796875
"NGA",3,1,"LSMS-ISA2015",2015,6,27,2704,204,0,270011,3,1622.22216796875,0,0,811.111083984375,0,811.111083984375,0,0,3333.33333333333,1877.14270019531,0,0,0,0,0,0,0,0,0,10128.7734375,0,0,0,0,5214.28580729167,3476.1904296875,3476.1904296875,0,0,0,0,0,13904.76171875,0,3476.1904296875,0,3128.57153320313,0,0,0,0,14599.9996744792,1738.09521484375,0,0,0,0,0,5517.12434895833,0,0,0,0,0,0,0,0,3530.90087890625,3075.091796875,0,0,0,0,139.528004964193,0,0,79860.625,22218.361328125
"NGA",3,1,"LSMS-ISA2015",2015,6,27,2704,204,0,270012,1,6083.33349609375,0,0,0,0,9125,0,0,3000,6813.33349609375,0,0,0,0,15642.857421875,0,73000,0,0,22458.349609375,0,0,0,0,13557.142578125,23464.28515625,0,0,0,0,0,20857.142578125,0,5214.28564453125,10428.5712890625,0,20857.142578125,34414.28515625,0,1042.85717773438,0,80299.9986572266,5214.28564453125,0,0,0,0,0,7471.02587890625,0,0,0,0,0,0,0,0,0,0,0,0,0,0,418.584014892578,0,0,359362.4375,22218.361328125
"NGA",3,1,"LSMS-ISA2015",2015,6,27,2704,204,0,270015,1,3650,0,0,2433.33325195313,0,2433.33325195313,0,0,0,3650,0,0,0,0,0,0,0,0,0,9826.7021484375,0,0,0,0,0,0,0,0,3650,0,0,0,0,2085.71435546875,5214.28564453125,0,5214.28564453125,14600,0,3650,0,33892.8564453125,5214.28564453125,0,0,0,8603.5712890625,16712.455078125,14942.0517578125,0,0,0,0,20857.142578125,28170.685546875,0,0,5214.28564453125,6257.14331054688,0,0,0,0,837.168029785156,0,0,197109.296875,22218.361328125
"NGA",3,1,"LSMS-ISA2015",2015,6,24,2408,0,1,270016,2,0,0,0,0,0,608.333312988281,0,0,900,454.166656494141,0,0,0,0,6517.85693359375,0,4866.66650390625,200,0,6018.96484375,0,0,0,0,5214.28564453125,0,0,0,5214.28564453125,0,0,0,0,0,0,0,0,0,0,0,0,109500,0,0,0,0,0,0,0,0,0,0,0,0,0,0,0,2557.64013671875,0,0,0,0,0,31.2857131958008,0,0,142083.5,22218.361328125
"NGA",3,1,"LSMS-ISA2015",2015,6,27,2704,204,0,270017,4,1825,0,0,0,0,912.5,0,0,4250,2389.880859375,0,0,18250,0,0,0,3650,0,7821.4287109375,1657.07995605469,0,0,0,0,3650,2607.14282226563,2607.14282226563,0,1825,0,0,0,18250,0,2867.85717773438,0,2867.85717773438,0,0,0,0,10298.2143554688,2607.14282226563,0,0,0,0,0,0,0,0,0,0,0,0,0,0,0,0,0,0,0,0,104.646003723145,0,0,88440.8984375,22218.361328125
"NGA",3,1,"LSMS-ISA2015",2015,6,27,2704,204,0,270019,3,0,0,0,6083.33333333333,0,0,0,0,0,0,0,0,0,0,0,0,6488.888671875,22666.666015625,0,6820.73876953125,0,0,0,0,0,3476.1904296875,1738.09521484375,0,0,0,0,0,12166.6663411458,0,0,0,1738.09521484375,0,0,0,0,166857.145833333,0,0,0,0,3792.14713541667,16712.4557291667,0,0,3650,0,0,0,0,5840,2317.46028645833,0,0,0,0,0,0,2788.72905985514,0,8516.6669921875,271653.25,22218.361328125
"NGA",3,1,"LSMS-ISA2015",2015,6,27,2704,204,0,270020,1,2433.33325195313,3600,0,0,0,4866.66650390625,0,0,0,7300,0,0,0,0,0,0,0,10000,0,22458.349609375,0,0,0,0,0,0,0,0,0,0,0,0,20857.142578125,0,0,0,7821.42846679688,0,0,0,0,65178.5703125,2085.71435546875,0,0,0,5688.220703125,10428.572265625,0,0,11046.052734375,0,0,0,0,15642.85546875,4171.4287109375,0,1738.09521484375,0,0,17380.953125,0,334.867218017578,0,0,213032.265625,22218.361328125
"NGA",3,1,"LSMS-ISA2015",2015,6,27,2715,752,0,270021,1,0,0,0,0,0,1946.66662597656,0,0,14600,4432.142578125,0,0,0,0,78214.2890625,0,12166.6669921875,0,0,27520.875,0,0,0,0,17728.572265625,0,0,0,20857.142578125,0,0,0,52142.85546875,4692.85717773438,0,0,0,15642.857421875,1042.85717773438,6257.14306640625,0,23464.2854003906,6257.14282226563,0,0,0,0,0,17259.9453125,0,0,0,41714.28515625,7821.4287109375,0,0,6952.380859375,6468.3544921875,6778.57141113281,0,0,0,0,837.168029785156,0,0,374798.46875,13324.775390625
"NGA",3,1,"LSMS-ISA2015",2015,6,27,2715,0,0,270023,7,0,0,0,0,0,695.238071986607,0,0,2200,142.857147216797,0,0,3476.19056919643,0,2979.591796875,0,6952.38134765625,285.714294433594,0,1242.82043457031,0,0,0,0,5214.28571428571,0,0,0,2979.591796875,0,0,3724.48967633929,3724.48967633929,595.918387276786,1489.7958984375,0,2234.69384765625,1191.83677455357,446.938790457589,1191.83677455357,1489.7958984375,2979.591796875,297.959193638393,0,0,0,0,0,4043.82784598214,0,0,7224.10546875,0,0,0,0,0,0,744.89794921875,0,0,0,0,0,0,0,57548.84765625,13324.775390625
"NGA",3,1,"LSMS-ISA2015",2015,6,27,2715,752,0,270024,5,0,0,0,0,0,3650,0,0,2800,323.285705566406,0,0,6813.33359375,0,0,0,4866.6669921875,0,0,683.732604980469,0,0,0,0,3128.571484375,0,0,0,2294.2857421875,0,0,0,12514.2859375,0,2085.7142578125,0,1251.42858886719,3337.14296875,0,0,0,8447.1427734375,1564.28571777344,0,0,0,0,0,5976.820703125,0,0,2715.3640625,0,0,0,0,0,0,2919.91376953125,0,0,0,0,0,0,0,65371.97265625,13324.775390625
"NGA",3,1,"LSMS-ISA2015",2015,6,27,2715,752,0,270025,4,0,0,0,0,0,4866.66650390625,0,0,0,0,0,0,0,0,7821.4287109375,0,16729.166015625,0,0,4071.99658203125,0,0,0,0,4127.30125917625,0,0,0,0,0,0,0,8254.60251835249,0,2751.53409140396,0,2201.22730699486,4402.45473606002,963.036945573117,1100.61368401501,0,0,0,0,0,0,0,8254.60251835249,3517.78410917218,5675.03891931805,0,2388.12420418293,0,0,0,3852.14778229247,0,17717.5871488895,0,0,0,4585.89040564523,0,528.598743472702,0,0,103809.796875,13324.775390625
"NGA",3,1,"LSMS-ISA2015",2015,6,27,2715,752,0,270027,1,0,0,0,0,0,4258.33349609375,0,0,0,0,0,0,0,0,0,0,0,0,0,6890.4033203125,0,0,0,0,15642.857421875,0,0,0,3650,0,0,0,0,0,10428.5712890625,0,1564.28576660156,0,0,2607.14282226563,0,3650,1564.28576660156,0,0,0,0,0,10804.2084960938,0,0,0,0,0,32383.45703125,0,0,3515.24853515625,12906.2922363281,0,0,0,0,2085.71435546875,0,0,111950.8046875,13324.775390625
"NGA",3,1,"LSMS-ISA2015",2015,6,27,2715,752,0,270028,1,0,0,0,0,0,1460,0,0,0,521.428588867188,0,0,0,0,0,0,24333.333984375,0,0,4763.27587890625,0,0,0,0,0,52142.85546875,0,0,5214.28564453125,0,0,26071.427734375,26071.427734375,0,11471.4287109375,0,13035.7141113281,0,7821.4287109375,6257.14306640625,0,0,0,0,0,0,17207.142578125,0,14942.0517578125,0,0,0,0,0,0,0,0,0,5214.28564453125,8724.916015625,0,0,0,8733.38815307617,0,13748.333984375,247733.84375,13324.775390625
"NGA",3,1,"LSMS-ISA2015",2015,6,27,2715,0,1,270029,1,4866.66650390625,0,0,0,0,6083.33349609375,0,0,5000,4866.66650390625,0,0,0,0,0,0,19466.666015625,0,0,14400,0,0,0,0,7300,16685.7143554688,17728.5712890625,0,0,0,0,0,62571.4296875,0,15642.8569335938,0,11992.857421875,15642.857421875,3128.57153320313,5475,0,13035.7138671875,7560.71423339844,0,0,0,0,0,0,0,0,5214.28564453125,0,0,0,0,0,19321.71484375,0,0,0,0,0,0,0,35283.3359375,291267,13324.775390625
"NGA",3,1,"LSMS-ISA2015",2015,6,27,2715,752,0,270030,2,0,0,0,0,0,3041.66674804688,0,0,5700,260.714294433594,0,0,4258.33349609375,0,13035.7138671875,0,24333.333984375,0,0,6737.90673828125,0,0,0,0,15642.857421875,0,0,0,5214.28564453125,0,0,0,31285.71484375,2607.14282226563,5214.28564453125,0,8082.14282226563,9125,0,2607.14282226563,0,0,0,0,0,0,0,10428.572265625,14942.0517578125,0,0,0,0,0,0,3910.7138671875,3389.28564453125,0,0,0,443.214294433594,8690.4765625,0,1143.31733703613,0,0,180093.875,13324.775390625
"NGA",3,1,"LSMS-ISA2015",2015,6,27,2709,1646,1,270031,4,0,7500,0,0,0,1520.83337402344,0,0,1500,1117.02380371094,0,0,7604.16650390625,0,0,0,4562.5,10645.8330078125,0,6192.2119140625,0,0,0,0,4562.5,0,7821.4287109375,0,912.5,1955.35717773438,0,9776.7861328125,0,2346.42846679688,2607.14282226563,0,2998.21429443359,0,0,0,0,12514.2857055664,3258.92846679688,0,0,0,0,0,0,0,0,0,0,0,0,0,0,0,0,0,0,0,0,0,0,4258.33349609375,93654.4765625,3276.58422851563
"NGA",3,1,"LSMS-ISA2015",2015,6,27,2709,1646,1,270033,5,0,0,0,121.666662597656,0,3114.6666015625,0,0,900,1355.95239257813,0,0,2433.3333984375,0,3128.571484375,0,10512,1200,0,1680,0,0,0,0,0,0,7821.42890625,0,625.714306640625,2085.7142578125,0,7821.42890625,3128.571484375,3650,5735.71416015625,0,3128.57138671875,0,0,834.2857421875,0,42757.14453125,834.2857421875,0,0,0,10324.28515625,0,0,0,0,0,0,0,0,0,0,0,0,0,0,0,0,167.433605957031,0,1703.33337402344,115064.1171875,3276.58422851563
"NGA",3,1,"LSMS-ISA2015",2015,6,27,2709,1646,1,270034,5,6083.3330078125,7200,0,486.666650390625,0,1216.66669921875,0,0,4000,274.619049072266,0,0,4866.666796875,0,0,0,12166.666015625,0,0,7200,0,0,0,0,3650,0,10428.57109375,0,1460,0,0,8342.85703125,8342.85703125,2502.8572265625,5005.714453125,0,2502.85712890625,3128.571484375,0,1668.571484375,0,9281.428515625,208.571435546875,0,0,0,0,0,0,0,0,0,0,0,0,0,0,0,0,0,0,0,0,0,0,0,100017.4609375,3276.58422851563
"NGA",3,1,"LSMS-ISA2015",2015,6,27,2709,1646,1,270035,10,0,2400,0,121.666662597656,365,121.666662597656,0,0,1900,836.452331542969,0,0,1460,0,521.428564453125,0,7056.6669921875,0,0,1200,0,0,0,0,2737.5,1564.2857421875,0,1042.85712890625,1825.00002441406,0,0,7821.42890625,5996.4287109375,2502.85712890625,2294.2857421875,0,3910.7142578125,1825,260.714282226562,782.14287109375,0,6257.14287109375,0,0,0,0,568.8220703125,0,2666.54609375,0,0,521.428564453125,0,0,0,0,0,0,0,0,0,0,0,167.433605957031,0,1216.66674804688,59944.14453125,3276.58422851563
"NGA",3,1,"LSMS-ISA2015",2015,6,24,2404,0,1,270036,6,608.333312988281,4000,0,0,0,5677.77799479167,0,324.444427490234,21933.3333333333,2216.66674804688,0,0,16222.22265625,0,0,0,21900,8333.3330078125,0,7000,0,4171.4287109375,0,0,13035.71484375,0,5214.28580729167,0,3823.8095703125,1738.09521484375,12166.6666666667,5214.28580729167,0,0,3823.8095703125,869.047607421875,3041.66666666667,3910.71419270833,0,0,0,10167.8568929036,0,0,0,0,0,0,0,0,0,0,0,0,0,0,0,0,0,0,0,0,0,0,0,0,155393.5,3276.58422851563
"NGA",3,1,"LSMS-ISA2015",2015,6,27,2709,1646,1,270037,3,0,3200,0,811.111083984375,0,1622.22216796875,0,0,2333.33333333333,173.809524536133,0,0,0,0,6083.33333333333,0,4055.5556640625,0,0,2000,0,0,0,0,10428.5716145833,0,0,0,0,0,0,0,15642.8567708333,3476.1904296875,0,0,6952.380859375,0,0,0,0,18249.9996744792,869.047607421875,0,0,0,0,0,2222.12174479167,0,0,0,0,0,0,0,6836.5078125,0,0,0,590.952392578125,0,0,66.9734395345052,0,2027.77783203125,87642.75,3276.58422851563
"NGA",3,1,"LSMS-ISA2015",2015,6,27,2709,1646,1,270038,2,0,0,0,1825,0,2433.33325195313,0,0,3100,1101.84521484375,0,0,0,0,10428.5712890625,0,6083.33349609375,0,0,4200,0,0,0,0,7821.4287109375,7821.4287109375,0,0,0,0,0,0,13035.7138671875,0,3258.92846679688,0,7821.42846679688,9125,0,2607.14282226563,0,10428.5715332031,1303.57141113281,0,0,1130.47729492188,0,0,5804.4345703125,0,3746.05249023438,0,0,0,0,2607.14282226563,0,0,869.047607421875,0,0,0,0,209.292007446289,0,608.333312988281,107370.078125,3276.58422851563
"NGA",3,1,"LSMS-ISA2015",2015,6,27,2709,0,1,270039,6,0,2000,1622.22216796875,0,0,1013.88891601563,0,0,2600,553.293640136719,0,0,5069.4443359375,0,0,2027.77783203125,6691.66650390625,0,608.333333333333,3343.51391601563,0,0,0,869.047607421875,18250,6083.33333333333,6517.857421875,0,608.333333333333,0,0,26071.4296875,0,1303.57145182292,1738.09521484375,0,2433.33335367839,0,0,0,0,3476.1904296875,173.809529622396,0,0,0,0,0,0,0,0,0,0,0,0,0,0,0,0,0,0,0,0,0,0,0,93055.1484375,3276.58422851563
"NGA",3,1,"LSMS-ISA2015",2015,6,27,2712,110,0,270041,3,0,10000,0,0,0,4866.66666666667,0,0,1866.66666666667,608.333312988281,0,0,8111.111328125,0,43452.3802083333,0,12166.6669921875,0,0,22400.287109375,0,0,0,0,0,0,1738.09521484375,0,3476.1904296875,3476.1904296875,0,8690.47591145833,8690.47591145833,11297.6184895833,0,0,5214.28572591146,0,0,12166.6666666667,0,0,0,0,0,0,2867.85709635417,5570.818359375,2222.12174479167,3584.8212890625,0,0,0,0,0,0,3418.25390625,0,579.365071614583,0,0,2482.99332682292,0,400.687733968099,0,1216.66662597656,180565.6875,14198.53125
"NGA",3,1,"LSMS-ISA2015",2015,6,27,2712,110,0,270042,3,5677.77783203125,2000,0,0,0,2027.77783203125,0,0,8333.33333333333,6840,0,0,0,0,34761.9036458333,0,0,2333.33325195313,0,5188.83544921875,0,0,0,0,0,0,8690.47591145833,0,0,0,0,13035.71484375,8690.47591145833,1216.66666666667,0,0,869.047607421875,60833.3333333333,0,0,0,90380.9534505208,1738.09521484375,0,0,0,2867.85709635417,6952.38151041667,511.417317708333,0,2433.33333333333,0,0,0,0,3128.5712890625,2317.46028645833,0,0,0,0,0,0,445.913157145182,0,0,271274.65625,14198.53125
"NGA",3,1,"LSMS-ISA2015",2015,6,27,2712,110,0,270044,4,1825,6000,0,0,0,1825,0,0,3100,2098.75,0,0,9125,0,0,0,18250,12166.6669921875,0,18539.212890625,0,0,0,0,4171.4287109375,9776.78564453125,6517.85693359375,32589.28515625,0,0,0,10428.5712890625,13035.7138671875,0,3128.57153320313,0,2737.5,10428.5712890625,0,1042.85717773438,0,5866.0712890625,0,0,0,0,0,0,0,0,0,0,0,0,0,0,0,0,0,0,0,0,0,209.292007446289,0,0,172862.140625,14198.53125
"NGA",3,1,"LSMS-ISA2015",2015,6,27,2712,110,0,270045,3,6083.33349609375,4000,0,4866.66666666667,0,8111.111328125,0,0,0,10836.5078125,0,0,0,0,69523.8072916667,0,8111.111328125,5333.33349609375,0,3112.22192382813,0,0,0,0,5214.28580729167,0,0,0,3476.1904296875,0,0,6952.380859375,5214.28580729167,0,0,0,5214.28572591146,2607.14290364583,0,0,0,10428.5716145833,0,0,0,0,0,3476.19075520833,2222.12174479167,0,0,0,0,0,0,0,2317.46028645833,0,0,0,0,0,0,390.294108072917,0,0,167491.296875,14198.53125
"NGA",3,1,"LSMS-ISA2015",2015,6,27,2714,0,1,270046,1,6083.33349609375,6000,0,0,0,6083.33349609375,0,0,0,6583.33349609375,0,0,0,0,0,0,24333.333984375,8000,0,18297.712890625,0,0,0,0,15642.857421875,14600,2607.14282226563,0,10428.5712890625,0,0,0,41714.28515625,0,0,0,4171.4287109375,0,0,0,0,0,1564.28576660156,0,0,0,0,0,0,0,0,0,0,0,52142.85546875,0,0,7518.8134765625,13786.0629882813,0,0,0,0,0,0,0,239557.34375,14198.53125
"NGA",3,1,"LSMS-ISA2015",2015,6,27,2712,110,0,270047,13,467.94873046875,0,0,0,0,0,0,0,1307.69230769231,588.278381347656,0,0,1403.84615384615,0,0,0,3743.58984375,0,0,776.089538574219,0,0,0,0,8423.07692307692,0,0,0,802.197791466346,0,0,0,4813.18689903846,0,2928.02193509615,1123.07692307692,401.098895733173,0,0,200.549447866587,0,0,882.41757436899,0,0,1671.24534254808,0,0,1538.39182692308,1654.53290264423,0,0,0,0,835.622671274038,0,0,0,1203.29668719952,4026.88401442308,0,0,0,160.439565805288,0,0,38951.48828125,14198.53125
"NGA",3,1,"LSMS-ISA2015",2015,6,27,2712,110,0,270049,4,2433.33325195313,3000,0,0,0,4866.66650390625,0,0,0,24333.333984375,0,0,273750,0,130357.140625,0,36500,0,0,3000,0,0,0,0,0,9125,9125,2867.85717773438,0,2607.14282226563,0,39107.14453125,0,0,0,10428.5711669922,1303.57141113281,0,0,0,3910.71435546875,0,0,0,0,0,12905.3564453125,0,0,0,2761.51318359375,0,0,0,0,0,3432.73803710938,1012.451171875,12254.5961914063,4362.4580078125,0,0,0,250.718063354492,0,3041.66674804688,596737,14198.53125
"NGA",3,1,"LSMS-ISA2015",2015,6,27,2712,0,0,270050,2,2311.66674804688,91250,0,0,0,1216.66662597656,0,0,0,2822.38110351563,0,0,0,0,0,0,0,0,0,7783.2529296875,0,0,0,0,7821.4287109375,0,9385.7138671875,0,3650,0,0,0,18250,0,0,0,7299.99993896484,7821.4287109375,0,0,0,2607.14282226563,0,0,0,0,0,0,0,0,5214.28564453125,0,0,0,0,0,3650,0,0,0,0,0,0,1376.05001831055,0,0,172460.015625,14198.53125
"NGA",3,1,"LSMS-ISA2015",2015,6,27,2711,710,1,270051,8,456.25,1800,2129.16674804688,0,0,304.166656494141,0,0,1950,745.208312988281,0,0,0,0,0,0,4562.5,0,0,8803.02734375,0,0,0,0,9776.7861328125,2281.25,3910.71435546875,0,1955.35717773438,651.785705566406,0,13035.7138671875,0,391.071441650391,3128.57153320313,2411.60717773438,2216.07141113281,1955.35717773438,456.25,977.678588867188,0,23725.0001220703,195.535720825195,0,0,0,0,0,0,0,0,0,0,0,0,0,0,0,0,0,0,0,0,0,0,7604.16650390625,95423.2265625,12057.830078125
"NGA",3,1,"LSMS-ISA2015",2015,6,27,2711,710,1,270052,1,0,6000,0,0,0,2433.33325195313,0,0,5000,1373.09521484375,0,0,12166.6669921875,0,0,0,73000,0,0,29713.830078125,0,0,0,0,36500,0,6257.14306640625,0,7300,0,0,52142.85546875,0,0,10428.5712890625,0,6257.14282226563,0,0,5214.28564453125,0,188235.712890625,1564.28576660156,0,0,0,0,0,0,0,0,0,0,0,0,0,0,0,0,0,0,0,0,0,0,0,443586.9375,12057.830078125
"NGA",3,1,"LSMS-ISA2015",2015,6,27,2711,710,1,270053,4,3041.66674804688,9000,0,0,0,4562.5,0,0,6400,1977.08337402344,0,0,1520.83337402344,0,5214.28564453125,0,14600,9733.3330078125,0,15267.2431640625,0,0,0,0,13687.5,7821.4287109375,1564.28576660156,0,4171.4287109375,0,0,10428.5712890625,6517.85693359375,0,5866.0712890625,0,4562.49993896484,0,0,3650,0,14339.2854003906,2867.85717773438,0,0,0,0,0,0,0,0,0,0,0,0,2281.25,0,0,651.785705566406,0,0,0,0,0,0,760.416687011719,150487.203125,12057.830078125
"NGA",3,1,"LSMS-ISA2015",2015,6,27,2711,710,1,270054,7,1042.85717773438,1200,0,0,0,6257.14285714286,0,0,2285.71428571429,2302.38110351563,0,0,0,0,0,0,5909.52392578125,20857.142578125,0,10595.8173828125,0,0,0,0,10428.5714285714,2607.14285714286,0,0,1787.75516183036,0,0,6704.08147321429,7448.97935267857,707.653076171875,1117.34695870536,0,2234.69384765625,0,0,521.428571428571,6704.08147321429,13035.7141462054,0,0,0,0,0,0,5714.02678571429,4609.05608258929,0,0,0,0,0,0,0,0,402.534319196429,1246.41657366071,0,2482.99330357143,0,2920.82360839844,0,0,121123.875,12057.830078125
"NGA",3,1,"LSMS-ISA2015",2015,6,27,2711,710,1,270055,4,1520.83337402344,2400,0,0,0,1825,0,0,3950,2715.77392578125,2281.25,0,30416.666015625,0,0,0,16729.166015625,45625,0,6303.39208984375,0,0,0,0,7300,11080.3571777344,7821.4287109375,0,2737.5,0,0,20857.142578125,6517.85693359375,9125,5735.71435546875,0,3128.57141113281,0,0,1303.57141113281,0,38585.7147216797,260.714294433594,0,0,0,0,0,0,0,0,0,0,0,0,0,0,0,0,0,0,0,0,0,0,1216.66662597656,229437.328125,12057.830078125
"NGA",3,1,"LSMS-ISA2015",2015,6,27,2711,710,1,270056,7,347.619049072266,1714.28576660156,0,0,0,1042.85714285714,0,0,6342.85714285714,450.680236816406,0,0,1390.47614397321,0,1117.34695870536,0,7821.4287109375,5928.5712890625,0,5142.85693359375,0,0,0,0,0,3724.48967633929,0,0,2085.71428571429,0,0,13408.1629464286,8193.87751116071,2234.69391741071,3128.57142857143,744.89794921875,2234.69384765625,2979.591796875,0,2532.65304129464,0,27188.7748325893,744.89794921875,0,0,0,4916.32645089286,0,3809.3515625,0,0,0,0,0,0,0,0,0,0,0,0,0,0,119.595432826451,0,6604.76220703125,115950.0390625,12057.830078125
"NGA",3,1,"LSMS-ISA2015",2015,6,27,2711,710,1,270057,9,540.74072265625,4000,2027.77777777778,0,0,4055.55555555556,0,0,1111.11111111111,1158.99462890625,0,0,1351.85188802083,0,5793.65060763889,0,9462.962890625,333.333343505859,0,666.666687011719,0,0,0,0,0,0,0,0,2027.77780490451,0,4634.92057291667,0,0,1738.09526909722,231.746039496528,0,2317.46028645833,0,0,2201.58734809028,0,37658.7309027778,115.873019748264,0,0,0,13383.3333333333,8111.11197916667,5626.44140625,0,0,0,0,0,3009.68880208333,260.714274088542,2665.07931857639,0,0,0,11.5873014662001,869.047607421875,1274.60329861111,93.0186699761285,0,6759.25927734375,123492.7109375,12057.830078125
"NGA",3,1,"LSMS-ISA2015",2015,6,27,2711,710,1,270058,3,811.111083984375,1200,0,0,0,811.111083984375,0,0,1333.33333333333,275.198394775391,0,0,0,0,0,0,9733.3330078125,0,0,6000,0,0,0,0,5214.28580729167,0,0,0,0,0,0,0,3476.1904296875,0,0,0,1042.85717773438,0,0,0,0,224214.289388021,173.809529622396,0,0,0,0,0,1878.90283203125,0,0,0,0,0,0,0,2746.19051106771,0,0,0,0,0,0,2.62024434407552,0,6488.888671875,265402.125,12057.830078125
"NGA",3,1,"LSMS-ISA2015",2015,6,27,2711,710,1,270059,5,340.666687011719,1920,0,1216.66669921875,0,438,0,0,0,1512.28576660156,0,0,0,0,4171.428515625,0,5840,0,0,2144.54956054688,0,0,0,0,16539.6461220796,0,5513.21494452621,0,3859.25065284168,0,0,0,11026.4303263278,3638.72193160341,5292.68670939144,0,3307.92908113516,0,220.528612648339,771.850117303933,0,0,0,0,0,0,0,0,0,0,0,0,0,0,0,0,0,3701.92540651379,0,3690.04244646232,0,0,0,177.032395047588,0,0,75322.8515625,12057.830078125
"NGA",3,1,"LSMS-ISA2015",2015,6,27,2711,710,1,270060,1,6083.33349609375,6000,0,0,0,3650,0,0,5000,6083.33349609375,0,0,0,0,15642.857421875,0,0,106000,0,18000,0,0,0,0,0,15642.857421875,0,0,4171.4287109375,0,0,0,20857.142578125,0,12514.2861328125,13035.7143554688,15642.8571777344,0,31285.71484375,36500,0,0,0,0,0,0,9480.3671875,4679.4873046875,3333.1826171875,12022.056640625,0,31679.248046875,0,20857.142578125,17130.7377929688,7300,0,0,0,5856.17919921875,0,0,0,15.7214660644531,0,26766.66796875,455230.28125,12057.830078125
"NGA",3,1,"LSMS-ISA2015",2015,6,27,2703,1612,1,270061,9,0,2666.66674804688,0,0,675.925944010417,1081.4814453125,0,540.74072265625,4444.44444444444,533.333312988281,0,0,2027.77777777778,0,17380.953125,0,13518.5185546875,2222.22216796875,0,11694.9443359375,0,0,0,0,0,0,0,1390.47623697917,5793.65060763889,1738.09526909722,0,0,12021.8250325521,0,0,3476.19048394097,4345.23811848958,0,0,0,0,28968.2534722222,2317.46028645833,0,0,0,8152.38628472222,8809.32052951389,2876.65755208333,0,0,0,0,0,0,6083.33311631944,3051.32269965278,0,0,5268.50954861111,231.746012369792,3258.92868381076,0,255.561150444878,0,0,154825.953125,4368.77880859375
"NGA",3,1,"LSMS-ISA2015",2015,5,10,1015,0,1,270062,2,4866.66650390625,6000,0,0,0,425.833343505859,0,1216.66662597656,23000,930.357177734375,0,0,12166.6669921875,0,125142.859375,0,36500,0,0,24000,0,0,0,0,6257.14306640625,0,0,0,3128.57153320313,0,10428.5712890625,20857.142578125,51250.9379882813,7821.42877197266,2085.71435546875,11471.4287109375,9385.71423339844,0,0,15903.5715332031,0,103764.286132813,2607.14282226563,0,0,0,0,0,0,0,0,0,0,0,27786.65234375,0,0,0,0,0,0,0,0,0,0,24333.333984375,531330.625,4368.77880859375
"NGA",3,1,"LSMS-ISA2015",2015,6,27,2703,1612,1,270063,3,973.333312988281,2000,0,0,0,2595.55550130208,0,0,0,973.333312988281,0,0,0,0,10428.5716145833,0,8111.111328125,0,0,8000,0,0,0,0,5214.28580729167,0,2085.71435546875,0,4345.23795572917,3476.1904296875,0,13557.1432291667,10428.5716145833,3650.00008138021,12514.2858072917,0,5214.28564453125,2607.14290364583,1738.09521484375,3041.66666666667,0,13904.76171875,1738.09521484375,0,0,0,0,0,0,0,0,0,0,0,0,0,0,0,0,0,0,0,0,484.116302490234,0,8111.111328125,125192.609375,4368.77880859375
"NGA",3,1,"LSMS-ISA2015",2015,6,27,2703,0,0,270064,6,0,0,0,0,0,2027.77783203125,0,0,1866.66666666667,86.9047622680664,0,0,0,0,17380.9518229167,0,12166.6669921875,0,0,1353.73901367188,0,0,0,0,5214.28580729167,0,5214.28580729167,0,3476.1904296875,0,0,0,13904.76171875,0,3650,0,3041.66666666667,0,0,0,0,6083.33333333333,0,0,0,0,0,0,0,1738.09521484375,0,0,0,0,0,0,869.047607421875,0,869.047607421875,2176.28287760417,412.676228841146,0,0,597.730946858724,0,0,82130.109375,4368.77880859375
"NGA",3,1,"LSMS-ISA2015",2015,6,27,2703,1612,1,270065,4,0,9000,0,0,0,1825,0,0,3600,708.273803710938,0,0,9125,0,0,0,15208.3330078125,0,0,42672.4296875,0,0,0,0,3650,0,3910.71435546875,11732.142578125,2867.85717773438,0,0,0,45625,1629.46423339844,4432.14294433594,7169.64270019531,3128.57153320313,3650,0,2607.14282226563,0,1825,391.071441650391,0,0,0,0,0,0,0,0,0,0,0,0,0,0,0,0,0,0,0,0,0,0,10645.8330078125,185403.609375,4368.77880859375
"NGA",3,1,"LSMS-ISA2015",2015,6,27,2703,0,1,270066,3,2433.33325195313,0,0,0,0,7300,0,0,4933.33333333333,0,0,0,9733.33333333333,0,17380.9518229167,0,24333.333984375,0,0,15766.8681640625,0,0,0,0,0,0,0,0,0,0,0,5214.28580729167,13904.76171875,0,5735.71435546875,0,4345.23811848958,0,0,0,0,42583.3326822917,869.047607421875,0,0,0,0,0,0,0,0,0,0,0,0,2607.142578125,0,0,0,0,825.352457682292,5793.65104166667,0,1501.54051717122,0,6488.888671875,171750.125,4368.77880859375
"NGA",3,1,"LSMS-ISA2015",2015,6,27,2703,0,1,270067,3,1419.44445800781,2000,0,0,0,6083.33333333333,0,0,20200,3041.66674804688,0,0,0,0,26071.4296875,0,40555.5546875,0,0,10000,0,0,0,0,5214.28580729167,8690.47591145833,0,0,3476.1904296875,0,0,6952.380859375,10428.5716145833,4345.23795572917,5561.90478515625,0,5214.28564453125,0,1042.85717773438,11123.8095703125,0,49535.7145182292,0,0,0,0,0,0,1063.03141276042,0,0,1508.53564453125,0,0,0,5214.28515625,0,0,0,1450.85514322917,0,0,0,609.501327514648,0,10138.888671875,240942.234375,4368.77880859375
"NGA",3,1,"LSMS-ISA2015",2015,6,27,2703,1612,1,270068,4,973.333312988281,3000,0,0,0,1825,0,0,0,1512.5,0,0,0,0,3910.71435546875,0,6083.33349609375,0,0,6000,0,0,0,0,5866.0712890625,0,2607.14282226563,3910.71435546875,3258.92846679688,0,7821.4287109375,0,0,0,2867.85717773438,2607.14282226563,1955.35711669922,1955.35717773438,0,0,0,0,260.714294433594,0,0,0,0,0,0,0,0,1697.1025390625,0,0,0,5214.28527832031,1270.98217773438,0,686.440963745117,0,443.214294433594,1629.46423339844,0,417.142852783203,0,16729.166015625,84503.390625,4368.77880859375
"NGA",3,1,"LSMS-ISA2015",2015,6,27,2703,1612,1,270069,5,0,3600,0,0,4380,0,0,0,7240,396.285705566406,0,0,0,0,0,0,9733.333984375,0,0,4800,0,0,0,0,1460,10428.57109375,6257.14296875,0,1460,0,0,7821.42890625,7821.42890625,2085.71435546875,4588.571484375,2607.1427734375,2502.85717773438,2920,1042.85712890625,1772.85712890625,0,1460,312.857153320312,0,0,0,0,0,0,0,0,0,0,0,0,0,0,0,0,0,0,0,0,0,0,2555,87246.046875,4368.77880859375
"NGA",3,1,"LSMS-ISA2015",2015,6,27,2703,1612,1,270070,5,1703.33337402344,1920,0,0,0,1216.66669921875,0,1460,1540,2148.28564453125,0,0,0,0,0,0,9733.333984375,0,0,4800,0,0,0,0,3128.571484375,2920,4380.00009765625,0,2085.7142578125,2085.7142578125,0,0,16685.7140625,3128.57138671875,4588.571484375,2085.7142578125,3337.14291992188,2920,1042.85712890625,4745.00009765625,0,20231.428125,1355.71428222656,0,0,0,0,0,0,0,0,0,0,0,0,0,0,0,0,0,0,0,0,0,0,4866.6669921875,104109,4368.77880859375
"NGA",3,1,"LSMS-ISA2015",2015,6,27,2707,1410,1,270071,6,567.777770996094,3000,0,0,0,1135.55558268229,0,1013.88891601563,3333.33333333333,1401.11120605469,0,0,0,0,6952.380859375,0,10037.5,0,0,4000,0,0,0,0,0,2665.41738487387,2665.41738487387,5863.91805364684,444.236217248943,0,0,0,7107.77947598309,6219.30712659347,3553.88973799155,0,2754.26461242042,3998.12591268636,0,0,0,1776.94486899577,3553.88973799155,0,0,0,3888.11359619954,0,0,0,0,0,0,0,0,0,0,0,996.822760751943,0,0,0,0,284.802304740897,0,4055.5556640625,81270.03125,8737.5576171875
"NGA",3,1,"LSMS-ISA2015",2015,6,27,2707,1410,1,270072,2,1825,2100,0,0,0,3041.66674804688,0,3650,5000,2639.880859375,0,0,0,0,0,0,13383.333984375,0,0,6000,0,0,0,0,7300,6517.85693359375,9125,0,4171.4287109375,0,0,0,26071.427734375,3910.71435546875,12514.2861328125,0,6778.57153320313,5214.28564453125,1564.28576660156,2085.71435546875,0,11210.7138671875,3389.28570556641,0,0,0,0,0,0,0,0,0,0,0,0,0,0,0,0,0,0,0,0,0,0,6083.33349609375,143576.78125,8737.5576171875
"NGA",3,1,"LSMS-ISA2015",2015,6,27,2707,1410,1,270074,4,6083.33349609375,1500,0,0,0,2433.33325195313,0,912.5,2050,6083.33349609375,0,0,10645.8330078125,0,32589.28515625,0,9125,0,0,11175.2197265625,0,0,0,0,0,0,1825,0,0,0,0,0,6517.85717773438,0,0,0,3910.71423339844,0,0,0,0,7821.42846679688,0,0,0,0,7606.21435546875,4196.68310546875,0,0,0,0,0,0,0,0,3432.73803710938,0,0,0,0,0,0,334.434867858887,0,0,118242.90625,8737.5576171875
"NGA",3,1,"LSMS-ISA2015",2015,6,27,2707,1410,1,270075,1,0,12000,0,0,0,1460,0,0,6000,2433.33325195313,0,0,0,0,62571.4296875,0,30416.66796875,0,10428.5712890625,24000,0,0,0,0,0,0,3128.57153320313,0,10428.5712890625,0,0,41714.28515625,0,0,2607.14282226563,0,9907.14282226563,0,0,4171.4287109375,0,156428.571289063,5214.28564453125,0,0,0,0,0,0,0,0,0,0,0,0,0,0,0,0,0,0,1564.28576660156,0,834.285705566406,0,24333.333984375,409641.90625,8737.5576171875
"NGA",3,1,"LSMS-ISA2015",2015,6,27,2707,1410,1,270076,5,0,4800,0,0,0,1460,0,1460,4360,1077.61901855469,0,0,19466.6671875,0,0,0,19466.66796875,0,0,22800.8828125,0,0,0,0,3128.571484375,14599.999609375,6257.14296875,5214.285546875,6257.14296875,5214.285546875,0,8342.85703125,15642.8578125,1981.42863769531,4588.571484375,5214.28564453125,2920,4171.428515625,1251.42861328125,3128.571484375,0,22108.571875,0,0,0,0,0,0,0,0,0,0,0,0,0,0,0,0,0,0,0,0,0,167.433605957031,0,0,185080.71875,8737.5576171875
"NGA",3,1,"LSMS-ISA2015",2015,6,27,2707,1410,1,270077,3,2433.33325195313,2400,0,0,0,2433.33333333333,0,1622.22216796875,1333.33333333333,3499.365234375,0,0,0,0,0,0,16222.22265625,0,0,8853.7373046875,0,0,0,695.238118489583,5214.28580729167,6952.38102213542,6430.95247395833,0,2433.33333333333,0,0,14773.8098958333,20857.1432291667,695.238118489583,7647.619140625,0,4171.42854817708,0,1738.09521484375,608.333333333333,0,23811.9039713542,2259.52380371094,0,0,0,0,0,0,0,0,0,0,0,0,0,0,0,0,0,0,0,0,0,0,0,137086.84375,8737.5576171875
"NGA",3,1,"LSMS-ISA2015",2015,6,27,2707,0,1,270078,6,405.555541992188,8000,0,0,0,0,0,0,5516.66666666667,927.777770996094,0,0,0,0,0,0,8111.111328125,0,0,4426.86865234375,0,0,0,0,9125,2172.61897786458,5214.28580729167,0,2172.61897786458,0,0,0,6952.380859375,0,3650,1738.09521484375,3910.71427408854,1129.76188151042,521.428588867188,3476.1904296875,0,23029.7619628906,0,0,0,0,0,0,0,0,0,0,0,0,0,1303.5712890625,0,0,0,0,0,5069.44466145833,0,26.6554285685221,0,0,96880.5,8737.5576171875
"NGA",3,1,"LSMS-ISA2015",2015,6,27,2707,1410,1,270079,2,7300,7500,0,0,0,10950,0,0,11400,17860.71484375,0,0,18250,0,26071.427734375,0,28591.66796875,0,0,57002.20703125,0,0,0,0,0,0,0,0,5214.28564453125,0,0,0,20857.142578125,0,5214.28564453125,0,6517.85705566406,3910.71435546875,0,16946.427734375,0,49535.7143554688,0,0,0,0,5704.66064453125,8356.2275390625,3735.51293945313,0,0,3394.205078125,0,0,0,3910.7138671875,2541.96435546875,0,0,0,886.428588867188,0,0,1252.14918518066,0,0,322904.3125,8737.5576171875
"NGA",3,1,"LSMS-ISA2015",2015,6,27,2707,1410,1,270080,3,405.555541992188,10000,0,0,0,1460,0,0,4800,1326.03173828125,0,0,0,0,10428.5716145833,0,23116.666015625,0,0,20356.32421875,0,0,0,0,39976.1901041667,0,0,0,27809.5234375,0,12166.6666666667,0,3476.1904296875,0,6952.380859375,4345.23795572917,6083.33325195313,2607.14290364583,0,3823.80948893229,0,74564.2854817708,869.047607421875,0,0,0,0,0,2222.12174479167,0,0,0,0,0,0,0,0,0,0,0,0,0,0,1197.70564778646,0,1419.44445800781,259406.25,8737.5576171875
"NGA",3,1,"LSMS-ISA2015",2015,6,27,2719,100,0,270081,5,0,0,0,0,0,0,0,0,3400,304.285705566406,0,0,0,0,10428.57109375,0,1946.66674804688,0,0,1344.02026367188,0,0,0,2422.53389116478,10901.4023626094,7267.60186880684,0,0,0,0,0,0,4845.06778232956,0,0,0,2422.53389116478,7267.60186880684,0,0,0,1211.26694558239,242.253398882103,0,0,0,0,0,3097.16362182259,0,0,4730.79769281898,0,0,0,0,3230.04518821971,0,605.633472791195,0,0,0,0,0,0,0,65667.4453125,7689.05078125
"NGA",3,1,"LSMS-ISA2015",2015,6,27,2719,100,0,270082,12,0,3000,0,0,0,1013.88891601563,0,0,333.333333333333,633.333312988281,0,0,304.166666666667,0,6517.857421875,0,6083.33349609375,500,0,8798.3193359375,0,0,0,217.261901855469,4562.5,7821.42887369792,869.047607421875,0,0,0,0,6517.857421875,4345.23795572917,869.047607421875,0,217.261901855469,2389.88096110026,3041.66666666667,0,0,0,10428.5716145833,0,0,0,0,0,0,0,3584.8212890625,2761.51302083333,1319.96866861979,0,0,0,391.071411132813,3063.39280192057,439.406087239583,0,0,86.9047546386719,8690.4765625,0,209.051813761393,0,0,89010.609375,7689.05078125
"NGA",3,1,"LSMS-ISA2015",2015,6,27,2719,100,0,270083,3,0,0,0,0,0,1216.66666666667,0,0,4133.33333333333,457.698394775391,0,0,6083.33333333333,0,0,2027.77783203125,16222.22265625,0,0,3820.796875,0,0,0,0,5214.28580729167,34761.9036458333,6952.380859375,0,4171.4287109375,0,0,12166.6666666667,20857.142578125,0,4345.23795572917,0,4171.42854817708,0,0,0,0,10080.9524739583,695.238118489583,0,0,0,0,0,0,0,0,1738.09521484375,0,0,0,0,0,0,0,0,0,0,0,0,0,0,139116.59375,7689.05078125
"NGA",3,1,"LSMS-ISA2015",2015,6,27,2719,100,0,270084,1,0,0,0,0,0,2433.33325195313,0,0,0,521.428588867188,0,0,0,0,0,0,0,0,0,3418.6630859375,0,0,0,0,15642.857421875,10428.5712890625,0,0,5214.28564453125,0,0,0,31285.71484375,0,0,0,6778.57141113281,0,0,0,0,41714.28515625,2607.14282226563,0,0,0,0,0,11608.869140625,0,0,0,0,0,20857.142578125,27911.765625,3476.1904296875,2607.14282226563,0,0,0,521.428527832031,0,200.920318603516,0,0,187228.296875,7689.05078125
"NGA",3,1,"LSMS-ISA2015",2015,6,27,2719,100,0,270085,4,0,0,0,0,0,608.333312988281,0,0,0,130.357147216797,0,0,0,0,0,0,6083.33349609375,0,0,1722.60083007813,0,0,0,0,4055.80840861976,0,0,0,1892.71055294842,0,0,0,10139.52126569,0,1351.93609433723,0,3515.03387836012,0,0,0,0,0,405.580846611715,0,0,0,0,0,5185.27339833502,0,0,0,0,0,0,0,0,0,0,0,0,0,0,0,0,0,35090.48828125,7689.05078125
"NGA",3,1,"LSMS-ISA2015",2015,6,27,2719,100,0,270086,3,0,0,0,0,0,1216.66666666667,0,0,9666.66666666667,538.809509277344,0,0,20277.77734375,0,0,0,20277.779296875,4055.5556640625,0,4729.388671875,0,0,0,1760.83233820638,5634.66374267707,7043.32935282551,0,0,5282.49718310643,0,0,0,12325.8265282961,0,1760.83233820638,0,3169.49835716481,5282.49718310643,0,0,0,6867.24607304018,1232.58269466509,0,0,0,0,7007.57733285604,17388.7079338505,0,0,4612.61508630457,0,0,0,0,0,0,0,0,0,0,0,0,0,0,140131.359375,7689.05078125
"NGA",3,1,"LSMS-ISA2015",2015,6,27,2719,100,0,270087,5,1216.66674804688,600,0,0,0,584,0,0,0,1440.95239257813,0,0,0,0,0,0,2920,0,0,2400,0,0,0,0,0,0,0,0,208.571435546875,0,0,0,2502.8572265625,0,0,0,0,1251.42861328125,0,0,0,4171.428515625,208.571435546875,0,0,1352.895703125,3441.428515625,6257.14296875,1333.273046875,0,0,3167.9248046875,0,0,0,0,2780.95234375,915.976171875,1042.85712890625,0,0,0,0,167.433605957031,0,2433.33349609375,40397.69140625,7689.05078125
"NGA",3,1,"LSMS-ISA2015",2015,6,27,2719,100,0,270088,1,0,0,0,0,0,2920,0,0,0,521.428588867188,0,0,0,0,15642.857421875,0,12166.6669921875,0,0,9285.7138671875,0,0,0,0,15642.857421875,0,10428.5712890625,0,5214.28564453125,0,0,0,36500,4171.4287109375,21900,0,7821.42846679688,7821.4287109375,0,4692.85729980469,0,19292.8569335938,0,0,0,0,0,16712.455078125,8275.6865234375,0,0,0,0,0,0,0,0,0,1738.09521484375,0,421773.125,0,0,200.920318603516,0,2190,624912.6875,7689.05078125
"NGA",3,1,"LSMS-ISA2015",2015,6,27,2719,0,0,270089,6,0,0,0,0,0,1622.22216796875,0,0,2666.66666666667,0,0,0,0,0,2607.14290364583,0,4866.66650390625,0,0,602.709838867188,0,0,0,0,10698.4034286808,0,5943.55732372858,0,297.177873485175,8320.9804743704,0,7132.26912640461,3566.13456320231,0,5349.20171434039,0,4754.8459757628,4160.4902371852,0,1664.19609487408,0,0,356.613466848711,0,0,2548.52538666754,0,45465.6289104139,6938.57304601237,0,0,6190.27161880401,0,0,0,0,0,11733.0019305992,3838.54786711754,0,0,0,0,0,0,2433.33325195313,143757.15625,7689.05078125
"NGA",3,1,"LSMS-ISA2015",2015,6,27,2719,100,0,270090,2,0,0,0,0,0,6387.5,0,0,4500,3041.66674804688,0,0,12166.6669921875,0,13035.7138671875,0,20075,1000,0,7783.2529296875,0,0,0,0,0,15642.857421875,0,0,0,0,0,26071.427734375,13035.7138671875,0,7821.42846679688,22160.7141113281,11732.1427001953,0,2607.14282226563,0,0,143132.142578125,2607.14282226563,0,0,0,8603.5712890625,17863.755859375,3333.1826171875,0,0,20488.7421875,0,0,0,0,0,0,3367.5595703125,0,0,0,0,752.298309326172,0,0,367209.59375,7689.05078125
"NGA",3,1,"LSMS-ISA2015",2015,6,27,2703,1076,1,270091,6,0,3000,0,0,0,4866.66666666667,0,0,6733.33333333333,0,0,0,8516.66666666667,0,3910.71419270833,0,16222.22265625,12166.6669921875,0,7883.43408203125,0,0,0,0,0,4345.23795572917,1738.09521484375,0,1738.09521484375,1738.09521484375,0,4345.23795572917,3476.1904296875,3476.1904296875,5735.71439615885,0,3041.66662597656,1738.09521484375,0,0,0,33892.8569335938,0,0,0,0,2535.40478515625,0,0,0,0,0,0,0,0,0,0,0,579.365071614583,0,0,0,0,487.147064208984,0,0,132167.078125,10834.5712890625
"NGA",3,1,"LSMS-ISA2015",2015,6,27,2703,1076,1,270092,5,730,240,0,0,0,1946.6666015625,0,1216.66674804688,0,730,0,0,0,0,2085.7142578125,0,7300,0,0,5312.2421875,0,0,0,0,83428.56875,0,0,0,0,0,0,0,5214.285546875,0,2502.8572265625,0,4171.428515625,0,0,0,0,10428.571484375,2085.7142578125,0,0,0,0,18055.0171875,3451.9890625,0,2209.210546875,0,0,0,0,1303.57138671875,0,0,2097.3013671875,0,0,0,0,267.547894287109,0,851.666687011719,155629.046875,10834.5712890625
"NGA",3,1,"LSMS-ISA2015",2015,6,27,2703,1076,1,270093,5,1460,7200,0,0,0,2920,0,0,6140,2468.33349609375,0,0,7300,0,4171.428515625,0,24333.33203125,0,0,14834.1435546875,0,0,0,0,5840,2607.1427734375,0,0,3128.571484375,2085.7142578125,0,7821.42890625,6257.14296875,0,3545.71435546875,3128.57138671875,2085.7142578125,0,0,0,3128.571484375,45885.71484375,1772.85717773438,0,0,0,0,2085.714453125,1251.42861328125,0,0,0,0,0,0,0,0,0,347.61904296875,3482.05234375,0,0,0,625.714306640625,0,0,165906.90625,10834.5712890625
"NGA",3,1,"LSMS-ISA2015",2015,6,27,2703,1076,1,270094,4,2129.16674804688,7500,0,0,0,1520.83337402344,0,0,2500,2904.9404296875,0,0,0,0,0,0,12166.6669921875,0,0,22369.193359375,0,0,0,0,3910.71435546875,0,3128.57141113281,2607.14282226563,3650,0,0,0,10428.5712890625,3128.57153320313,5866.0712890625,0,3128.57141113281,3910.71435546875,0,0,0,32589.2852783203,2346.42861938477,0,0,0,0,0,0,0,0,0,0,0,0,0,0,0,0,0,0,0,0,0,0,0,125785.4453125,10834.5712890625
"NGA",3,1,"LSMS-ISA2015",2015,6,27,2703,1076,1,270095,6,1419.44445800781,2800,0,0,0,1216.66666666667,0,1622.22216796875,2000,4398.8095703125,0,0,5272.22233072917,0,0,0,16222.22265625,0,0,28448.287109375,0,0,0,0,6083.33333333333,4345.23795572917,5214.28580729167,7821.42838541667,5214.28580729167,2172.61897786458,0,13904.76171875,10428.5716145833,3910.71427408854,3823.8095703125,0,3997.619140625,1738.09521484375,869.047607421875,2911.3095703125,0,9559.52408854167,260.714294433594,0,0,0,0,0,0,0,0,0,0,0,0,0,0,0,0,0,0,0,0,0,0,0,145655.21875,10834.5712890625
"NGA",3,1,"LSMS-ISA2015",2015,6,27,2703,1076,1,270096,1,0,6000,0,0,0,9733.3330078125,0,0,4000,3476.1904296875,0,0,0,36500,15642.857421875,0,0,0,0,36386.328125,0,0,0,0,0,41714.28515625,13035.7138671875,0,0,0,0,41714.28515625,31285.71484375,0,0,15642.8569335938,10428.5712890625,18250,0,3650,0,365000,0,0,0,0,5688.220703125,16712.455078125,0,0,1921.05261230469,0,0,0,0,0,13730.9521484375,0,3476.1904296875,0,0,5899.591796875,0,6019.96328735352,0,0,705908.5,10834.5712890625
"NGA",3,1,"LSMS-ISA2015",2015,6,27,2703,1076,1,270097,3,2433.33325195313,6000,0,0,0,2433.33333333333,0,2433.33325195313,8000,3801.11108398438,0,0,8111.111328125,0,0,0,81111.109375,0,0,20356.32421875,0,0,0,0,2607.14290364583,3476.1904296875,12514.2859700521,4345.23795572917,2433.33333333333,0,0,14773.8098958333,17380.9518229167,4171.42846679688,7647.619140625,1042.85717773438,5040.47623697917,0,2607.14290364583,2259.52384440104,0,71957.1435546875,2607.14294433594,0,0,0,4743.62890625,0,0,0,0,0,0,0,0,0,0,0,0,0,0,0,0,0,0,0,294287.53125,10834.5712890625
"NGA",3,1,"LSMS-ISA2015",2015,6,27,2703,0,1,270098,1,2433.33325195313,12000,0,0,0,9733.3330078125,0,3650,4600,10240.4765625,0,0,0,0,0,0,48666.66796875,22400,0,18000,0,0,0,0,0,36500,0,0,0,0,0,26071.427734375,26071.427734375,0,22942.857421875,5214.28564453125,23464.2854003906,0,0,0,0,0,17728.5717773438,0,0,0,14928.8315429688,17863.755859375,22050.642578125,11471.4287109375,3258.92846679688,0,0,0,0,23464.283203125,0,0,0,3904.11962890625,6865.4765625,0,0,666.385681152344,0,18250,412440.5,10834.5712890625
"NGA",3,1,"LSMS-ISA2015",2015,5,10,1015,0,1,270099,5,4380,1200,6326.666796875,0,0,0,0,486.666656494141,0,4220.0947265625,0,0,0,0,7300,0,19466.66796875,600,0,14400,0,0,0,0,18771.428125,4171.428515625,9385.7140625,0,8864.2857421875,0,0,0,5735.7142578125,2607.14287109375,24298.570703125,0,15747.14296875,8342.85703125,0,3962.8572265625,2085.7142578125,21587.1434570312,5735.71430664063,0,0,0,5663.312109375,0,0,0,0,0,0,0,0,834.28583984375,1095,0,1668.571484375,0,0,0,0,50.0571411132812,0,18250,217237.046875,10834.5712890625
"NGA",3,1,"LSMS-ISA2015",2015,6,27,2703,1076,1,270100,2,4866.66650390625,18000,0,0,0,9733.3330078125,0,0,7800,2085.71435546875,0,0,0,0,26071.427734375,0,24333.333984375,0,0,57002.20703125,0,0,0,0,7300,0,3128.57153320313,0,0,0,0,0,31285.71484375,2607.14282226563,5214.28564453125,0,5214.28564453125,3650,0,1042.85717773438,0,39107.142578125,0,0,0,0,0,5214.2861328125,0,0,5523.0263671875,0,0,0,6496.48681640625,3910.7138671875,1270.98217773438,0,0,0,443.214294433594,8069.72827148438,0,1735.84980773926,0,0,281106.96875,10834.5712890625
"NGA",3,1,"LSMS-ISA2015",2015,6,27,2707,2136,1,270101,3,6488.888671875,10000,0,0,0,12166.6666666667,0,0,6333.33333333333,6488.888671875,0,0,8111.111328125,0,48666.6666666667,0,32444.4453125,5333.33349609375,0,13552.46484375,0,0,0,0,0,12166.6666666667,0,0,6952.380859375,6952.380859375,23464.2864583333,0,5214.28580729167,0,0,0,7821.42854817708,6952.380859375,695.238118489583,2780.95239257813,1738.09521484375,121666.666666667,0,0,0,0,17747.83203125,38995.7291666667,19309.9348958333,0,0,0,0,0,0,7821.427734375,6894.4443359375,1738.09521484375,1796.03173828125,0,0,8690.4765625,0,501.532206217448,0,0,449486.03125,12887.8974609375
"NGA",3,1,"LSMS-ISA2015",2015,6,27,2707,2136,1,270102,3,1622.22216796875,10000,0,0,0,2920,0,0,8266.66666666667,2079.92065429688,0,0,4055.5556640625,0,6952.380859375,0,32444.4453125,0,0,13552.46484375,0,0,0,0,5214.28580729167,0,5561.90478515625,0,3476.1904296875,0,6952.380859375,0,13904.76171875,0,0,3476.19051106771,5040.47615559896,0,0,0,0,14773.8095703125,0,0,0,0,0,0,0,0,0,0,0,0,0,2867.85709635417,3476.1904296875,0,0,2908.30533854167,295.476196289063,2896.82552083333,0,834.766123453776,0,1216.66662597656,154789.75,12887.8974609375
"NGA",3,1,"LSMS-ISA2015",2015,6,27,2707,0,1,270105,1,3650,2400,0,0,0,8516.6669921875,0,0,5600,5388.09521484375,0,0,0,0,104285.7109375,0,48666.66796875,0,0,24000,0,0,0,0,15642.857421875,10428.5712890625,15642.857421875,0,5214.28564453125,0,0,0,83428.5703125,0,10428.5712890625,0,10428.5715332031,14600,0,0,0,0,2607.14294433594,0,0,0,0,0,0,0,0,0,0,0,0,0,0,10428.5712890625,0,0,0,0,0,0,0,36500,417857.125,12887.8974609375
"NGA",3,1,"LSMS-ISA2015",2015,6,27,2707,2136,1,270106,8,0,3375,0,0,0,2281.25,0,1520.83337402344,6200,365,0,0,4258.33349609375,0,0,0,24333.333984375,0,0,7633.62158203125,0,0,0,0,3910.71435546875,7821.4287109375,4562.5,0,3910.71435546875,0,0,5214.28564453125,10428.5712890625,912.5,3258.92858886719,3910.71435546875,2020.53573608398,2346.42846679688,391.071441650391,912.5,0,9320.53588867188,358.482147216797,0,0,0,0,0,0,0,0,1697.1025390625,0,0,0,0,0,439.406066894531,0,0,0,0,0,0,0,0,111383.8046875,12887.8974609375
"NGA",3,1,"LSMS-ISA2015",2015,6,27,2702,0,1,270107,4,2281.25,1500,0,0,0,6691.66650390625,0,0,7150,19404.166015625,0,0,3650,0,3910.71435546875,0,7604.16650390625,0,0,10500,0,0,0,0,3910.71435546875,6517.85693359375,0,0,3910.71435546875,0,0,0,0,2346.42846679688,4953.5712890625,651.785705566406,3258.92852783203,4171.4287109375,782.142883300781,0,0,9516.07116699219,0,0,0,0,0,0,2938.85546875,0,0,0,0,0,0,7300,2737.5,0,1042.85717773438,0,0,7300.00030517578,0,709.012504577637,0,10645.8330078125,135385.640625,12887.8974609375
"NGA",3,1,"LSMS-ISA2015",2015,6,27,2707,2136,1,270108,4,2129.16674804688,9000,0,0,0,1825,0,0,1500,3232.85717773438,0,0,0,0,0,0,18250,0,0,15267.2431640625,0,0,0,0,3910.71435546875,6517.85693359375,4953.57153320313,0,2607.14282226563,0,0,0,20857.142578125,0,2607.14282226563,912.5,4171.42852783203,0,782.142883300781,325.892852783203,0,22682.142578125,2085.71429443359,0,0,0,0,0,0,0,0,0,0,0,0,0,0,0,0,0,0,0,0,0,0,0,123617.65625,12887.8974609375
"NGA",3,1,"LSMS-ISA2015",2015,6,27,2707,0,1,270109,1,0,32400,0,0,0,8516.6669921875,0,0,10000,11650,0,0,121666.6640625,0,52142.85546875,0,24333.333984375,0,0,100000,0,0,0,0,15642.857421875,10428.5712890625,10428.5712890625,0,3650,0,0,52142.85546875,41714.28515625,8342.85717773438,22942.857421875,0,11471.4287109375,15642.857421875,3128.57153320313,2085.71435546875,0,7300,2085.71435546875,0,0,0,0,0,0,0,0,0,0,0,0,0,0,0,0,0,0,0,0,0,0,1228833.25,1796550,12887.8974609375
"NGA",3,1,"LSMS-ISA2015",2015,6,24,2410,0,1,270110,5,9.73333358764648,12000,7300,0,0,0,0,3650,2800,3233.33349609375,0,0,0,0,20857.1421875,0,19466.666015625,0,0,30000,0,0,0,0,0,6878.62866371279,2292.87615613343,0,16050.133333866,0,25794.8573050153,0,6878.62866371279,4585.75231226686,5388.25897439821,4585.75231226686,9171.50462453372,10317.9426277539,0,5732.19026986758,0,0,1146.43807806672,0,0,0,13149.3525417067,23565.6734237385,0,0,0,0,0,0,0,0,0,0,0,0,0,0,0,0,0,2920,237774.859375,12887.8974609375
"NGA",3,1,"LSMS-ISA2015",2015,6,28,2806,0,1,280001,2,0,6000,0,0,0,6083.33349609375,0,608.333312988281,15300,5608.33349609375,0,0,0,0,32589.28515625,0,18250,38160,0,57002.20703125,0,0,0,0,0,0,0,0,0,0,0,0,13035.7138671875,0,31285.71484375,1303.57141113281,6517.85705566406,0,0,5214.28564453125,0,35196.4287109375,1564.28576660156,0,0,0,8043.9482421875,10428.572265625,0,0,5351.50341796875,5214.28564453125,0,0,6496.48681640625,0,6152.85717773438,4562.5,1564.28576660156,10025.1098632813,0,0,0,312.857147216797,0,0,331871.78125,4369.36669921875
"NGA",3,1,"LSMS-ISA2015",2015,6,28,2806,0,1,280002,1,0,4800,0,0,0,2433.33325195313,0,0,1000,3130,0,0,0,0,5214.28564453125,0,0,80,0,47300.60546875,0,0,0,0,0,0,15642.857421875,0,0,0,0,0,10428.5712890625,6257.14306640625,0,3650,10428.5712890625,0,0,0,0,0,0,0,0,0,2010.98706054688,10495.5346679688,0,0,0,0,0,0,0,0,26245.23828125,1848.10131835938,3128.57153320313,3992.60888671875,0,2607.14282226563,0,12205.8632659912,0,4866.66650390625,177766.078125,4369.36669921875
"NGA",3,1,"LSMS-ISA2015",2015,6,28,2806,0,1,280003,4,6083.33349609375,6000,0,1825,0,10645.8330078125,0,1520.83337402344,3250,15751.78515625,0,0,4562.5,0,9125,45625,18250,12000,0,30000,0,0,0,0,0,50272.185107846,30778.8873537255,49246.221795524,4514.23688434216,18467.3326372664,0,40012.5547232176,47194.2961474424,6155.7777244405,24623.1100087572,10259.629142674,35908.702450492,5129.81451030183,25033.4949255495,33446.3925304823,0,24828.3027895854,16415.4066229739,0,0,0,7181.74054848129,0,0,0,0,0,0,0,0,0,0,0,0,0,0,0,0,246.231108367268,0,1368.75,595722.375,4369.36669921875
"NGA",3,1,"LSMS-ISA2015",2015,6,28,2806,802,1,280004,3,1946.66662597656,1400,0,0,0,1622.22216796875,0,405.555541992188,4300,9056.5078125,0,0,0,0,17380.9518229167,0,10544.4443359375,333.333343505859,0,4800,0,0,0,0,6952.380859375,17380.9518229167,4171.4287109375,0,0,5214.28580729167,0,17380.9521484375,0,0,0,0,3650.00008138021,0,0,4171.42854817708,0,13904.76171875,521.428588867188,0,0,0,3351.64518229167,0,0,0,0,0,0,0,0,0,4345.23795572917,0,1448.41259765625,0,0,0,0,0,0,6488.888671875,140771.484375,4369.36669921875
"NGA",3,1,"LSMS-ISA2015",2015,6,28,2806,0,1,280005,1,6083.33349609375,2520,0,0,0,0,0,608.333312988281,12400,10950,0,0,0,0,13035.7138671875,0,14600,7000,10950,210000,0,0,0,0,0,0,0,0,0,0,0,0,0,0,0,0,0,0,0,10428.5712890625,15642.857421875,130357.143066406,0,0,0,0,0,0,0,0,0,0,0,0,0,0,0,0,0,0,0,0,0,0,0,214741.671875,659317.625,4369.36669921875
"NGA",3,1,"LSMS-ISA2015",2015,6,28,2806,802,1,280006,6,3244.4443359375,600,3041.66666666667,0,0,0,0,405.555541992188,1683.33333333333,4313.5712890625,0,0,0,0,21726.1901041667,0,6083.33349609375,433.333343505859,0,2000,0,0,0,0,6083.33333333333,3476.1904296875,1738.09521484375,0,1738.09521484375,0,0,0,3476.1904296875,0,2607.14290364583,0,2172.61901855469,2172.61897786458,0,0,0,8951.1904703776,0,0,0,0,0,2948.9404296875,0,0,0,0,0,0,0,0,0,0,579.365071614583,0,0,0,0,30.4166666666667,0,2027.77783203125,81533.4140625,4369.36669921875
"NGA",3,1,"LSMS-ISA2015",2015,6,28,2806,0,1,280007,4,0,3600,0,0,0,4562.5,0,0,750,130.357147216797,0,0,6083.33349609375,0,20857.142578125,0,30416.666015625,300,0,18542.6796875,0,0,0,0,0,0,13035.7138671875,0,5214.28564453125,3910.71435546875,0,39107.14453125,5214.28564453125,0,0,0,10428.5713500977,22812.5,0,0,9124.99975585938,22160.7143554688,0,0,0,0,9125,10375.6357421875,0,0,0,0,0,0,0,0,7821.4287109375,0,0,0,0,0,0,4226.1787071228,0,1520.83337402344,249320.671875,4369.36669921875
"NGA",3,1,"LSMS-ISA2015",2015,6,28,2806,164,1,280011,4,0,8550,0,0,0,1216.66662597656,0,1520.83337402344,0,3591.78564453125,2281.25,0,3650,0,6517.85693359375,0,6083.33349609375,400,0,28501.103515625,0,0,0,0,26071.427734375,6517.85693359375,1303.57141113281,0,2607.14282226563,0,0,5214.28564453125,2607.14282226563,0,3258.92846679688,0,3258.92852783203,0,0,0,0,782.142883300781,0,0,0,0,0,0,0,0,0,0,0,0,0,15642.85546875,1629.46423339844,0,0,3258.92846679688,364.126068115234,2444.1962890625,0,36.5,0,0,137310.328125,12998.8662109375
"NGA",3,1,"LSMS-ISA2015",2015,6,28,2806,164,1,280012,4,0,4500,10645.8330078125,0,0,1216.66662597656,0,0,2250,897.678588867188,0,0,0,0,0,0,9125,0,0,77860.59375,0,0,0,1303.57141113281,31285.71484375,19553.572265625,3128.57153320313,0,1955.35717773438,0,0,7169.64306640625,9776.7861328125,0,6517.85693359375,0,7169.64282226563,11732.142578125,0,0,0,7821.42846679688,6908.92837524414,0,0,0,0,0,3487.59814453125,0,0,0,0,0,0,0,0,0,0,7985.2177734375,0,0,0,0,0,0,232291.8125,12998.8662109375
"NGA",3,1,"LSMS-ISA2015",2015,6,28,2806,164,1,280013,7,0,3428.57153320313,0,695.238071986607,0,2780.95228794643,0,869.047668457031,1028.57142857143,2709.21752929688,0,0,0,0,2979.591796875,0,13904.7626953125,11726.1904296875,0,8573.6943359375,0,0,0,0,0,4469.38783482143,0,0,744.89794921875,0,0,2234.69384765625,1489.7958984375,0,4096.93889508929,0,2607.14285714286,1862.24483816964,0,0,0,893.877546037946,0,0,0,0,5214.28571428571,0,1855.15415736607,0,0,0,0,0,0,0,0,0,620.748256138393,0,0,0,0,20.8571428571429,0,0,74805.8671875,12998.8662109375
"NGA",3,1,"LSMS-ISA2015",2015,6,28,2806,0,1,280014,4,0,1050,0,0,0,6083.33349609375,0,0,0,1212.91662597656,0,0,1520.83337402344,0,0,0,6083.33349609375,0,0,6000,0,0,0,0,33579.4303937058,25698.5448507455,4111.76724023873,0,4111.76724023873,0,0,0,11992.6536837388,0,10279.4177113621,3426.47247506402,32551.4888623224,8566.181044575,0,0,0,5139.70885568106,0,0,0,0,0,0,0,0,0,0,0,0,0,0,0,0,2124.41297376291,0,0,0,0,616.765032803836,0,0,164149,12998.8662109375
"NGA",3,1,"LSMS-ISA2015",2015,6,28,2806,164,1,280015,5,0,6000,2920,0,0,1825,0,0,1360,1668.57153320313,0,0,2433.3333984375,0,0,0,14113.333984375,1400,0,62288.4765625,0,0,0,0,12514.2859375,10428.57109375,5005.714453125,10428.57109375,2085.7142578125,0,0,4171.428515625,9385.71416015625,1668.571484375,6778.57109375,0,4171.428515625,7821.42890625,0,0,0,14600,417.14287109375,0,0,0,0,0,5978.739453125,0,0,0,0,0,0,1564.2857421875,0,7019.42578125,0,0,0,0,0,0,0,0,198048.3125,12998.8662109375
"NGA",3,1,"LSMS-ISA2015",2015,6,28,2806,164,1,280016,5,0,1920,0,0,0,340.666674804687,535.333349609375,243.33332824707,600,712.619018554688,0,0,0,0,0,0,18493.33203125,0,0,12307.205078125,0,0,0,1564.2857421875,13035.7140625,0,0,0,3754.285546875,6257.14296875,0,2085.7142578125,0,0,0,834.2857421875,4171.428515625,11992.85703125,521.428564453125,0,0,7091.42841796875,1564.2857421875,0,0,0,0,0,4167.10244140625,0,0,0,8342.85703125,0,0,0,4275.7142578125,0,312.857153320312,0,0,0,0,1668.571484375,0,0,106792.4375,12998.8662109375
"NGA",3,1,"LSMS-ISA2015",2015,6,28,2806,164,1,280017,3,0,6000,0,2433.33333333333,0,2838.88899739583,0,0,3900,2883.33325195313,0,0,8111.111328125,0,13904.76171875,0,25955.5546875,666.666687011719,0,66208.7734375,0,0,0,0,0,7618.80046484796,0,0,1771.81405662323,0,0,0,13288.6055030084,2126.17696560413,5138.26096256589,3543.62819462667,5315.44225328058,0,708.725655201377,3543.62811324647,0,32778.5611207026,2657.72116733039,0,0,973.155397051807,6833.33340502999,0,3385.95893908894,8170.18874142691,0,0,0,0,0,0,12545.7095459802,778.121667309916,1181.20937040526,1425.55938913473,74.2380161595994,0,0,714.953820987003,0,0,247476.21875,12998.8662109375
"NGA",3,1,"LSMS-ISA2015",2015,6,28,2806,164,1,280018,4,0,2550,0,0,0,0,3041.66674804688,1520.83337402344,100,651.785705566406,0,0,3041.66674804688,0,0,0,1216.66662597656,0,0,10927.10546875,0,0,0,1303.57141113281,7821.4287109375,3910.71435546875,0,0,130.357147216797,0,0,0,1955.35717773438,0,2607.14282226563,0,3910.71423339844,5214.28564453125,0,130.357147216797,0,130.357147216797,0,0,0,0,0,0,4058.14965820313,0,0,1981.75891113281,0,0,0,0,0,0,391.071441650391,3258.92846679688,0,0,0,0,0,0,59853.921875,12998.8662109375
"NGA",3,1,"LSMS-ISA2015",2015,6,28,2806,0,1,280019,5,0,1440,0,0,0,1460,0,0,8600,2080,0,0,2920,0,11471.42890625,0,9490,0,0,14834.1435546875,0,0,0,0,21900,0,5005.714453125,0,2502.8572265625,0,0,15642.8578125,6778.5712890625,0,12410.0001953125,0,9907.1427734375,4692.85703125,0,1460,0,12514.285546875,2502.8572265625,0,0,0,0,22008.045703125,0,0,0,13812.9390625,14182.8578125,6337.362890625,0,0,0,149.608215332031,0,0,0,521.428564453125,0,62.5714294433594,0,1095,205782.515625,12998.8662109375
"NGA",3,1,"LSMS-ISA2015",2015,6,28,2806,164,1,280020,7,0,2571.42846679688,0,0,869.047642299107,3823.80943080357,0,521.428588867188,4428.57142857143,2870,2259.52392578125,0,2607.14285714286,0,7448.97935267857,0,9733.333984375,457.142852783203,0,8790.861328125,0,0,0,0,7821.42857142857,10428.5714285714,2979.591796875,0,744.89794921875,0,0,0,9683.67327008929,0,0,3724.48981584821,4245.91835239955,1862.24483816964,0,893.877580915179,2234.69391741071,11322.4490094866,0,0,0,0,5171.10993303571,0,2782.73130580357,0,0,2530.74302455357,0,0,0,0,2234.69391741071,2022.12974330357,496.5986328125,0,0,0,0,312.857142857143,0,0,117873.96875,12998.8662109375
"NGA",3,1,"LSMS-ISA2015",2015,6,28,2816,2302,1,280021,3,0,0,0,0,0,4866.66666666667,0,0,3800,2666.66674804688,0,0,9733.33333333333,0,10428.5716145833,2027.77783203125,7300,4000,0,5348.44873046875,0,0,0,0,12775,15642.8567708333,2085.71435546875,0,2085.71435546875,0,0,6952.380859375,0,0,6952.380859375,0,3476.1904296875,3910.71419270833,0,0,0,13904.76171875,1216.66666666667,0,0,0,0,6257.142578125,0,0,0,0,0,0,0,0,0,0,869.047607421875,0,0,0,0,413.666666666667,0,0,126713.6953125,3313.4365234375
"NGA",3,1,"LSMS-ISA2015",2015,6,28,2816,2302,1,280022,7,0,0,0,0,0,1042.85714285714,0,0,1971.42857142857,1714.28576660156,0,0,2607.14285714286,0,0,0,15642.857421875,4047.619140625,0,1603.24487304688,0,0,0,744.89794921875,0,7448.97935267857,0,0,3352.04073660714,0,0,11918.3673270089,14897.9595424107,0,0,0,2607.14285714286,0,744.89794921875,5065.30622209821,0,16983.6741071429,521.428571428571,0,0,2488.63643973214,6894.81305803571,4774.98716517857,6691.02162388393,0,0,10339.6116071429,0,0,8303.78013392857,1452.55078125,3724.48967633929,0,372.448974609375,3196.41155133929,0,1986.39467075893,0,260.714285714286,0,0,143400,3313.4365234375
"NGA",3,1,"LSMS-ISA2015",2015,6,28,2816,2302,1,280023,5,0,0,0,0,0,365,0,0,1400,0,0,0,2920,0,13557.1421875,0,12166.666015625,0,0,800,0,0,0,3128.571484375,14600,15642.8578125,3128.571484375,0,0,0,0,9385.7140625,10428.57109375,0,0,0,9177.14267578125,2607.1427734375,521.428564453125,0,0,15642.8578125,0,0,0,0,0,0,0,0,0,7086.08046875,0,0,0,0,5214.285546875,1042.85712890625,0,0,0,0,0,43.7999969482422,0,730,129588.6953125,3313.4365234375
"NGA",3,1,"LSMS-ISA2015",2015,6,28,2816,2302,1,280024,1,0,0,0,0,0,4866.66650390625,0,0,9200,7600,0,0,0,0,36500,0,4866.66650390625,2400,0,12525.849609375,0,0,0,0,0,31285.71484375,0,0,6257.14306640625,0,0,18250,33892.8564453125,0,1042.85717773438,0,15642.8571777344,0,0,0,0,15642.857421875,12514.2856445313,0,0,5589.55615234375,12065.9228515625,6239.31640625,3985.82641601563,0,0,4239.2412109375,0,0,0,4692.85693359375,13035.7138671875,6270.34375,1564.28576660156,5593.72021484375,72.8252105712891,5648.8095703125,0,547.5,0,0,282033.6875,3313.4365234375
"NGA",3,1,"LSMS-ISA2015",2015,6,28,2816,2302,1,280025,4,0,0,0,0,0,1216.66662597656,0,0,1000,2573.21435546875,0,0,0,0,5214.28564453125,0,4562.5,900,0,1500,0,0,0,0,0,10428.5712890625,0,0,0,0,0,0,5214.28564453125,0,0,0,2607.14282226563,3258.92846679688,0,0,0,4432.14282226563,391.071441650391,0,0,0,4562.5,0,3246.51977539063,0,0,0,0,0,0,0,3258.92846679688,0,1825,0,0,0,0,2607.14282226563,0,1520.83337402344,60319.734375,3313.4365234375
"NGA",3,1,"LSMS-ISA2015",2015,6,28,2816,2302,1,280026,4,0,0,0,0,0,3041.66674804688,0,0,2350,2738.6904296875,0,0,0,0,2607.14282226563,0,0,650,0,1500,0,0,0,0,7821.4287109375,0,7821.4287109375,0,1564.28576660156,0,0,0,3910.71435546875,0,0,0,1955.35711669922,3258.92846679688,0,0,0,2476.78570556641,2085.71435546875,0,0,0,0,4692.85693359375,0,0,0,0,0,0,1629.46423339844,0,3258.92846679688,1879.70336914063,391.071441650391,0,0,0,0,73,0,1520.83337402344,57228.00390625,3313.4365234375
"NGA",3,1,"LSMS-ISA2015",2015,6,28,2816,2302,1,280027,4,0,0,0,0,0,1520.83337402344,0,0,2650,3918.9287109375,0,0,12166.6669921875,0,0,2129.16674804688,25854.16796875,0,0,2493.98754882813,0,0,0,0,18250,5866.0712890625,2607.14282226563,0,3128.57153320313,0,0,0,17598.21484375,1303.57141113281,0,0,1694.64288330078,9125,0,1303.57141113281,0,8864.28576660156,2607.14282226563,0,0,1127.41296386719,0,0,0,0,0,1059.81030273438,0,0,0,0,4888.39306640625,0,3829.24133300781,0,0,0,0,36.5,0,1520.83337402344,135544.15625,3313.4365234375
"NGA",3,1,"LSMS-ISA2015",2015,6,28,2816,2302,1,280028,4,0,0,0,0,0,6387.5,0,0,0,3141.01196289063,0,0,9125,0,0,0,12166.6669921875,0,0,1340.94506835938,0,0,0,0,10939.8740198539,12502.7128474846,0,0,5626.22066166677,0,0,0,6251.35642374231,1562.83910593558,0,0,4219.66564063961,3907.0977149634,781.419552967789,1562.83910593558,0,9845.88675779419,2187.97487393362,0,0,1621.97359131156,0,0,0,0,0,1270.59628090913,0,0,0,0,3907.0977149634,6041.95965009974,0,0,0,0,0,0,0,1064.58337402344,105455.2265625,3313.4365234375
"NGA",3,1,"LSMS-ISA2015",2015,6,28,2816,2302,1,280029,7,0,0,0,0,0,347.619035993304,0,0,657.142857142857,0,0,0,0,0,2607.14285714286,0,1390.47619628906,57.1428565979004,0,428.571441650391,0,0,0,0,8044.89787946429,0,0,0,0,0,0,0,1489.7958984375,0,0,0,4022.44893973214,9311.22433035714,0,0,0,12812.2449776786,0,0,0,0,0,9360.05301339286,5565.46261160714,0,0,0,0,0,0,0,7970.40848214286,0,0,0,41.6144060407366,0,0,8593.33147103446,0,434.523834228516,73134.09375,3313.4365234375
"NGA",3,1,"LSMS-ISA2015",2015,1,23,2309,0,1,280030,5,0,4800,0,0,0,1460,0,0,3400,2995.619140625,0,0,0,0,15642.8578125,0,12166.666015625,2800,0,2182.44067382813,0,0,0,0,7414.6715001483,0,3460.18000877581,0,2965.86866265605,0,0,6178.89261714986,6178.89261714986,5190.26998374592,5437.42578387985,0,3954.49145255182,5931.7373253121,1235.778545903,4078.06932320099,0,6178.89261714986,988.622863137955,0,0,3648.37195772035,0,38325.1268592684,0,0,0,0,0,0,0,0,0,0,0,0,0,0,0,0,0,0,146614.875,3313.4365234375
"NGA",3,1,"LSMS-ISA2015",2015,6,27,2703,0,1,280031,4,0,0,0,0,0,6083.33349609375,0,0,4825,10325,0,0,12166.6669921875,0,45625,0,12166.6669921875,0,0,18542.6796875,0,0,0,0,0,0,2607.14282226563,0,3910.71435546875,0,0,10428.5712890625,9776.7861328125,3910.71435546875,0,1303.57141113281,5214.28576660156,1955.35717773438,782.142883300781,5214.28564453125,0,3910.71417236328,260.714294433594,0,0,0,2016.79943847656,3687.93823242188,0,2165.23217773438,0,0,0,0,0,4888.392578125,2802.67858886719,0,782.142883300781,0,0,4345.23828125,0,417.142852783203,0,0,180114.9375,4733.48046875
"NGA",3,1,"LSMS-ISA2015",2015,6,24,2420,0,1,280033,3,4055.5556640625,12000,0,0,0,0,0,1013.88891601563,48233.3333333333,7000,75027.7734375,0,0,0,86904.7604166667,0,44611.109375,13600,0,50000,0,0,0,0,0,0,0,0,3476.1904296875,6952.380859375,14773.8098958333,10428.5716145833,8690.47623697917,0,39107.1419270833,3476.1904296875,10428.5712890625,3476.1904296875,0,8690.47591145833,0,12166.6665039063,3476.1904296875,0,0,0,5695.86002604167,0,5517.12434895833,0,0,0,0,0,0,2896.82552083333,3910.71435546875,869.047607421875,0,0,0,2172.61897786458,0,0,0,0,488651.46875,4733.48046875
"NGA",3,1,"LSMS-ISA2015",2015,1,26,2606,0,1,280035,1,0,24000,42583.33203125,0,0,0,0,0,9000,521.428588867188,0,0,0,0,26071.427734375,0,60833.33203125,4000,0,184634.234375,0,0,0,0,36500,0,0,0,12514.2856445313,28678.5712890625,46928.5703125,26071.427734375,0,17728.5715332031,5214.28564453125,13035.7143554688,18249.9997558594,13035.7138671875,4171.4287109375,16685.7145996094,0,16685.7141113281,2607.14282226563,0,0,0,0,15625.0400390625,9741.869140625,0,0,0,0,0,0,0,12514.2861328125,0,0,12729.34765625,0,0,0,0,0,0,660361.5,4733.48046875
"NGA",3,1,"LSMS-ISA2015",2015,6,28,2804,340,1,280036,1,0,6000,0,0,0,3650,0,0,0,800,0,0,0,0,0,0,21900,0,0,6000,0,0,0,0,15642.857421875,52142.85546875,5214.28564453125,0,18771.427734375,10428.5712890625,0,15642.857421875,15642.857421875,10950,13035.7138671875,2607.14282226563,7821.42846679688,11732.142578125,0,9385.7138671875,0,87078.5708007813,4171.4287109375,0,0,0,0,0,0,0,0,0,0,0,0,0,0,8105.734375,1269.56518554688,0,0,0,0,0,0,0,327993.125,4733.48046875
"NGA",3,1,"LSMS-ISA2015",2015,6,28,2804,340,1,280037,2,0,2700,0,0,0,6083.33349609375,0,0,0,3085.71435546875,0,0,0,0,0,0,18250,3500,0,13280.60546875,0,0,0,0,0,13035.7138671875,0,0,0,6517.85693359375,0,0,13035.7138671875,0,0,3128.57153320313,3650,0,0,0,0,12775.0002441406,0,0,0,0,9125,2339.74365234375,0,0,0,0,0,0,0,977.678466796875,2281.25,0,1738.09521484375,3992.60888671875,0,1629.46423339844,0,73,0,0,121199.34375,4733.48046875
"NGA",3,1,"LSMS-ISA2015",2015,6,28,2804,340,1,280038,8,0,975,0,2737.5,1825,760.416687011719,0,0,2425,782.142822265625,5779.16650390625,0,6083.33349609375,0,3910.71435546875,0,14295.8330078125,275,0,4500,0,0,0,0,32589.28515625,0,7821.4287109375,0,0,6517.85693359375,0,9776.7861328125,7495.53552246094,0,0,7821.42846679688,4562.49987792969,5214.28564453125,1303.57141113281,782.142883300781,0,20466.072265625,1303.57141113281,0,0,1695.71594238281,0,8190.04638671875,0,0,0,0,0,0,0,0,7636.75601196289,0,2788.19439697266,0,309.507171630859,0,0,0,0,5322.91650390625,175946.71875,4733.48046875
"NGA",3,1,"LSMS-ISA2015",2015,6,28,2804,340,1,280039,1,0,5400,0,0,0,8516.6669921875,0,0,10200,22926.666015625,0,0,14600,0,20857.142578125,0,48666.66796875,5500,0,47300.60546875,0,0,0,0,0,0,5214.28564453125,0,6257.14306640625,0,0,0,13035.7138671875,0,0,2607.14282226563,7821.42846679688,20857.142578125,0,0,0,18249.9995117188,1564.28576660156,0,0,0,10054.935546875,8846.8212890625,0,0,0,0,0,0,4345.23828125,1955.35693359375,4562.5,0,2607.14282226563,7985.2177734375,364.126068115234,2607.142578125,0,0,0,5475,308378.375,4733.48046875
"NGA",3,1,"LSMS-ISA2015",2015,6,28,2802,566,0,280042,5,0,0,0,0,0,1825,0,0,0,52.1428604125977,0,0,0,0,0,0,3893.33325195313,0,0,1374.69409179688,0,0,0,521.428564453125,7300,10428.57109375,0,0,2085.7142578125,0,0,4171.428515625,2607.1427734375,0,3128.571484375,0,3128.57138671875,2607.1427734375,0,0,0,3232.85712890625,1772.85712890625,0,0,0,0,0,1298.60791015625,0,0,1461.33173828125,0,0,0,0,1216.66669921875,0,0,0,0,0,0,0,0,0,52106.0703125,10195.189453125
"NGA",3,1,"LSMS-ISA2015",2015,6,28,2802,566,0,280043,2,0,0,0,0,0,0,0,0,500,1554.16662597656,0,0,0,0,31285.71484375,0,19466.666015625,750,0,7182.96484375,0,0,0,0,9125,15642.857421875,0,0,0,0,0,0,15642.857421875,0,0,0,5214.28564453125,0,0,0,0,0,1825,0,0,0,12065.9228515625,12534.341796875,7971.65283203125,0,0,0,0,0,0,0,7169.64306640625,2607.14282226563,782.142883300781,0,0,0,0,2362.54550170898,0,0,153682.921875,10195.189453125
"NGA",3,1,"LSMS-ISA2015",2015,6,28,2802,566,0,280044,6,0,2000,0,0,0,0,0,0,100,0,0,0,1013.88891601563,0,0,0,9733.3330078125,0,0,17737.896484375,0,0,0,2750.36573953783,0,9167.8853577909,2750.36573953783,0,0,0,0,0,5500.73147907567,0,0,0,2200.29258150001,1833.57710211803,0,0,0,2291.97133944772,916.788551059016,0,0,0,9626.27993060258,2938.42504064173,1712.43336355967,0,0,2545.11035155237,0,0,0,0,4904.81901804089,2183.81081361136,0,0,0,0,0,25.6700798448237,0,0,81933.6484375,10195.189453125
"NGA",3,1,"LSMS-ISA2015",2015,6,28,2802,566,0,280045,2,0,1800,0,0,0,9125,0,0,0,4346.4287109375,0,0,0,0,5214.28564453125,0,9733.3330078125,1600,0,2400,0,0,0,0,0,0,5214.28564453125,26071.427734375,0,0,0,5214.28564453125,13035.7138671875,0,0,0,4953.57141113281,0,0,0,0,3910.71435546875,0,0,0,0,4446.2578125,0,0,4508.271484375,0,0,0,0,0,0,6517.85693359375,0,2817.740234375,2097.64501953125,0,0,0,91.25,0,2433.33325195313,115531.4140625,10195.189453125
"NGA",3,1,"LSMS-ISA2015",2015,6,28,2802,566,0,280046,6,1013.88891601563,2400,0,0,0,0,0,0,26000,50000,0,0,30416.6666666667,0,12166.6666666667,192638.895833333,89222.21875,1733.33337402344,0,11200.1435546875,0,0,0,0,0,26071.4296875,0,18684.5234375,1824.99997965495,6952.380859375,0,34761.9036458333,19553.572265625,0,0,1042.85717773438,3476.1903889974,0,0,0,0,35630.9524739583,0,0,0,0,12166.6666666667,0,3246.51985677083,0,0,0,0,0,0,1824.99983723958,6039.88118489583,0,449.007934570313,5948.447265625,121.375356038411,0,0,2817.4524714152,0,44611.109375,642016.0625,10195.189453125
"NGA",3,1,"LSMS-ISA2015",2015,6,28,2802,566,0,280047,6,0,3000,0,0,0,1216.66666666667,0,0,0,2910,0,0,17236.1106770833,0,0,0,17033.333984375,1672.22216796875,0,1681.52734375,0,0,0,1303.57145182292,82559.5260416667,30416.6666666667,13035.71484375,0,0,0,0,8255.95247395833,7821.42838541667,0,0,0,1738.09521484375,5214.28580729167,0,0,0,6170.23795572917,0,0,0,0,0,0,0,3584.8212890625,0,792.70361328125,0,0,0,0,2715.77376302083,0,224.503967285156,0,0,0,0,2116.130859375,0,0,210699.28125,10195.189453125
"NGA",3,1,"LSMS-ISA2015",2015,6,28,2802,566,0,280048,5,0,480,0,0,0,3406.666796875,0,0,10200,4003,0,0,4380,0,14600,0,23360,19800,0,2286.52172851563,0,0,0,1042.85712890625,0,10428.57109375,5214.285546875,2085.7142578125,0,2085.7142578125,0,17728.571484375,5214.285546875,0,0,4275.71411132813,2502.85717773438,0,0,1042.85712890625,7821.42890625,65178.5713867188,1460,0,0,0,4826.369140625,0,996.45654296875,0,0,0,0,0,0,0,3910.714453125,0,3320.056640625,0,0,1738.0953125,0,292,0,0,223681.3125,10195.189453125
"NGA",3,1,"LSMS-ISA2015",2015,6,28,2802,566,0,280049,1,0,0,0,0,0,6083.33349609375,0,0,9000,3346.4287109375,0,0,0,0,13035.7138671875,0,9733.3330078125,1400,0,9202.87890625,0,0,0,0,18250,31285.71484375,10428.5712890625,0,0,0,0,0,15642.857421875,0,0,0,5214.28564453125,0,0,0,0,8864.28564453125,1564.28576660156,0,0,0,4021.97412109375,0,0,0,0,0,0,0,0,0,6517.85693359375,0,2607.14282226563,4195.2900390625,0,0,0,0,0,0,160393.953125,10195.189453125
"NGA",3,1,"LSMS-ISA2015",2015,6,28,2802,566,0,280050,2,0,6000,0,0,0,2129.16674804688,0,0,0,130.357147216797,0,0,0,0,0,0,3650,1500,0,3436.7353515625,0,0,0,0,0,18250,11732.142578125,0,6257.14306640625,0,0,0,20857.142578125,0,5866.0712890625,0,8082.14294433594,7821.4287109375,0,3910.71435546875,0,9646.42858886719,1042.85717773438,0,0,2029.34362792969,9125,0,0,0,0,4756.2216796875,0,0,0,0,0,0,600.521667480469,0,0,0,0,0,0,0,126823.4140625,10195.189453125
"NGA",3,1,"LSMS-ISA2015",2015,6,28,2811,588,0,280051,7,0,0,0,0,0,0,0,0,0,640.816345214844,0,0,10428.5714285714,0,14897.9587053571,0,3476.19067382813,57.1428565979004,0,682.625854492188,0,0,0,0,10428.5714285714,0,0,0,0,0,0,0,2979.591796875,0,0,0,2607.14278738839,7448.97935267857,0,0,0,1862.24487304688,1117.34695870536,0,0,7650.30301339286,0,23495.0931919643,9876.17606026786,0,0,4135.84458705357,0,0,0,0,4469.3876953125,1489.7958984375,749.036202566964,0,0,0,0,20.8571428571429,0,0,108513.671875,4078.07568359375
"NGA",3,1,"LSMS-ISA2015",2015,6,28,2811,0,1,280052,5,0,6000,0,243.333325195313,0,2141.3333984375,0,0,3000,1056.95239257813,0,0,0,0,7821.42890625,0,25306.66796875,640,0,49896.8359375,0,0,0,3218.14720684303,0,24672.4620493382,2145.43140612452,0,0,2145.43140612452,0,3218.14720684303,4290.86290990529,0,5363.57841765505,0,3218.14710918678,6436.29441368606,107.271575189038,4612.67741574584,0,2359.97460533072,1501.80200381841,0,0,0,7509.01001909206,0,0,0,0,0,0,0,0,268.178925765565,0,307.783448998432,1072.71570306226,0,0,0,0,64.3629439162166,0,0,168618.84375,4078.07568359375
"NGA",3,1,"LSMS-ISA2015",2015,6,28,2811,588,0,280053,1,3406.66674804688,0,0,0,0,0,0,0,17000,7369.5234375,0,0,0,0,0,0,24333.333984375,0,18250,12874.35546875,0,0,0,0,0,0,0,0,0,0,0,0,0,0,0,0,0,0,0,3650,0,323285.715820313,0,0,0,0,0,0,0,0,0,0,0,0,0,0,0,0,0,0,0,0,0,0,0,0,410169.59375,4078.07568359375
"NGA",3,1,"LSMS-ISA2015",2015,6,28,2811,588,0,280054,3,0,0,0,0,0,3244.4443359375,0,0,866.666666666667,173.809524536133,0,0,0,0,0,0,28388.888671875,0,0,2088.5107421875,0,0,0,1738.09521484375,12166.6666666667,20857.1432291667,3476.1904296875,0,6257.142578125,0,0,0,10428.5716145833,0,0,869.047607421875,3823.80948893229,4171.4287109375,0,0,0,15642.8570963542,2433.33333333333,0,0,0,0,0,0,0,0,3151.17561848958,0,0,0,0,4345.23795572917,0,2668.22810872396,0,0,0,0,0,0,0,126791.234375,4078.07568359375
"NGA",3,1,"LSMS-ISA2015",2015,6,28,2811,588,0,280055,4,0,0,0,0,0,2281.25,0,0,9150,2865,0,0,0,0,27375,0,10950,1300,0,1722.60083007813,0,0,0,0,9125,8473.2138671875,0,0,1564.28576660156,0,0,16946.4282226563,6517.85693359375,0,0,2346.42846679688,4823.21435546875,3910.71435546875,0,3128.57153320313,0,13557.1434326172,2476.78570556641,0,0,3145.35986328125,0,4178.11376953125,3246.51977539063,0,2121.98754882813,7306.65869140625,0,0,0,2020.53558349609,4888.39306640625,3940.00805664063,2254.09228515625,2796.86010742188,36.4126052856445,1738.09533691406,0,0,0,425.833343505859,166612.359375,4078.07568359375
"NGA",3,1,"LSMS-ISA2015",2015,6,28,2811,0,0,280056,8,0,900,0,0,0,1520.83337402344,0,152.08332824707,5750,2407.29174804688,0,0,5322.91650390625,0,13035.7138671875,0,13687.5,750,0,2700,0,0,0,0,15642.857421875,5214.28564453125,3258.92846679688,0,4171.42858886719,0,0,2607.14282226563,3258.92846679688,0,782.142883300781,3975.89288330078,3910.71423339844,1629.46423339844,391.071441650391,2607.14282226563,0,5214.28564453125,782.142883300781,0,0,0,0,9365.931640625,1469.427734375,0,0,2607.14282226563,0,0,0,1564.28576660156,3650,0,0,2097.64501953125,0,3258.9287109375,0,140.785720825195,0,0,123826.9140625,4078.07568359375
"NGA",3,1,"LSMS-ISA2015",2015,6,28,2811,588,0,280057,5,0,0,0,0,0,608.333349609375,0,0,1400,1512.14282226563,0,0,4866.666796875,0,4692.85703125,0,7300,1120,0,3408.99731445313,0,0,0,0,0,15642.8578125,0,0,0,0,0,3128.571484375,5214.285546875,0,0,0,1460,2398.571484375,0,0,0,1981.42856445313,312.857153320312,0,0,0,3650,0,2597.2158203125,0,0,4838.93828125,0,0,0,0,2607.1427734375,0,673.5119140625,0,0,0,0,2085.7142578125,0,0,71500.09375,4078.07568359375
"NGA",3,1,"LSMS-ISA2015",2015,6,28,2811,588,0,280058,6,0,0,0,0,0,0,0,0,650,753.571472167969,0,0,2027.77783203125,0,0,0,2940.27807617188,666.666687011719,0,833.800476074219,0,0,0,0,15208.3333333333,13035.71484375,0,0,0,0,0,0,8690.47591145833,0,0,0,2607.14290364583,0,0,0,0,4779.76184082031,869.047607421875,0,0,0,0,8356.22786458333,0,0,0,0,0,0,0,0,6517.857421875,0,2417.73518880208,10293.6852213542,0,0,0,60.8333333333333,0,0,80708.90625,4078.07568359375
"NGA",3,1,"LSMS-ISA2015",2015,6,28,2811,588,0,280059,4,0,0,0,0,0,2129.16674804688,0,0,650,2020.53576660156,0,0,0,0,0,0,21291.666015625,7500,0,1164.08264160156,0,0,0,1303.57141113281,13687.5,0,1303.57141113281,0,7821.4287109375,0,0,0,5866.0712890625,1955.35717773438,5866.0712890625,0,4171.42852783203,3258.92846679688,0,1173.21423339844,0,17337.4996337891,1042.85717773438,0,0,0,0,8846.8212890625,0,0,0,8656.24523925781,0,0,1629.46423339844,0,0,0,0,0,0,0,0,0,0,0,118675.4765625,4078.07568359375
"NGA",3,1,"LSMS-ISA2015",2015,6,28,2811,588,0,280060,6,0,0,0,0,0,1622.22216796875,0,0,13066.6666666667,3698.33325195313,0,0,1216.66666666667,0,11297.6184895833,0,11355.5556640625,833.333312988281,0,1581.06848144531,0,0,0,434.523803710938,15208.3333333333,0,0,0,2520.23815917969,0,0,6952.380859375,3910.71419270833,2085.71435546875,434.523803710938,1738.09521484375,3476.1904296875,0,521.428588867188,2780.95247395833,0,9559.52376302083,2607.14290364583,0,0,3145.36002604167,0,7208.81998697917,3002.541015625,0,0,4871.10579427083,0,0,0,1564.28564453125,4093.21443684896,6566.68033854167,2910.5517578125,1864.57340494792,0,2896.82552083333,0,219,0,283.888885498047,135528.0625,4078.07568359375
"NGA",3,1,"LSMS-ISA2015",2015,6,28,2815,1164,0,280061,1,0,0,0,0,0,2676.66674804688,0,0,20000,14425,0,0,0,0,67785.7109375,0,43800,2800,0,6469.34912109375,0,0,0,0,0,0,10428.5712890625,0,3128.57153320313,0,0,20857.142578125,15642.857421875,0,0,0,7300,0,0,0,0,18249.9995117188,0,0,0,10428.5703125,14076.91015625,12514.28515625,11957.4794921875,0,0,4239.2412109375,0,0,0,0,13035.7138671875,5214.28564453125,8473.21435546875,2796.86010742188,0,0,0,511,0,1216.66662597656,318028.09375,6053.3935546875
"NGA",3,1,"LSMS-ISA2015",2015,6,28,2815,0,0,280062,10,0,0,0,0,0,340.666674804687,0,0,0,104.285720825195,0,0,0,0,0,0,243.33332824707,20,0,960,0,0,0,0,6300.78592478625,4900.61141559429,4200.52403959959,0,0,0,0,0,350.043666886892,0,0,0,6300.7860224425,3500.43658969111,0,0,0,1400.17466754757,2800.34938392326,0,0,0,0,0,0,0,0,0,0,0,0,0,1960.24453588804,168.375454821329,0,0,0,0,0,42.0052410326676,0,973.333312988281,34565.953125,6053.3935546875
"NGA",3,1,"LSMS-ISA2015",2015,6,28,2815,0,0,280064,7,0,0,0,0,0,2085.71428571429,0,0,2900,2470.95239257813,0,0,2607.14285714286,0,7448.97935267857,0,10428.5712890625,1142.85717773438,0,2057.14282226563,0,0,0,0,8396.67196092363,15993.6610316499,5597.78132091045,0,5597.78132091045,0,0,0,3998.4150979615,0,0,1599.366073219,3038.79556599578,2998.81154295554,0,1279.49291233457,0,2399.04917447245,1919.23937361236,0,0,0,0,0,6345.95619330831,0,0,12017.8793311918,0,0,0,0,4030.40254369639,0,799.683036609499,0,0,0,0,4084.66684925678,0,0,111239,6053.3935546875
"NGA",3,1,"LSMS-ISA2015",2015,6,28,2815,1164,0,280065,6,0,0,0,0,0,324.44443766276,0,0,266.666666666667,202.777770996094,0,0,2534.72216796875,0,6952.380859375,0,5272.22216796875,0,3041.66666666667,833.333312988281,0,0,0,0,6083.33333333333,9559.52408854167,5214.28580729167,0,0,0,0,0,2172.61897786458,0,2607.14290364583,0,5214.28580729167,8690.47591145833,0,5648.80924479167,2172.61897786458,2607.14290364583,4345.23819986979,0,0,4462.6767578125,0,5570.818359375,6206.76432291667,0,0,2412.57600911458,0,13035.71484375,0,1955.35693359375,3910.71419270833,869.047607421875,768.77294921875,0,48.5501403808594,0,0,0,0,811.111083984375,113795.7890625,6053.3935546875
"NGA",3,1,"LSMS-ISA2015",2015,6,28,2815,1164,0,280066,3,0,0,0,0,0,5475,0,0,11033.3333333333,11850,22305.5546875,0,60833.3333333333,0,38238.0963541667,0,81111.109375,17300,0,6138.638671875,0,0,0,0,30416.6666666667,0,0,0,3476.1904296875,0,0,12166.6663411458,43452.3795572917,0,0,2085.71435546875,2607.14282226563,0,0,2085.71435546875,43452.3802083333,0,0,0,0,5806.818359375,0,17693.6432291667,3246.51985677083,0,0,14475.4557291667,0,0,19992.84375,0,6517.857421875,7639.21435546875,4123.533203125,2796.86002604167,0,0,0,1648.03035481771,0,1622.22216796875,479590.90625,6053.3935546875
"NGA",3,1,"LSMS-ISA2015",2015,6,28,2815,0,0,280067,5,0,0,0,0,0,535.333349609375,0,0,7960,3597.380859375,0,0,0,0,15642.8578125,0,6424,3660,0,1311.94360351563,0,0,0,0,18250,0,1251.42861328125,0,6778.5712890625,0,0,4171.428515625,3128.571484375,0,0,0,3649.99995117188,2607.1427734375,417.14287109375,834.2857421875,3128.571484375,4171.428515625,730,0,0,0,0,14198.90234375,0,0,0,2420.216015625,0,0,0,1251.42861328125,4380,3152.0064453125,2840.64116210937,2684.9857421875,0,1738.0953125,0,2073.7958984375,0,194.666656494141,123184.828125,6053.3935546875
"NGA",3,1,"LSMS-ISA2015",2015,6,28,2815,1164,0,280068,5,0,0,0,0,0,730,0,0,0,938.571472167969,0,0,1460,0,3128.571484375,0,2433.33349609375,1200,1042.85712890625,3614.27001953125,0,0,0,0,3650,0,2085.7142578125,0,0,0,0,0,4171.428515625,0,0,0,1042.85712890625,10428.57109375,0,0,0,0,1668.571484375,0,0,0,0,6684.98203125,0,0,0,0,0,0,0,0,2607.1427734375,0,1368.75,0,0,0,0,29.2,0,0,48284.81640625,6053.3935546875
"NGA",3,1,"LSMS-ISA2015",2015,6,13,1308,0,0,280070,2,0,9000,0,0,0,3041.66674804688,0,0,0,6803.9287109375,0,0,8516.6669921875,0,3910.71435546875,0,12166.6669921875,0,0,8102.33056640625,0,0,0,0,9449.99110015613,0,2699.99741949213,0,2699.99741949213,0,0,5399.99483898427,14849.9864405728,0,0,0,1349.99870974607,0,0,0,0,10799.9896779685,3239.99693043485,0,0,0,0,19477.1395781773,8570.42892900563,0,0,0,0,0,0,0,7919.99263809714,0,7534.96856362684,8269.6150035193,0,0,0,388.799619712397,0,1825,156017.859375,6053.3935546875
"NGA",3,1,"LSMS-ISA2015",2015,6,28,2816,3944,0,280071,4,0,0,0,0,0,0,0,0,1650,1205.95239257813,0,0,3041.66674804688,0,28678.572265625,0,4410.4169921875,250,0,3591.482421875,0,0,0,0,27375,0,13035.7138671875,0,3910.71435546875,6517.85693359375,0,0,6517.85693359375,0,0,0,11080.3569335938,9776.7861328125,0,0,0,14991.0714111328,3910.71435546875,0,0,0,0,20890.568359375,7723.46142578125,0,0,3653.32934570313,0,0,0,0,13035.7138671875,0,673.511901855469,0,0,0,0,63.875,0,0,185984.640625,7646.3916015625
"NGA",3,1,"LSMS-ISA2015",2015,6,28,2816,3944,0,280072,3,0,0,0,0,0,0,0,0,233.333333333333,2492.0634765625,0,0,0,0,5214.28580729167,0,6894.44482421875,900,0,6172.11669921875,0,0,0,0,20857.1432291667,10428.5716145833,0,0,0,0,0,0,8690.47623697917,0,0,0,2607.14282226563,0,0,0,0,2085.71427408854,0,0,0,0,0,5897.880859375,0,0,0,0,0,0,0,0,2172.61897786458,0,2896.82535807292,4345.23795572917,0,0,0,72.999994913737,0,0,81960.8515625,7646.3916015625
"NGA",3,1,"LSMS-ISA2015",2015,6,28,2816,0,1,280073,1,0,9600,0,0,0,6083.33349609375,0,0,0,1321.42858886719,0,0,0,0,0,0,0,2100,0,9600,0,0,0,5583.14463547689,27915.7226666497,0,0,0,11166.2892709538,0,0,0,16749.4344171654,0,0,0,11166.2892709538,0,0,3908.20130039799,0,0,7816.40260079599,0,0,0,0,0,6293.50067970062,0,0,7163.28042601811,0,0,0,0,9937.99771976051,0,14181.1864030319,8550.09271379357,0,0,0,234492.077934066,0,9733.3330078125,403361.75,7646.3916015625
"NGA",3,1,"LSMS-ISA2015",2015,6,28,2816,3944,0,280074,2,0,0,0,0,0,1825,0,0,3000,3853.5712890625,0,0,18250,0,0,0,30416.666015625,0,0,5000,0,0,0,1303.57141113281,9125,0,2607.14282226563,0,6257.14306640625,0,0,0,11732.142578125,0,0,0,7821.42846679688,6517.85693359375,0,0,0,19553.572265625,1042.85717773438,0,0,0,0,19145.66015625,0,0,0,4756.2216796875,0,0,0,2607.14282226563,3258.92846679688,0,0,0,0,0,0,0,0,0,158073.890625,7646.3916015625
"NGA",3,1,"LSMS-ISA2015",2015,6,28,2816,3944,0,280075,4,0,0,0,0,0,1064.58337402344,0,0,5050,906.190490722656,0,0,2129.16674804688,0,0,0,21291.666015625,0,0,15415.435546875,0,0,0,0,16294.642578125,7821.4287109375,2607.14282226563,0,4692.85693359375,3910.71435546875,0,3258.92846679688,6517.85693359375,0,0,0,1955.35711669922,3258.92846679688,0,2476.78564453125,0,17728.5714111328,1303.57141113281,0,0,0,0,0,0,0,0,0,0,0,0,0,3258.92846679688,0,1683.77978515625,0,0,0,0,0,0,0,122626.53125,7646.3916015625
"NGA",3,1,"LSMS-ISA2015",2015,6,28,2816,0,0,280076,5,0,0,0,0,0,0,0,0,7760,274.619049072266,0,0,2433.3333984375,0,10428.57109375,0,13626.6669921875,1600,0,2000,0,0,0,0,9786.67966601998,7989.12633448057,1597.82530627353,0,3328.80252490975,0,0,18641.2939971052,0,0,0,0,2663.04204638936,1331.52102319468,665.760511597339,0,0,10252.7120058671,0,0,0,4448.49084577393,0,5974.77381960414,0,0,0,5326.08409277871,0,0,0,0,7456.51783447675,1331.52102319468,798.912653136766,0,0,0,0,319.565053891123,0,0,120035.8203125,7646.3916015625
"NGA",3,1,"LSMS-ISA2015",2015,1,23,2313,0,1,280077,2,0,3000,0,0,0,10341.6669921875,0,0,0,0,0,0,0,0,0,0,6083.33349609375,1200,0,13149.0732421875,0,0,0,0,0,0,0,0,0,0,0,0,0,0,0,2398.62638612962,5063.76702596658,0,0,0,0,0,533.028127203756,3010.94781415594,0,0,9327.99193170813,21321.1260952582,0,0,0,0,0,0,5596.79565545158,0,5596.79515698851,0,3442.47325842557,6506.26038872422,0,0,0,0,0,2433.33325195313,99005.21875,7646.3916015625
"NGA",3,1,"LSMS-ISA2015",2015,6,28,2816,3944,0,280078,3,811.111083984375,0,0,8111.111328125,0,5272.22233072917,0,0,1666.66666666667,8158.72998046875,0,0,18250,0,20857.1432291667,0,12977.77734375,1133.33337402344,0,4000,0,0,0,0,0,17380.9518229167,0,0,4345.23795572917,0,0,10428.5716145833,5214.28580729167,0,0,0,5214.28564453125,6083.33333333333,0,0,0,14078.5712890625,0,0,0,0,6083.33333333333,0,0,0,0,0,0,0,0,0,5808.13509114583,0,1448.41259765625,0,0,0,0,97.3333333333333,0,4055.5556640625,161476.109375,7646.3916015625
"NGA",3,1,"LSMS-ISA2015",2015,6,28,2816,3944,0,280080,1,0,0,0,0,0,0,0,0,0,0,0,0,0,0,0,0,0,0,0,3663.41137695313,0,0,0,0,18250,31285.71484375,0,0,0,0,0,0,10428.5712890625,0,0,0,6257.14282226563,0,0,0,0,0,1564.28576660156,0,0,3645.30224609375,0,16712.455078125,0,0,0,5214.28564453125,0,0,0,0,13035.7138671875,0,2607.14282226563,5593.72021484375,0,0,0,12096.3632736206,0,0,130354.109375,7646.3916015625
"NGA",3,1,"LSMS-ISA2015",2015,6,28,2814,1876,1,280081,1,2190,0,0,0,0,17033.333984375,0,0,0,9000,0,0,0,0,20857.142578125,0,4866.66650390625,360,0,12000,0,0,0,0,4944.33507441545,0,27468.5285167178,0,6592.44729015206,0,0,0,10987.4116019996,0,0,0,14833.0061497056,0,0,0,0,3296.22364507603,0,0,0,0,0,0,0,0,0,0,0,0,0,0,9613.98530980351,16604.5718248665,0,0,0,0,0,615.295059233696,0,0,161262.953125,10195.189453125
"NGA",3,1,"LSMS-ISA2015",2015,6,28,2814,0,1,280082,6,811.111083984375,0,0,0,0,567.777791341146,0,0,4800,3261.1904296875,0,0,4055.5556640625,0,3476.1904296875,0,9733.3330078125,400,0,4000,0,0,0,0,5214.28580729167,3476.1904296875,13904.7624511719,0,7821.4287109375,3476.1904296875,0,6083.33317057292,6952.380859375,434.523803710938,1086.30948893229,4345.23795572917,3476.1904296875,2607.14290364583,0,3476.1904703776,0,11297.6189778646,0,0,0,0,0,0,0,0,0,0,0,0,0,0,3406.66666666667,0,2082.81766764323,0,0,0,0,187.714294433594,0,0,110434.140625,10195.189453125
"NGA",3,1,"LSMS-ISA2015",2015,6,28,2814,1876,1,280083,2,0,0,0,0,0,0,0,0,6400,8000,0,0,0,0,9907.142578125,0,9125,1000,0,6000,0,0,0,0,0,14339.2861328125,13035.7138671875,5214.28564453125,5214.28564453125,0,0,7821.4287109375,16946.4282226563,1564.28576660156,0,0,5214.28564453125,2607.14282226563,1042.85717773438,3650,0,6257.14282226563,4953.57141113281,0,0,0,9125,0,0,0,2121.98754882813,3653.32934570313,0,0,0,0,6517.85693359375,7821.42846679688,1738.09521484375,0,0,0,0,0,0,6083.33349609375,165353.875,10195.189453125
"NGA",3,1,"LSMS-ISA2015",2015,6,28,2814,1876,1,280084,5,0,0,0,0,0,1095,0,0,2600,572.142883300781,0,0,4380,0,0,0,4866.6669921875,0,0,5312.2421875,0,0,0,0,4171.428515625,0,0,0,0,0,0,11471.42890625,8342.85703125,0,6257.14296875,1772.85712890625,1251.42856445313,9385.7140625,0,0,0,3650,417.14287109375,0,0,0,0,0,0,0,0,0,0,0,869.04765625,0,2607.1427734375,2006.51015625,0,0,0,0,0,0,0,1946.66662597656,72975.421875,10195.189453125
"NGA",3,1,"LSMS-ISA2015",2015,6,28,2814,1876,1,280085,2,1216.66662597656,0,0,0,0,1216.66662597656,0,0,500,3041.66674804688,0,0,0,0,26071.427734375,0,31633.333984375,7000,0,9000,0,0,0,0,18250,0,10428.5712890625,0,0,0,0,0,39107.14453125,2607.14282226563,0,0,5214.28564453125,2085.71435546875,260.714294433594,2607.14282226563,0,13035.7138671875,6517.85717773438,0,0,0,0,17603.828125,0,0,0,1585.4072265625,0,0,0,0,7430.35717773438,0,0,0,0,0,0,109.499992370605,0,13687.5,220210.625,10195.189453125
"NGA",3,1,"LSMS-ISA2015",2015,6,28,2814,1876,1,280086,5,0,0,0,0,0,2068.3333984375,0,0,5280,4992.76171875,0,0,6083.333203125,0,6257.14296875,0,17033.33203125,10293.333984375,0,12094.798828125,0,0,0,0,0,0,2711.42861328125,0,0,0,0,10428.57109375,15642.856640625,0,0,0,6152.85717773438,3650,0,0,0,1251.42861328125,312.857153320312,0,0,0,7300,0,0,0,0,2922.6634765625,0,0,0,0,5214.285546875,0,1042.85712890625,0,0,0,0,0,0,0,120732.8359375,10195.189453125
"NGA",3,1,"LSMS-ISA2015",2015,6,28,2814,0,1,280087,6,0,0,0,2636.11116536458,0,3041.66666666667,0,0,5233.33333333333,2020.23815917969,0,0,7097.22200520833,0,0,0,20277.77734375,2027.77783203125,0,2542.10766601563,0,0,0,0,6083.33333333333,10428.5716145833,1216.66666666667,0,2085.71435546875,0,0,4345.23795572917,6517.857421875,2867.85709635417,6083.33333333333,4345.23795572917,4345.23803710938,3910.71419270833,173.809529622396,1042.85717773438,0,9038.09521484375,608.333333333333,0,0,0,0,0,0,0,0,2262.80338541667,0,0,0,0,0,0,0,0,0,0,0,0,0,0,110231.890625,10195.189453125
"NGA",3,1,"LSMS-ISA2015",2015,6,28,2814,1876,1,280088,4,912.5,0,0,0,0,1216.66662597656,0,0,2850,2987.79760742188,0,0,0,0,2346.42846679688,0,7300,1150,1303.57141113281,8378.5732421875,0,0,0,0,4562.5,0,2607.14282226563,0,0,0,0,2607.14282226563,7821.4287109375,0,13035.7138671875,1303.57141113281,2607.14282226563,4562.5,0,0,0,4562.5,1042.85717773438,0,0,0,0,0,3246.51977539063,0,0,0,0,0,0,0,0,4830.4287109375,2389.880859375,0,0,0,0,54.7499961853027,0,0,83679.6171875,10195.189453125
"NGA",3,1,"LSMS-ISA2015",2015,6,28,2814,0,1,280089,5,4866.6669921875,0,0,5840,0,0,0,0,2120,4920,0,0,2433.3333984375,0,0,0,4866.6669921875,4000,0,28800,0,0,0,0,2502.8572265625,1564.2857421875,7508.57109375,0,4171.42856445312,0,0,521.428564453125,1564.2857421875,0,2607.1427734375,0,1564.28569335938,1251.42861328125,0,0,0,3650,0,0,0,0,0,0,0,0,0,0,0,0,0,0,0,0,625.714306640625,0,0,0,0,162.685705566406,0,0,85540.78125,10195.189453125
"NGA",3,1,"LSMS-ISA2015",2015,6,28,2814,1876,1,280090,7,4866.6669921875,0,0,1042.85714285714,1564.28571428571,278.095232282366,0,0,828.571428571429,4531.6328125,0,0,7300,0,2681.63253348214,0,14600,85.7142868041992,0,5142.85693359375,0,0,0,0,3910.71428571429,14897.9587053571,0,0,0,1489.7958984375,7448.97935267857,0,3724.48967633929,372.448974609375,0,744.89794921875,4841.83663504464,3352.04073660714,0,521.428571428571,0,744.89794921875,670.408133370536,0,0,0,0,0,4637.88532366071,0,0,0,0,0,0,0,3724.48967633929,0,0,0,0,0,0,36.5,0,5214.28564453125,99255.3671875,10195.189453125
"NGA",3,1,"LSMS-ISA2015",2015,6,28,2810,0,0,280091,7,0,0,0,5214.28571428571,0,2085.71428571429,0,0,5000,3640.64624023438,0,0,7821.42857142857,0,18622.4486607143,0,8690.4755859375,1057.14282226563,0,3428.57153320313,0,0,0,0,2979.591796875,11173.4698660714,0,0,0,3352.04073660714,0,0,0,0,12663.265625,0,2234.69391741071,0,0,0,0,7374.48988560268,372.448974609375,0,0,0,0,0,5038.03738839286,0,0,0,0,0,15316.6007254464,1117.34681919643,0,0,645.578229631696,2549.33454241071,104.036019461496,1117.34681919643,0,451.453299386161,0,3476.19067382813,125526.6328125,4842.71484375
"NGA",3,1,"LSMS-ISA2015",2015,6,28,2810,2394,0,280092,5,0,0,0,3650,0,486.666650390625,0,0,2760,1520,0,0,0,0,0,0,4866.6669921875,200,0,1793.51892089844,0,0,0,0,4692.85703125,0,6778.5712890625,0,521.428564453125,0,0,0,0,0,834.2857421875,0,3962.85717773438,1877.1427734375,417.14287109375,0,0,2607.14282226563,834.2857421875,0,0,0,0,1769.3642578125,0,0,0,0,0,0,3590.51533203125,938.57138671875,0,0,0,0,0,1216.66669921875,0,0,0,0,45317.6875,4842.71484375
"NGA",3,1,"LSMS-ISA2015",2015,6,28,2810,2394,0,280093,4,0,0,0,0,0,2433.33325195313,0,0,5100,1250,0,0,0,0,0,0,12166.6669921875,600,0,1127.1640625,0,0,0,0,13035.7138671875,0,0,0,1955.35717773438,0,0,0,0,0,6517.85693359375,2737.5,3910.71423339844,6517.85693359375,0,1825,0,3910.71435546875,0,0,0,0,9049.4423828125,0,10630.8828125,0,0,1826.66467285156,0,0,15419.3779296875,1173.21423339844,2444.19653320313,0,2621.62670898438,4491.6845703125,309.507171630859,1738.09533691406,0,182.5,0,0,112975.0703125,4842.71484375
"NGA",3,1,"LSMS-ISA2015",2015,6,28,2810,2394,0,280094,8,0,0,0,2737.5,0,1064.58337402344,0,0,1650,1857.88696289063,0,0,0,0,8473.2138671875,0,6691.66650390625,212.5,0,1085.97436523438,0,0,0,0,0,11732.142578125,3910.71435546875,0,782.142883300781,0,0,2607.14282226563,0,0,9125,0,1629.46429443359,5214.28564453125,0,0,0,3649.99993896484,651.785705566406,0,0,0,4562.5,0,1623.25988769531,0,0,0,0,0,10017.4309082031,0,0,0,891.706817626953,0,0,0,0,45.625,0,0,80216.5234375,4842.71484375
"NGA",3,1,"LSMS-ISA2015",2015,6,28,2810,2394,0,280095,6,0,0,0,5069.4443359375,0,1825,0,0,0,1586.3095703125,0,0,0,0,6952.380859375,0,12166.6669921875,766.666687011719,0,2115.27783203125,0,0,0,0,13904.76171875,0,2607.14290364583,0,0,2607.14290364583,0,3476.1904296875,13035.71484375,0,2607.14290364583,2172.61897786458,1477.38094075521,3041.66666666667,0,0,0,4258.33337402344,347.619059244792,0,0,0,0,0,1379.28108723958,0,0,0,0,0,0,0,0,0,667.513875325521,0,0,0,0,0,0,0,82064.2578125,4842.71484375
"NGA",3,1,"LSMS-ISA2015",2015,6,28,2810,2394,0,280096,5,0,0,0,4136.666796875,0,2920,0,0,0,3371.42846679688,0,0,18250,0,26071.428125,0,9733.333984375,1400,0,5974.6005859375,0,0,0,0,0,0,12514.2859375,0,0,7300,0,0,0,0,0,2085.7142578125,2607.14287109375,0,0,0,0,8447.14296875,0,0,0,0,3650,0,0,0,0,0,0,0,38585.7140625,0,0,0,1444.858203125,3569.068359375,0,0,0,43.7999969482422,0,0,152105.171875,4842.71484375
"NGA",3,1,"LSMS-ISA2015",2015,6,28,2810,2394,0,280097,17,0,0,0,0,0,715.686293658088,0,0,2270.58823529412,828.501403808594,0,0,1001.96082261029,0,0,0,3149.01953125,470.588226318359,0,527.505554199219,0,0,0,0,9201.68106617647,3067.22679227941,23004.2026654412,0,2147.05876608456,2147.05882352941,0,0,0,0,3987.39476102941,306.722684972426,3067.22690716912,1533.61339613971,490.756318933824,1380.25206801471,1840.33616727941,0,398.739487591912,0,0,0,0,0,0,0,0,0,0,0,22115.5519301471,1380.251953125,0,0,0,0,0,1789.21576286765,0,1077.43319163603,0,0,87898.5625,4842.71484375
"NGA",3,1,"LSMS-ISA2015",2015,6,28,2810,2394,0,280098,5,0,0,0,3650,0,1216.66669921875,0,0,4280,1400,0,0,4380,0,13557.1421875,0,7300,400,0,3307.93798828125,0,0,0,0,0,8342.85703125,41714.28671875,0,2607.1427734375,4171.428515625,0,0,0,0,0,4171.428515625,4171.42861328125,10428.57109375,1460,0,0,0,0,0,0,0,7300,0,0,0,0,0,0,0,43717.893359375,3910.7140625,2607.1427734375,0,3280.84111328125,1398.430078125,0,5561.905078125,0,408.8,0,0,184744.609375,4842.71484375
"NGA",3,1,"LSMS-ISA2015",2015,6,28,2810,2394,0,280099,11,0,0,0,0,0,1437.87881747159,0,0,636.363636363636,1375.10827636719,0,0,3096.96981534091,0,4740.25958806818,0,7742.423828125,309.090911865234,0,3746.1279296875,0,0,0,0,0,3792.20774147727,7821.42862215909,0,0,3318.18181818182,0,0,10902.5973011364,0,0,0,2559.7402787642,1896.10387073864,0,0,0,2464.93503639915,474.025967684659,0,0,0,3318.18181818182,0,0,0,0,0,0,0,0,0,2370.12979403409,0,218.110107421875,0,0,0,0,66.3636363636364,0,0,62286.2265625,4842.71484375
"NGA",3,1,"LSMS-ISA2015",2015,6,28,2810,0,0,280100,3,2433.33325195313,0,0,4866.66666666667,0,1216.66666666667,0,0,6333.33333333333,4433.33349609375,0,0,0,0,6952.380859375,0,27577.779296875,0,0,2240.03393554688,0,0,0,0,0,0,130357.145833333,0,1738.09521484375,0,0,0,0,0,8690.47591145833,0,13904.76171875,5214.28580729167,0,0,0,6952.38102213542,4692.85709635417,0,0,0,0,4917.2509765625,0,0,0,0,0,0,61662.9501953125,0,0,0,1390.47623697917,0,0,0,0,417.142862955729,0,0,295991.34375,4842.71484375
"NGA",3,1,"LSMS-ISA2015",2015,6,28,2810,3722,1,280101,1,0,0,0,18250,0,12166.6669921875,0,0,0,5954.76171875,0,0,0,0,0,0,13383.3330078125,900,0,7217.1083984375,0,0,0,0,0,0,52142.857421875,0,0,0,0,0,0,0,0,0,5214.28564453125,0,0,0,0,7300,2085.71435546875,0,0,0,6032.96142578125,6257.142578125,4240.50830078125,0,0,0,0,0,62222.9140625,0,9776.7861328125,0,5594.96032714844,0,0,0,0,2106.7822265625,0,0,220846.796875,5862.23388671875
"NGA",3,1,"LSMS-ISA2015",2015,6,28,2810,3722,1,280102,8,0,0,0,0,0,3041.66674804688,0,0,10850,5017.91650390625,0,0,7604.16650390625,0,22812.5,18250,10645.8330078125,0,0,2190.2919921875,0,0,0,0,0,0,39107.14453125,0,2933.03564453125,6517.85693359375,0,0,0,0,0,3649.99987792969,4236.6071472168,10428.5712890625,0,2346.42846679688,0,2150.89282226563,6843.75,0,0,0,9125,3317.55810546875,2756.33032226563,0,0,0,0,0,20630.5260009766,2933.03540039063,3415.35717773438,0,1333.56146240234,3743.07080078125,464.260711669922,4345.23828125,0,1144.77276611328,0,0,211835.375,5862.23388671875
"NGA",3,1,"LSMS-ISA2015",2015,6,28,2810,3722,1,280103,9,0,0,0,811.111111111111,0,1351.85188802083,0,0,5344.44444444444,1805.291015625,2027.77783203125,0,2703.70377604167,0,11587.3012152778,0,5407.40771484375,100,0,1946.92626953125,0,0,0,695.238118489583,11587.3012152778,0,15642.8567708333,0,1390.47623697917,2896.82530381944,0,0,0,5214.28559027778,984.920627170139,2027.77772352431,2607.14284939236,0,0,4345.23828125,0,6952.38107638889,0,0,0,0,5586.07552083333,1965.96028645833,0,0,695.238118489583,0,0,0,20554.3167317708,0,1013.88888888889,0,621.662258572049,1330.86968315972,137.558742947049,0,0,993.242458767361,0,0,120329.0859375,5862.23388671875
"NGA",3,1,"LSMS-ISA2015",2015,6,28,2810,0,1,280104,8,760.416687011719,0,0,0,1520.83337402344,0,0,0,1000,15138.392578125,0,0,15208.3330078125,0,1955.35717773438,0,15208.333984375,1500,0,4759.9677734375,0,0,0,0,0,5214.28564453125,0,0,3910.71435546875,5214.28564453125,0,9776.7861328125,26071.4282226563,2411.60717773438,0,325.892852783203,3258.92858886719,3910.71435546875,651.785705566406,0,1303.57141113281,5475,456.25,0,0,0,11406.25,0,9445.36694335938,0,0,0,0,0,0,0,7300,0,0,0,0,0,0,39.1071434020996,0,4258.33349609375,157481.9375,5862.23388671875
"NGA",3,1,"LSMS-ISA2015",2015,6,28,2810,0,1,280105,8,0,0,0,0,0,5398.95849609375,0,0,1750,3607.14282226563,0,0,22812.5,0,5214.28564453125,0,31025,2500,0,9271.33984375,0,0,0,0,0,13035.7138671875,5214.28576660156,4301.78564453125,3910.71435546875,2607.14282226563,0,39107.14453125,26071.427734375,4236.60693359375,9776.78540039063,4236.60717773438,9776.78564453125,3650,0,2281.25,1629.46423339844,0,10428.5712890625,0,0,0,13687.5,0,0,0,0,0,0,0,0,0,0,0,0,0,0,0,0,39.1071434020996,0,0,235570.125,5862.23388671875
"NGA",3,1,"LSMS-ISA2015",2015,6,28,2810,0,1,280106,11,5530.302734375,0,3871.21200284091,0,0,0,0,0,0,9401.5146484375,0,0,165909.090909091,0,11850.6491477273,0,29863.63671875,236.363632202148,0,9568.5908203125,0,0,0,0,0,15168.8309659091,14220.7798295455,0,2844.15589488636,0,0,28441.5596590909,3792.20774147727,3318.18181818182,0,0,6162.33753551136,31996.7528409091,0,4598.05206853693,0,4740.25967684659,0,0,0,0,9954.54545454545,0,3761.67542613636,0,0,0,0,0,5314.08061079546,0,5688.31178977273,0,0,0,0,0,0,7752.34070656516,0,0,383985.4375,5862.23388671875
"NGA",3,1,"LSMS-ISA2015",2015,6,28,2810,0,1,280107,7,2607.14282226563,0,6952.38113839286,0,0,3476.19056919643,0,0,13800,10243.46875,0,0,3476.19056919643,8690.47600446429,18622.4486607143,0,34761.90234375,27142.857421875,0,96581.1875,0,0,0,0,0,18622.4486607143,43576.5301339286,0,7448.97935267857,10428.5714285714,0,35755.1010044643,45438.7745535714,2681.63253348214,0,10577.5506417411,5959.18359375,0,0,13408.1629464286,0,20857.1431361607,0,0,0,0,15642.8571428571,0,0,0,3058.001953125,0,0,0,19181.1227678571,3575.51032366071,19665.3063616071,0,6167.8583984375,10197.3381696429,3296.06958007813,6517.85721261161,0,4853.25202287946,0,22857.142578125,556120.5625,5862.23388671875
"NGA",3,1,"LSMS-ISA2015",2015,6,28,2810,3722,1,280108,7,0,0,0,4692.85714285714,0,2433.33342633929,0,0,1428.57142857143,2601.02026367188,0,0,6083.33314732143,0,18622.4486607143,0,13904.7626953125,1085.71423339844,0,3069.54541015625,0,0,0,0,8938.77566964286,0,13408.1632254464,0,0,0,0,0,0,0,0,0,2905.10198102679,0,0,0,0,5288.77546037946,595.918387276786,0,0,0,0,0,0,0,0,0,0,0,11761.3448660714,0,3724.48967633929,0,2174.37084960938,0,0,0,0,1162.31172834124,0,0,103880.828125,5862.23388671875
"NGA",3,1,"LSMS-ISA2015",2015,6,28,2810,3722,1,280109,10,0,0,0,1216.66669921875,0,2433.3333984375,0,0,5500,1608.33337402344,0,0,0,0,10950,0,4866.6669921875,500,0,3380.71875,0,0,0,0,6257.14296875,0,15642.8578125,0,625.714306640625,5996.4283203125,0,5214.285546875,1564.2857421875,0,0,2294.2857421875,3128.57133789062,2346.428515625,312.857153320312,0,0,625.714306640625,730,0,0,0,0,1251.428515625,3362.237109375,0,848.79501953125,0,0,0,14914.6669921875,2346.4283203125,2455.92866210938,0,1556.821484375,0,0,2172.619140625,0,656.5259765625,0,0,104759.7421875,5862.23388671875
"NGA",3,1,"LSMS-ISA2015",2015,6,28,2810,3722,1,280110,6,0,0,0,4055.5556640625,0,2433.33333333333,0,0,1400,3759.92065429688,0,0,0,0,4345.23795572917,0,4461.11083984375,216.66667175293,0,2477.92309570313,0,0,0,0,6952.380859375,13035.71484375,0,0,0,6952.380859375,0,3476.1904296875,0,0,0,0,1303.57145182292,0,0,0,0,1042.85713704427,1738.09521484375,0,0,0,0,0,3543.62760416667,0,0,0,0,0,15612.9716796875,0,2172.61897786458,0,639.789632161458,0,0,0,0,511.91291809082,0,0,80131.8515625,5862.23388671875
"NGA",3,1,"LSMS-ISA2015",2015,6,28,2813,612,0,280111,1,0,0,0,0,0,7300,0,0,0,4502.857421875,0,0,0,0,18250,0,24333.333984375,3000,0,13014.9384765625,0,0,0,0,0,0,6257.14306640625,0,0,0,0,0,15642.857421875,0,0,0,7821.42846679688,13035.7138671875,0,0,0,0,0,0,0,0,6032.96142578125,8846.8212890625,0,0,0,0,0,0,0,0,6517.85693359375,0,2085.71435546875,5988.91357421875,0,0,0,218.999984741211,0,0,142849.546875,8156.1513671875
"NGA",3,1,"LSMS-ISA2015",2015,6,28,2813,612,0,280112,5,0,0,0,0,0,1703.3333984375,0,0,0,1895.23803710938,0,0,0,0,8342.85703125,0,4282.6669921875,680,0,3935.10498046875,0,0,0,0,3650,0,12514.2859375,0,0,0,0,3128.571484375,3650,0,0,0,1042.85712890625,7300,0,0,0,0,0,0,0,0,0,3538.728515625,0,0,0,0,0,0,0,0,2607.1427734375,0,521.428564453125,0,0,0,0,58.4,0,0,58850.61328125,8156.1513671875
"NGA",3,1,"LSMS-ISA2015",2015,6,28,2813,612,0,280113,3,0,0,0,0,0,0,0,0,5266.66666666667,4429.365234375,0,0,0,0,0,4866.66666666667,6488.888671875,0,0,2329.12670898438,0,0,0,0,9125,0,4171.4287109375,0,4171.4287109375,0,0,0,6083.33317057292,3476.1904296875,0,0,10949.9998372396,0,0,0,0,10428.5712890625,1042.85717773438,0,0,0,0,13913.6751302083,2758.56217447917,0,0,0,0,0,0,0,4345.23795572917,3696.20247395833,1122.51985677083,2796.86002604167,0,0,0,389.333333333333,0,243.33332824707,102095.2421875,8156.1513671875
"NGA",3,1,"LSMS-ISA2015",2015,6,28,2813,612,0,280114,1,0,0,0,0,0,34066.66796875,0,0,22800,17973.333984375,0,0,0,0,114714.2890625,0,48666.66796875,2400,0,10899.3896484375,0,0,0,0,0,10428.5712890625,10428.5712890625,10428.5712890625,10428.5712890625,0,0,10428.5712890625,23464.28515625,4171.4287109375,0,0,0,0,0,6257.14306640625,0,16685.7143554688,0,0,0,0,28153.8203125,0,0,0,0,7306.65869140625,0,0,0,6257.14208984375,14339.2856445313,20772.3369140625,9473.59558105469,23955.654296875,5492.380859375,10428.5712890625,0,3183.78149414063,0,0,483604.96875,8156.1513671875
"NGA",3,1,"LSMS-ISA2015",2015,6,28,2813,612,0,280115,3,0,0,0,0,0,567.777791341146,0,0,3333.33333333333,240.476196289063,0,0,0,0,0,0,0,166.66667175293,0,3593.3994140625,0,0,0,0,22316.6522212192,8926.66098933018,6694.99521700907,0,0,0,0,18597.2092184076,11158.3261106096,0,5579.16305530481,0,12832.0747153942,13947.9079270755,0,0,0,4649.30230460191,2975.55358172985,0,0,1612.77878654695,0,27313.8741629987,0,0,0,5211.96849258845,0,0,0,0,6973.95396353777,1875.41499288959,0,0,0,0,0,0,0,0,158567.5,8156.1513671875
"NGA",3,1,"LSMS-ISA2015",2015,6,28,2813,612,0,280116,5,0,0,0,0,0,1703.3333984375,0,0,1200,1412.8095703125,0,0,0,0,0,0,4866.6669921875,1450,0,2023.02185058594,0,0,0,0,2085.7142578125,0,1042.85712890625,0,4171.428515625,521.428564453125,0,0,6778.57138671875,0,0,0,1772.85712890625,3128.571484375,0,0,0,7300,417.14287109375,0,0,0,0,3754.285546875,0,0,0,0,0,0,0,0,2607.1427734375,0,1105.369921875,0,0,0,0,0,0,1216.66674804688,48557.87109375,8156.1513671875
"NGA",3,1,"LSMS-ISA2015",2015,6,28,2813,612,0,280117,5,0,0,0,0,0,0,0,0,600,244.285720825195,0,0,2433.3333984375,0,0,0,4866.6669921875,0,0,1894.20336914063,0,0,0,0,8342.85703125,0,1564.2857421875,0,3754.285546875,0,0,0,5214.28564453125,0,0,0,2085.7142578125,3128.571484375,0,0,0,10949.9997070312,1042.85712890625,0,0,0,0,0,0,0,0,847.8482421875,0,0,0,0,3910.714453125,772.242333984375,673.5119140625,0,0,0,0,0,0,973.333312988281,53298.9921875,8156.1513671875
"NGA",3,1,"LSMS-ISA2015",2015,6,28,2813,612,0,280118,4,0,0,0,0,0,4562.5,0,0,4500,2225,0,0,3041.66674804688,0,45625,0,10341.6669921875,4100,0,1785.44152832031,0,0,0,0,0,5866.0712890625,20857.142578125,0,0,0,0,0,15642.8569335938,0,11732.142578125,0,7430.35717773438,27375,2607.14282226563,0,0,3258.92846679688,2607.14282226563,0,0,0,9125,2211.70532226563,0,0,0,1303.57141113281,0,0,0,0,0,651.785705566406,1955.35717773438,0,0,0,0,63.875,0,760.416687011719,189629.78125,8156.1513671875
"NGA",3,1,"LSMS-ISA2015",2015,6,28,2813,612,0,280119,1,0,0,0,0,0,5475,0,0,0,11428.5712890625,0,0,0,0,0,0,0,0,0,10566.982421875,0,0,0,0,18250,0,5214.28564453125,0,25028.572265625,0,0,0,20857.142578125,7821.4287109375,13035.7138671875,0,8864.28564453125,7821.4287109375,0,5214.28564453125,0,41714.28515625,2607.14282226563,0,0,0,0,0,0,0,0,4239.2412109375,0,0,0,0,0,0,0,0,0,0,0,0,0,0,188138.359375,8156.1513671875
"NGA",3,1,"LSMS-ISA2015",2015,6,28,2813,612,0,280120,2,0,0,0,0,0,3041.66674804688,0,0,0,1882.38098144531,0,0,0,0,0,0,15816.6669921875,2000,0,9837.7626953125,0,0,0,0,9125,20857.142578125,3128.57153320313,0,0,0,0,0,9125,0,28678.572265625,0,2607.14282226563,0,0,0,0,3128.57141113281,2085.71435546875,0,0,0,4021.97412109375,0,0,0,0,0,0,0,0,0,4888.39306640625,0,0,1996.30444335938,0,0,0,146,0,0,122366.859375,8156.1513671875
"NGA",3,1,"LSMS-ISA2015",2015,6,28,2807,0,0,280121,7,0,0,0,1738.09528459821,0,3476.19056919643,0,0,5285.71428571429,2723.80932617188,0,0,4345.23800223214,0,27561.2254464286,0,8342.857421875,457.142852783203,0,4689.3173828125,0,0,0,0,5959.18359375,0,0,0,0,4469.38783482143,0,0,14153.0611049107,12663.2650669643,11173.4695870536,0,3650.00003487723,0,0,0,0,3277.55106026786,0,0,0,0,0,0,4540.93289620536,0,0,0,0,0,0,0,0,0,893.877580915179,0,52.0180097307478,465.561209542411,0,44.6938781738281,0,0,119962.59375,5097.5947265625
"NGA",3,1,"LSMS-ISA2015",2015,6,28,2807,1266,0,280122,6,0,0,0,0,0,608.333333333333,0,0,5000,2144.4443359375,0,0,3041.66666666667,0,0,0,4055.5556640625,500,0,2756.61499023438,0,0,0,0,6952.380859375,5214.28580729167,18250,0,2607.14290364583,5214.28580729167,3476.1904296875,0,0,0,0,869.047607421875,3041.66666666667,0,521.428588867188,0,0,3910.71419270833,2085.71431477865,0,0,0,0,0,4137.8427734375,0,0,2435.55289713542,0,0,5129.39143880208,1042.85701497396,1303.57145182292,0,1007.66870117188,1996.30452473958,0,1231.15079752604,1551.87076822917,182.5,0,0,90268.1796875,5097.5947265625
"NGA",3,1,"LSMS-ISA2015",2015,6,28,2807,1266,0,280123,7,0,0,0,0,0,0,0,0,2914.28571428571,260.714294433594,0,0,0,0,0,0,0,0,0,1281.0849609375,0,0,0,0,3352.04073660714,0,22346.9383370536,0,1489.7958984375,3724.48967633929,0,0,1862.24483816964,0,1489.7958984375,0,1191.83673967634,1340.81626674107,0,0,0,2979.591796875,1042.85714285714,0,0,0,3447.40652901786,0,0,0,0,0,595.918387276786,0,4708.02859933036,0,1117.34695870536,0,575.810651506696,0,0,0,0,156.428571428571,0,0,55877.4375,5097.5947265625
"NGA",3,1,"LSMS-ISA2015",2015,6,28,2807,1266,0,280124,5,0,0,0,2433.3333984375,0,973.33330078125,0,0,0,469.285736083984,0,0,0,0,15642.8578125,0,0,1520,0,3408.99731445313,0,0,0,0,3650,0,5005.714453125,0,0,9385.7140625,0,0,9385.7140625,0,12514.2859375,0,2085.7142578125,0,0,0,0,5005.7142578125,0,0,0,0,0,0,0,0,0,0,0,0,0,0,0,0,695.2380859375,3569.068359375,0,0,0,58.4,0,0,75803.3671875,5097.5947265625
"NGA",3,1,"LSMS-ISA2015",2015,6,28,2807,1266,0,280125,4,0,0,0,0,0,0,0,0,6750,608.333312988281,0,0,0,0,0,0,2433.33325195313,0,0,4134.92236328125,0,0,0,0,5866.0712890625,0,15642.857421875,0,1303.57141113281,3910.71435546875,0,0,3258.92846679688,0,3258.92846679688,0,0,0,0,0,0,0,0,0,0,0,0,0,0,0,2067.57763671875,0,0,0,7828.13061523438,0,0,0,2276.05157470703,0,0,0,0,273.75,0,0,59613.1640625,5097.5947265625
"NGA",3,1,"LSMS-ISA2015",2015,6,28,2807,1266,0,280126,2,0,0,0,0,0,3041.66674804688,0,0,0,1990.71435546875,0,0,0,0,20857.142578125,0,3041.66674804688,1500,0,8192.453125,0,0,0,0,27375,0,0,0,0,0,0,0,0,0,0,0,16946.4282226563,0,0,0,0,2085.71435546875,0,0,0,0,0,0,7384.36303710938,0,0,0,0,0,88549.025390625,0,6517.85693359375,0,5768.76977539063,0,0,0,0,109.499992370605,0,0,193360.3125,5097.5947265625
"NGA",3,1,"LSMS-ISA2015",2015,6,28,2807,1266,0,280127,3,0,0,0,0,0,1825,0,0,0,1767.0634765625,0,0,0,0,8690.47591145833,0,9733.3330078125,1866.66662597656,0,2721.28833007813,0,0,0,0,6083.33333333333,0,27809.5240885417,0,0,8690.47591145833,0,0,0,0,20857.1432291667,0,3476.1904296875,0,0,0,0,2954.76188151042,1738.09521484375,0,0,0,0,0,0,0,0,0,0,0,61105.8860677083,0,0,0,20520.1858723958,5948.447265625,0,0,0,145.999989827474,0,0,185933.859375,5097.5947265625
"NGA",3,1,"LSMS-ISA2015",2015,6,28,2807,1266,0,280128,9,0,0,0,0,0,0,0,0,3622.22222222222,1361.90478515625,0,0,0,0,0,0,811.111083984375,555.555541992188,0,1175.5029296875,0,0,0,0,4634.92057291667,0,8690.4765625,0,579.365071614583,4634.92057291667,0,0,1738.09526909722,0,4055.55560980903,1158.73014322917,3765.873046875,2317.46028645833,0,0,0,2896.82530381944,1738.09526909722,0,0,0,3575.08810763889,1965.96028645833,6563.87825520833,0,695.238118489583,1623.70193142361,0,0,4049.03634982639,0,1086.3095703125,0,1633.24080403646,1330.86968315972,0,0,1551.87076822917,425.569986979167,0,0,68237.3828125,5097.5947265625
"NGA",3,1,"LSMS-ISA2015",2015,6,28,2807,1266,0,280129,1,0,0,0,0,0,3650,0,0,0,4041.66674804688,0,0,0,0,0,0,0,2400,0,11101.5849609375,0,0,0,0,0,0,12514.2861328125,0,0,0,0,0,0,0,0,0,2607.14282226563,0,0,0,0,21900.0002441406,0,0,0,0,4021.97412109375,0,3392.40625,0,0,0,0,0,80139.447265625,0,4562.5,0,9799.4443359375,8922.6708984375,0,0,0,218.999984741211,0,0,169272.109375,5097.5947265625
"NGA",3,1,"LSMS-ISA2015",2015,6,28,2807,1266,0,280130,2,0,0,0,0,0,2433.33325195313,0,0,0,1964.04760742188,0,0,0,0,0,0,0,2900,0,11256.0546875,0,0,0,0,0,0,13557.1428222656,0,0,13035.7138671875,0,0,0,0,0,0,5475.00012207031,0,0,0,0,1303.57141113281,0,0,0,0,0,0,0,0,0,0,0,0,54010.2314453125,0,4888.39306640625,0,1955.35693359375,0,0,0,0,146,0,0,112924.8515625,5097.5947265625
"NGA",3,1,"LSMS-ISA2015",2015,6,29,2930,530,1,290001,5,730,2400,0,1216.66669921875,0,1460,0,1216.66674804688,240,2157.619140625,0,0,0,0,1877.1427734375,0,9733.333984375,200,0,4635.435546875,0,0,0,0,6674.2859375,21900,3128.57138671875,0,0,0,0,0,2085.7142578125,0,5840,0,3128.57138671875,3650,0,0,0,0,1772.85717773438,0,0,0,0,0,0,0,0,0,0,0,0,0,0,0,0,0,0,0,0,0,0,2190,76236.8671875,14868.3056640625
"NGA",3,1,"LSMS-ISA2015",2015,6,29,2930,530,1,290002,5,0,4800,0,0,0,3650,0,0,8800,3462.57153320313,0,0,0,0,10845.7140625,0,3406.66674804688,0,0,13318.994140625,0,0,0,0,11691.9180573965,0,0,0,3785.95437979572,0,0,10021.643992474,4454.06395325232,0,0,0,6681.09606115955,0,0,0,0,4454.0639044242,556.75799415654,0,0,0,0,0,1816.78922060291,0,0,0,8351.37038542605,0,0,18.3402655659591,3674.6028661362,0,0,4382.85095632501,211.505831090519,9611.23424135111,0,1409.10385514597,0,0,119405.2265625,14868.3056640625
"NGA",3,1,"LSMS-ISA2015",2015,6,29,2930,530,1,290003,5,0,2400,0,0,0,2920,0,0,3680,216.285720825195,0,0,0,0,5214.285546875,0,2676.66674804688,0,0,9293.1201171875,0,0,0,0,8760,4171.428515625,6257.14306640625,4380,5214.28559570313,3128.571484375,0,8342.85703125,6257.14296875,0,1147.14287109375,1042.85712890625,3128.57138671875,5840,208.571435546875,1042.85712890625,0,29512.8566894531,312.857153320312,0,0,0,0,5577.679296875,0,0,0,0,0,0,0,0,2190,0,0,0,0,0,0,0,0,1095,124010.1796875,14868.3056640625
"NGA",3,1,"LSMS-ISA2015",2015,6,29,2930,530,1,290005,3,0,0,0,1216.66666666667,0,2920,0,0,533.333333333333,3475.15893554688,0,0,0,0,0,0,14194.4443359375,0,0,5084.21533203125,0,0,0,0,10428.5716145833,8690.47591145833,5214.28580729167,0,0,0,0,0,0,0,2085.71435546875,0,3476.1904296875,0,0,0,0,6952.380859375,1738.09521484375,0,0,0,0,0,0,0,0,0,0,0,2005.49462890625,0,0,0,0,0,0,0,0,0,0,0,68015.03125,14868.3056640625
"NGA",3,1,"LSMS-ISA2015",2015,6,29,2930,530,1,290006,2,1825,12000,0,0,0,9733.3330078125,0,0,3500,2311.90478515625,0,0,0,0,16946.427734375,0,14600,0,0,9148.8564453125,0,0,0,0,0,0,0,0,5214.28564453125,0,0,7821.4287109375,10428.5715332031,1564.28576660156,0,2607.14282226563,13817.8571166992,0,0,6517.85693359375,0,10689.2858886719,1825,0,0,0,23774.720703125,16588.0261230469,7190.35986328125,0,0,0,0,0,0,5214.28515625,8551.4287109375,0,0,15288.748046875,0,5866.07080078125,0,2496.53686523438,0,0,215521.40625,14868.3056640625
"NGA",3,1,"LSMS-ISA2015",2015,6,29,2930,530,1,290007,8,0,1140,0,0,304.166656494141,1064.58337402344,0,0,4025,192.857147216797,0,0,0,0,2933.03564453125,4562.5,2129.16674804688,0,0,3287.6884765625,0,0,0,0,7300,2607.14282226563,3910.71441650391,0,1955.35717773438,1303.57141113281,0,0,2607.14282226563,391.071441650391,391.071441650391,0,2216.0714263916,1825,260.714294433594,1238.39282226563,325.892852783203,33762.4990234375,195.535720825195,0,0,0,0,2614.53686523438,0,0,0,0,0,0,0,0,2737.5,985.002014160156,0,0,0,0,0,0,0,0,86266.21875,14868.3056640625
"NGA",3,1,"LSMS-ISA2015",2015,6,29,2930,530,1,290008,1,6083.33349609375,3600,0,0,0,7300,0,0,8400,921.428588867188,0,0,0,0,13035.7138671875,0,19466.666015625,0,0,18297.712890625,0,0,0,0,8342.857421875,0,0,0,7821.4287109375,0,0,0,18250,10950.0002441406,10428.5712890625,0,18249.9997558594,7821.4287109375,1564.28576660156,10950,0,68307.1450195313,6257.14282226563,0,0,0,0,13101.9765625,0,0,0,0,0,0,0,0,0,0,0,0,0,0,0,0,0,608.333312988281,259758.03125,14868.3056640625
"NGA",3,1,"LSMS-ISA2015",2015,6,29,2927,0,1,290009,5,0,0,0,0,0,1946.6666015625,0,0,5900,1216.66674804688,0,0,8516.66640625,0,1668.571484375,0,17033.33203125,0,0,2673.83935546875,0,0,0,0,20465.1356906259,34108.5601239733,1023.25681976634,0,0,3410.85588333348,0,17054.2789666607,5968.99790833527,5457.36952286616,0,0,6821.71186432322,4775.19822479053,170.542800641325,1705.42794166674,0,28992.2750763,4604.65548835924,0,0,0,0,0,0,0,0,6051.63942600153,0,0,0,0,11000.0104043793,19634.0098891734,3711.49244613023,0,0,0,0,1023.25681976634,0,1216.66674804688,216151.109375,14868.3056640625
"NGA",3,1,"LSMS-ISA2015",2015,6,29,2930,530,1,290010,2,0,3000,0,0,4866.66650390625,0,0,0,8300,2630,0,0,0,0,2607.14282226563,0,3650,2500,0,7533.35595703125,0,0,0,0,9845.66505395496,0,0,0,3938.2660278135,0,0,14065.2354084461,14065.2354084461,2813.04712117007,0,0,6751.31328663268,0,0,0,0,9001.75094669164,0,0,0,0,0,14136.7313318878,0,0,0,0,0,0,0,46.3325466340686,8921.3782744873,0,5142.12934695823,0,0,25116.4936774593,0,421.957089991286,0,6083.33349609375,155436.03125,14868.3056640625
"NGA",3,1,"LSMS-ISA2015",2015,6,29,2927,1124,1,290011,6,0,1000,0,0,0,0,0,0,1266.66666666667,194.16667175293,0,0,0,0,0,0,7300,0,0,3450.43139648438,0,0,0,0,5617.3093752237,24341.6740695884,3744.87280786418,0,2808.65468761185,0,0,8425.96357188622,0,2621.4110638282,17975.3905247509,0,8800.45114764245,5991.79662279102,0,0,0,1310.7055319141,561.730953898465,0,0,0,0,0,0,0,0,0,0,0,0,0,0,0,0,0,0,0,0,0,0,912.5,96323.71875,9912.2041015625
"NGA",3,1,"LSMS-ISA2015",2015,6,29,2927,1124,1,290012,3,0,4000,0,0,0,2027.77783203125,0,0,0,869.444396972656,0,0,0,0,0,0,2433.33325195313,433.333343505859,0,14644.8095703125,0,0,0,0,3650,0,1911.90478515625,0,2607.14290364583,0,0,0,3476.1904296875,0,2954.76196289063,0,2085.71427408854,0,521.428588867188,521.428588867188,0,50230.9523111979,1216.66666666667,0,0,0,0,4648.06608072917,0,1911.90478515625,0,0,0,0,0,869.047607421875,0,498.694051106771,869.047607421875,0,0,0,0,347.619059244792,0,0,102729.2734375,9912.2041015625
"NGA",3,1,"LSMS-ISA2015",2015,6,29,2927,1124,1,290013,1,0,3600,0,0,0,1825,0,0,0,200,0,0,0,0,0,0,0,0,0,9444.09375,0,0,0,0,0,0,0,0,3650,0,0,0,0,0,0,0,0,0,0,0,0,75607.142578125,0,0,0,0,0,0,0,0,0,0,0,0,0,0,0,0,0,0,0,0,0,0,0,0,94326.234375,9912.2041015625
"NGA",3,1,"LSMS-ISA2015",2015,6,29,2927,1124,1,290014,6,0,2800,0,0,0,2271.11116536458,0,0,3566.66666666667,575.277770996094,0,0,0,0,2172.61897786458,0,8111.111328125,0,0,3000,0,0,0,0,8603.57161458333,0,1738.09521484375,0,1216.66666666667,0,0,4345.23795572917,6083.33333333333,0,3476.1904296875,0,3476.1904296875,2346.42854817708,0,0,0,25810.7146809896,521.428588867188,0,0,0,0,8734.65104166667,0,1195.8095703125,0,0,0,0,0,0,834.285725911458,781.166422526042,0,0,0,0,0,0,0,3041.66674804688,94702.2109375,9912.2041015625
"NGA",3,1,"LSMS-ISA2015",2015,6,29,2927,1124,1,290015,3,1622.22216796875,6000,0,0,0,1581.66666666667,0,1013.88891601563,5666.66666666667,1234.28576660156,0,0,0,0,6952.380859375,0,28388.888671875,0,0,12000,0,0,0,869.047607421875,9211.90494791667,0,2085.71435546875,0,2954.76204427083,0,0,19119.0481770833,0,3128.57145182292,0,1738.09521484375,7821.42854817708,0,695.238118489583,8516.66666666667,0,11297.6192220052,0,0,0,0,0,4367.32552083333,0,0,0,0,0,0,0,0,6257.14290364583,1232.06754557292,1738.09521484375,6081.087890625,0,0,0,434.523803710938,0,0,152008.328125,9912.2041015625
"NGA",3,1,"LSMS-ISA2015",2015,6,29,2927,1124,1,290016,4,0,1500,0,0,0,1825,0,1520.83337402344,1350,791.190490722656,0,0,0,0,0,0,9125,0,0,4000,0,0,0,0,17778.7840803503,0,23705.0465707178,0,0,0,0,9877.10229247599,0,0,15408.2804405042,4938.55114623799,22717.3357691006,20741.9153255341,0,0,0,25680.4665870382,987.710245947215,0,0,0,0,0,0,0,0,0,0,0,0,0,0,0,0,0,0,0,0,0,0,912.5,162859.703125,9912.2041015625
"NGA",3,1,"LSMS-ISA2015",2015,6,29,2927,0,1,290017,2,2129.16674804688,4500,0,0,0,2433.33325195313,0,0,0,2711.54760742188,0,0,0,0,0,0,7300,0,0,900,0,0,0,0,8342.857421875,0,0,0,0,3128.57153320313,0,0,0,0,11732.142578125,0,2346.42858886719,0,0,0,0,54750,2607.14282226563,0,0,0,0,0,0,0,0,0,0,0,0,0,0,0,0,0,0,0,0,0,0,912.5,103793.6875,9912.2041015625
"NGA",3,1,"LSMS-ISA2015",2015,6,29,2927,1124,1,290018,7,0,4285.71435546875,0,0,0,2607.14285714286,0,0,7171.42857142857,1518.57141113281,0,0,8690.47600446429,0,0,0,12166.666015625,4345.23779296875,0,24384.24609375,0,0,0,0,0,5959.18359375,1489.7958984375,0,1564.28571428571,0,0,7448.97935267857,4469.38783482143,0,0,1489.7958984375,2234.69384765625,2011.22446986607,0,0,0,2532.65311104911,0,0,0,0,5094.58258928571,3743.421875,0,1024.97963169643,0,0,0,0,0,3128.57142857143,2502.85714285714,0,724.873744419643,0,0,6517.85714285714,0,89.3877563476563,0,0,117196.015625,9912.2041015625
"NGA",3,1,"LSMS-ISA2015",2015,6,29,2927,1124,1,290019,1,0,7200,0,0,0,8516.6669921875,0,1216.66662597656,3400,3338.09521484375,0,0,0,0,26071.427734375,0,9733.3330078125,2000,0,36350.77734375,0,0,0,5214.28564453125,0,0,0,0,20857.142578125,5214.28564453125,0,0,0,3128.57153320313,0,5214.28564453125,0,0,0,4692.85693359375,0,119928.5703125,0,0,0,0,0,0,0,0,0,0,0,0,0,0,4380,0,0,0,0,0,0,521.428588867188,0,0,266978.375,9912.2041015625
"NGA",3,1,"LSMS-ISA2015",2015,6,29,2930,1418,1,290021,1,0,0,0,0,0,1460,0,0,0,400,0,0,0,0,0,0,2433.33325195313,0,0,6397.37646484375,0,0,0,0,15642.857421875,0,10428.5712890625,0,0,0,0,0,20857.142578125,5214.28564453125,6257.14306640625,0,5214.28588867188,0,0,0,0,11471.4287109375,0,0,0,13528.95703125,0,0,0,0,0,0,0,0,0,0,2607.14306640625,0,0,0,0,0,0,104.285713195801,0,0,102016.8203125,3823.27856445313
"NGA",3,1,"LSMS-ISA2015",2015,6,29,2930,1418,1,290022,1,0,2400,0,0,0,1216.66662597656,0,0,0,0,0,0,0,0,0,0,12166.6669921875,0,0,70151.1953125,0,0,0,0,0,0,0,0,0,0,0,0,0,0,0,0,0,0,0,0,0,99071.427734375,0,0,0,0,0,0,0,0,8994.642578125,0,0,0,0,0,0,0,0,0,0,0,0,0,0,2433.33325195313,196433.921875,3823.27856445313
"NGA",3,1,"LSMS-ISA2015",2015,6,29,2930,1418,1,290023,6,0,4000,0,0,0,608.333333333333,0,0,1900,43.4523811340332,0,0,10138.888671875,0,0,0,4055.5556640625,5069.4443359375,0,2415.86596679688,0,0,0,0,10428.5716145833,21726.1901041667,0,0,7386.90502929688,0,0,0,2607.14290364583,2172.61905924479,0,2259.52384440104,4345.23803710938,5214.28580729167,0,2607.14282226563,0,33892.8567708333,0,0,0,1718.67553710938,0,0,18705.9173177083,0,0,8567.67594401042,0,0,0,0,4866.66666666667,2359.1513671875,0,0,0,0,0,0,0,0,157090.09375,3823.27856445313
"NGA",3,1,"LSMS-ISA2015",2015,6,29,2930,1418,1,290024,5,0,0,0,243.333325195313,730,1216.66669921875,0,0,9360,912.619018554688,0,0,2433.3333984375,0,11471.42890625,0,14600,0,0,8299.5009765625,0,0,0,0,8134.2859375,3650,2085.7142578125,3128.571484375,3128.571484375,4171.428515625,0,10428.57109375,8342.85703125,1877.14287109375,3545.71435546875,2085.7142578125,4484.2857421875,2294.2857421875,0,1355.71430664063,0,15330.0001953125,1042.85712890625,0,0,0,0,0,0,0,0,0,0,0,0,0,0,0,0,0,0,0,0,260.714282226562,0,730,125343.3125,3823.27856445313
"NGA",3,1,"LSMS-ISA2015",2015,6,29,2930,1418,1,290025,5,0,21600,0,0,0,2433.3333984375,0,1216.66674804688,3520,225.952392578125,0,0,0,0,10428.57109375,0,3893.33325195313,0,0,6149.2470703125,0,0,0,0,6361.4287109375,8342.85703125,3128.571484375,0,3754.28579101562,0,0,834.2857421875,3128.571484375,0,3337.14287109375,0,2607.14282226563,3128.571484375,0,0,0,13139.9998046875,0,0,0,0,0,0,0,0,0,0,0,0,0,0,0,0,0,0,0,0,0,0,0,0,97229.96875,3823.27856445313
"NGA",3,1,"LSMS-ISA2015",2015,6,29,2930,1418,1,290026,10,0,2400,0,608.333349609375,0,73,0,0,0,56.0714302062988,0,0,0,0,0,0,2433.33349609375,0,0,3885.17626953125,0,0,0,521.428564453125,9907.14296875,10428.57109375,730,0,1095,0,0,0,5214.285546875,0,1564.2857421875,0,2190,0,0,0,0,365,0,0,0,0,0,0,0,0,0,0,0,0,0,0,0,0,504.60830078125,0,0,0,0,52.1428565979004,0,0,42028.37109375,3823.27856445313
"NGA",3,1,"LSMS-ISA2015",2015,6,29,2930,1418,1,290027,3,0,0,0,0,0,1946.66666666667,0,0,2133.33333333333,86.9047622680664,0,0,8111.111328125,0,0,0,8111.111328125,6083.33349609375,0,4390.05419921875,0,0,0,0,11819.0481770833,0,3476.1904296875,8690.47591145833,2607.14290364583,0,0,6952.380859375,6952.380859375,0,4866.66666666667,0,6083.33325195313,7647.619140625,0,695.238118489583,0,6952.380859375,1738.09521484375,0,0,0,0,0,791.561442057292,0,0,0,0,0,0,28.6274541219076,0,0,0,0,0,0,0,0,0,0,100163.6484375,3823.27856445313
"NGA",3,1,"LSMS-ISA2015",2015,6,29,2930,1418,1,290028,8,0,750,0,0,228.125,547.5,0,0,2300,220.610122680664,0,0,3041.66674804688,0,0,0,4866.66650390625,0,0,4134.076171875,0,0,0,790.665160679091,5929.98836434493,0,1976.66287045802,0,922.442656700652,0,0,3294.43795274395,3294.43795274395,658.887602900246,724.776381428605,329.443801450123,1844.8853134013,494.165717614505,131.777526719671,329.443801450123,0,1976.66280797861,790.665160679091,0,0,0,0,6909.80467583248,0,0,0,1715.59427275132,0,0,0,0,1383.66398432885,0,0,2305.2554261013,0,0,0,164.721900725061,0,0,52057.03125,3823.27856445313
"NGA",3,1,"LSMS-ISA2015",2015,6,29,2930,1418,1,290029,1,1703.33337402344,12000,0,0,0,2433.33325195313,0,0,4400,2954.76171875,0,0,0,0,0,0,19466.666015625,0,0,25177.59765625,0,0,0,0,0,0,0,0,0,0,0,0,0,0,0,0,0,0,0,0,0,125142.85546875,0,0,0,0,0,0,0,0,0,0,0,0,0,0,0,0,0,0,0,0,0,0,0,0,193278.546875,3823.27856445313
"NGA",3,1,"LSMS-ISA2015",2015,6,29,2930,1418,1,290030,7,0,0,0,1390.47614397321,0,1303.57142857143,0,0,1857.14285714286,626.360534667969,0,0,0,0,0,0,2607.14282226563,0,0,1070.48754882813,0,0,0,0,4022.44893973214,0,4096.93879045759,0,0,0,0,0,7448.97935267857,595.918387276786,1117.34695870536,0,2234.69388253348,2905.10212053571,0,0,0,2458.16326032366,744.89794921875,0,0,0,0,0,0,0,0,0,0,0,0,0,744.898018973214,0,0,0,0,0,0,0,0,0,35224.57421875,3823.27856445313
"NGA",3,1,"LSMS-ISA2015",2015,6,29,2930,1300,1,290031,6,0,1600,0,0,0,912.5,0,6.08333349227905,6300,391.071441650391,0,0,0,0,0,0,6488.88916015625,0,0,2511.11865234375,0,0,0,0,12149.4464641509,0,4815.99691425183,0,1641.81716335155,0,0,8756.35779616607,12039.9921707096,2189.08944904152,2736.36188787231,547.27236226038,3283.63419748248,4925.45130337402,437.817916848437,1094.54472452076,0,5034.90584095602,2681.63470046151,0,0,0,0,0,0,0,0,0,0,0,0,0,0,0,0,0,0,0,0,0,0,0,80543.984375,4885.30029296875
"NGA",3,1,"LSMS-ISA2015",2015,6,29,2930,1300,1,290032,2,0,3000,0,0,0,912.5,0,3041.66674804688,2150,1169.76196289063,0,0,1825,0,0,0,7300,0,0,8742.705078125,0,0,0,0,4692.85693359375,6517.85693359375,0,0,0,0,0,0,0,0,3650,0,2867.85717773438,2607.14282226563,0,0,0,42235.7143554688,2867.85711669922,0,0,0,0,0,0,0,0,0,0,0,0,0,0,748.041076660156,0,0,0,0,0,65.1785736083984,0,0,94394.1328125,4885.30029296875
"NGA",3,1,"LSMS-ISA2015",2015,6,29,2930,1300,1,290033,1,0,24000,0,0,0,3650,0,0,0,260.714294433594,0,0,0,0,0,0,0,0,0,20702.587890625,0,0,0,0,0,0,0,0,7821.4287109375,0,0,0,0,0,0,0,0,0,0,0,0,52142.857421875,0,0,0,0,11584.4970703125,13579.4716796875,10415.822265625,0,0,0,0,0,5013.736328125,0,14600,0,11902.1737060547,10046.12109375,0,0,0,6598.44140625,0,0,192317.859375,4885.30029296875
"NGA",3,1,"LSMS-ISA2015",2015,6,29,2930,1300,1,290034,5,0,2400,0,0,0,3163.3333984375,0,0,480,0,0,0,0,0,0,0,0,0,0,3013.34228515625,0,0,0,0,0,0,0,0,730,0,0,4171.428515625,7508.57109375,0,2920,0,1251.42856445313,0,0,0,0,1042.85712890625,312.857153320312,0,0,0,4633.798828125,9615.04765625,0,0,0,0,0,0,3282.435546875,625.7142578125,1095,0,841.01376953125,3075.7767578125,0,2309.18374023437,0,0,0,0,52471.7890625,4885.30029296875
"NGA",3,1,"LSMS-ISA2015",2015,6,29,2930,0,1,290035,5,0,1200,0,0,0,2433.3333984375,0,0,0,0,0,0,0,0,0,0,3650,0,0,1440,0,0,0,0,3441.428515625,0,5005.714453125,0,3128.571484375,0,0,5214.285546875,0,0,521.428564453125,1042.85712890625,3649.99995117188,4692.85703125,0,3232.85712890625,0,2085.7142578125,1042.85712890625,0,0,0,0,0,0,0,0,0,0,0,0,0,0,0,0,0,0,0,0,0,0,0,41781.90234375,4885.30029296875
"NGA",3,1,"LSMS-ISA2015",2015,6,29,2930,1300,1,290036,4,3406.66674804688,4500,0,0,0,5110,0,0,11750,4767.26171875,0,0,0,0,0,0,19466.666015625,0,0,7976.02734375,0,0,0,1303.57141113281,20857.142578125,5866.0712890625,7821.42834472656,0,2737.5,5214.28564453125,0,22160.71484375,16946.4287109375,9516.0712890625,3389.28564453125,1955.35711669922,8082.14288330078,11732.142578125,0,3128.57141113281,0,28678.5720214844,6257.14288330078,0,0,0,0,0,0,0,0,0,0,0,0,0,0,3584.82104492188,0,0,0,0,0,0,0,304.166656494141,216512.0625,4885.30029296875
"NGA",3,1,"LSMS-ISA2015",2015,6,29,2930,1300,1,290037,7,0,857.142883300781,0,0,0,1460,0,0,2742.85714285714,624.489807128906,0,0,0,0,0,0,5214.28564453125,0,0,1028.57141113281,0,0,0,389.576808754848,7713.62108632507,6233.22894007756,0,0,467.492192408391,0,0,4674.92184944827,6233.22894007756,779.153617509695,2882.86839249349,389.576808754848,5064.49858722836,1168.73046236207,311.66146119883,311.66146119883,0,20647.5708076757,2337.46085496967,0,0,0,0,0,0,0,0,0,0,0,0,0,0,0,0,0,0,0,0,0,0,0,71532.6015625,4885.30029296875
"NGA",3,1,"LSMS-ISA2015",2015,6,29,2930,1300,1,290038,6,0,1000,0,0,811.111083984375,892.222249348958,0,0,3833.33333333333,266.666656494141,0,0,20277.77734375,0,0,0,20277.77734375,450,0,5317.3515625,0,0,0,536.667531452106,3649.33943075065,3220.00528729279,2576.00426926629,0,7513.34553890963,0,0,0,7513.34553890963,1341.66880398523,3005.33821556385,1073.33506290421,3756.67272876471,1610.00264364639,0,268.333765726053,0,7513.34537614922,536.667531452106,0,0,0,0,0,0,1109.82843731091,0,0,0,0,0,0,2254.00366167289,0,1038.71137275381,0,0,0,0,0,0,2027.77783203125,103670.6328125,4885.30029296875
"NGA",3,1,"LSMS-ISA2015",2015,6,29,2930,1300,1,290039,4,0,9000,0,0,0,2433.33325195313,0,0,3150,65.1785736083984,0,0,3041.66674804688,0,0,0,6083.33349609375,0,0,3000,0,0,0,0,7821.4287109375,65178.5703125,3910.71435546875,4301.78564453125,3910.71435546875,3910.71435546875,0,6517.85693359375,6517.85693359375,0,13035.7138671875,0,4562.49993896484,14600,0,16685.7143554688,0,6517.85693359375,7821.4287109375,0,0,0,0,0,0,0,0,0,0,0,0,0,0,0,0,0,0,0,0,4948.8310546875,0,0,197015.203125,4885.30029296875
"NGA",3,1,"LSMS-ISA2015",2015,6,29,2930,1300,1,290040,8,0,750,0,0,0,3041.66674804688,0,0,500,200,0,0,0,0,0,0,9125,500,0,900,0,0,0,651.785705566406,5377.23193359375,0,1955.35717773438,0,3910.71435546875,0,0,0,0,0,1825,0,1629.46426391602,2346.42846679688,0,0,0,26071.4284667969,0,0,0,0,0,0,0,0,0,0,0,0,0,0,0,0,0,0,0,0,0,1253.50240707397,0,0,60037.58203125,4885.30029296875
"NGA",3,1,"LSMS-ISA2015",2015,6,29,2909,220,0,290042,1,0,12000,0,0,0,2676.66674804688,0,0,0,0,0,0,6083.33349609375,0,0,0,19466.666015625,0,0,22105.884765625,0,0,0,0,0,73000,0,0,0,0,0,0,15642.857421875,13035.7138671875,0,0,13035.7141113281,0,0,33892.8576660156,0,18250,0,0,0,0,0,0,0,0,0,0,0,0,0,0,14600,15048.8271484375,0,10046.12109375,0,0,0,3299.220703125,0,0,272183.875,3068.06323242188
"NGA",3,1,"LSMS-ISA2015",2015,6,29,2909,220,0,290043,3,0,3200,0,0,0,1013.88891601563,0,0,2666.66666666667,0,0,0,4055.5556640625,0,0,0,4055.5556640625,0,0,3200,0,0,0,0,78214.2864583333,43452.3802083333,8690.47591145833,0,0,6952.380859375,0,0,6952.380859375,1738.09521484375,9385.71419270833,1738.09521484375,5214.28564453125,4345.23795572917,0,11297.6184895833,0,13904.76171875,1042.85717773438,0,0,0,0,0,0,0,0,0,0,0,0,0,24333.3333333333,0,0,0,0,0,0,0,0,0,235453.578125,3068.06323242188
"NGA",3,1,"LSMS-ISA2015",2015,6,29,2909,220,0,290044,1,6144.16650390625,12000,0,0,0,2433.33325195313,0,0,16000,0,0,0,0,0,1042.85717773438,0,19466.666015625,0,0,8122.43408203125,0,0,0,0,3650,0,0,0,0,0,0,0,0,7300,2607.14282226563,0,3650,0,2085.71435546875,12775,0,203357.143554688,1564.28576660156,0,0,0,0,0,0,0,0,0,0,0,0,0,0,0,0,0,0,0,0,0,0,1216.66662597656,303415.375,3068.06323242188
"NGA",3,1,"LSMS-ISA2015",2015,6,29,2909,220,0,290045,1,0,6000,0,0,0,5840,0,0,3000,243.33332824707,0,0,0,0,0,0,9733.3330078125,0,0,4756.12646484375,0,0,0,0,0,15642.857421875,0,0,3650,0,0,20857.142578125,15642.857421875,6257.14306640625,0,0,4171.4287109375,0,0,2085.71435546875,0,2607.14282226563,3128.57153320313,0,0,0,15718.5732421875,13579.4716796875,0,0,0,0,0,0,0,0,5110,0,2523.04150390625,15378.8837890625,0,0,0,3299.220703125,0,0,159224.8125,3068.06323242188
"NGA",3,1,"LSMS-ISA2015",2015,6,29,2909,220,0,290046,3,0,6000,0,0,0,811.111083984375,0,0,0,898.015869140625,0,0,0,0,0,0,2433.33325195313,0,0,1592.79357910156,0,0,0,0,5561.90494791667,4345.23795572917,7647.619140625,0,0,0,0,0,5214.28580729167,1564.28572591146,2433.33333333333,0,3128.57153320313,2172.61897786458,0,695.238118489583,0,9038.09521484375,521.428588867188,0,0,0,0,0,2916.279296875,0,0,0,0,0,0,0,0,4473.57853190104,193.646484375,0,0,0,0,0,0,0,61641.375,3068.06323242188
"NGA",3,1,"LSMS-ISA2015",2015,6,29,2909,220,0,290047,4,0,0,0,0,0,1460,0,0,1150,958.333312988281,0,0,0,0,2607.14282226563,0,6691.66650390625,0,0,6133.9189453125,0,0,0,0,0,9125,0,0,912.5,0,0,3910.71435546875,3128.57153320313,0,1433.92858886719,0,1694.64288330078,0,0,0,0,1694.64282226563,0,0,0,0,4344.1865234375,6880.91748046875,2050.71203613281,0,0,0,0,0,6154.56640625,1825,1825,0,1152.18890380859,5100.48608398438,0,1564.28576660156,0,5540.17849731445,0,1520.83337402344,78859.421875,3068.06323242188
"NGA",3,1,"LSMS-ISA2015",2015,6,29,2909,220,0,290048,1,0,0,0,0,0,0,0,0,4500,0,0,0,0,0,0,0,12166.6669921875,0,0,6873.470703125,0,0,0,0,0,161642.85546875,0,0,0,10428.5712890625,0,26071.427734375,10428.5712890625,18250,0,2607.14282226563,13035.7141113281,34414.28515625,0,36500,0,7821.4287109375,3128.57153320313,0,0,0,0,0,0,0,0,0,0,0,0,0,73000,0,0,0,0,0,0,0,0,0,420868.6875,3068.06323242188
"NGA",3,1,"LSMS-ISA2015",2015,6,29,2909,220,0,290049,6,0,3000,0,0,0,8212.5,0,0,5016.66666666667,1019.68255615234,0,0,1013.88891601563,0,3910.71419270833,0,6083.33349609375,0,0,5689.48876953125,0,0,0,0,13904.76171875,0,10602.3805338542,0,0,0,0,6952.380859375,4345.23795572917,2780.95239257813,3302.38094075521,869.047607421875,4345.23811848958,7821.42838541667,869.047607421875,1564.28564453125,0,26679.7620442708,869.047607421875,0,0,0,0,0,0,0,0,0,0,0,0,0,0,0,0,0,0,0,0,434.523803710938,0,202.777770996094,119489.53125,3068.06323242188
"NGA",3,1,"LSMS-ISA2015",2015,6,29,2909,220,0,290050,1,0,8400,0,0,0,7300,0,0,3400,400,0,0,0,0,0,0,0,0,0,22458.349609375,0,0,0,0,0,0,0,2085.71435546875,0,0,0,20857.142578125,10428.5712890625,12514.2861328125,0,0,7300.00012207031,0,0,4171.4287109375,0,26071.4282226563,0,0,0,0,0,13579.4716796875,0,21038.599609375,0,4525.60693359375,0,0,30772.830078125,0,5110,0,1513.82495117188,12815.7373046875,0,0,0,13979.4182739258,0,2433.33325195313,231155.734375,3068.06323242188
"NGA",3,1,"LSMS-ISA2015",2015,6,29,2918,952,1,290052,4,0,3000,0,0,0,5231.66650390625,0,0,2700,1336.84521484375,0,0,0,0,3128.57153320313,0,3041.66674804688,0,0,4500,0,0,0,0,3910.71435546875,0,0,0,2607.14282226563,0,0,3910.71435546875,2607.14282226563,4692.85717773438,2867.85717773438,1303.57141113281,3650,1173.21423339844,0,1564.28576660156,0,29591.0709228516,912.5,0,0,0,0,13579.4716796875,212.687973022461,0,0,0,0,0,0,0,0,0,0,0,0,0,0,104.285713195801,0,4562.5,100188.7578125,6726.13818359375
"NGA",3,1,"LSMS-ISA2015",2015,6,29,2918,952,1,290053,2,0,5760,0,0,0,25550,0,608.333312988281,19500,2286.48803710938,0,0,12166.6669921875,1825,6517.85693359375,0,54750,95000,0,18000,0,0,0,0,7821.4287109375,0,0,0,3910.71435546875,0,0,13035.7138671875,13035.7138671875,1303.57141113281,1564.28576660156,0,10428.5715332031,0,1825,2085.71435546875,0,18250.0002441406,2085.71435546875,0,0,2794.77807617188,18338.333984375,13101.9765625,1701.50378417969,2607.14282226563,0,3025.27001953125,0,0,0,36500,3650,3940.00805664063,1009.21655273438,5701.01953125,0,6517.85693359375,0,651.785705566406,0,3041.66674804688,419891.3125,6726.13818359375
"NGA",3,1,"LSMS-ISA2015",2015,6,30,3002,0,1,290056,5,0,9600,6813.33359375,0,0,851.66669921875,0,0,76000,7727.61962890625,0,0,36500,0,0,0,77866.671875,38933.3359375,0,80000,0,0,0,1598.52428715657,0,0,0,0,10656.8280530909,10656.8280530909,18116.6087251024,53284.1410680632,15985.242459582,0,2877.34373534514,12788.1941019401,6926.93841135826,0,0,5648.11916382188,0,0,3197.04857431314,0,0,0,18649.4496735069,16056.4001695361,5069.45532216004,11083.1016925482,0,8445.03445447771,0,0,0,14280.1490736276,19288.8591668097,1598.52428715657,2138.47006390532,13001.9751774785,10758.783247837,5550.43109550023,0,25.576387254787,0,4866.6669921875,606841.4375,6726.13818359375
"NGA",3,1,"LSMS-ISA2015",2015,6,29,2918,0,1,290057,5,0,4800,0,0,0,8516.66640625,0,243.33332824707,4600,1746.90466308594,0,0,0,0,10428.57109375,0,14600,80,0,12000,0,0,0,0,4380,12514.2859375,3128.571484375,0,6257.14296875,0,0,0,6257.14296875,2085.7142578125,5110,1564.2857421875,3128.57138671875,4380,834.2857421875,521.428564453125,0,110334.286328125,3337.14296875,0,0,0,0,0,0,1147.14287109375,0,0,0,0,0,0,0,521.428564453125,1293.14287109375,0,0,0,0,375.428564453125,0,1216.66674804688,225402.140625,6726.13818359375
"NGA",3,1,"LSMS-ISA2015",2015,1,37,3706,0,1,290058,2,2433.33325195313,3900,0,0,0,3650,0,0,4500,4094.04760742188,0,0,0,0,20857.142578125,0,18250,0,0,18000,0,0,3128.57153320313,0,9125,0,0,0,6517.85693359375,0,0,0,3910.71435546875,0,0,0,6257.14282226563,0,0,5475,0,15642.8569335938,0,0,0,0,0,2464.89721679688,1892.0087890625,0,0,10428.5712890625,0,0,0,10645.833984375,3267.61901855469,0,0,3867.7392578125,1143.35595703125,0,0,328.5,0,18250,178030.1875,6726.13818359375
"NGA",3,1,"LSMS-ISA2015",2015,6,29,2918,952,1,290060,5,1216.66674804688,7200,0,0,0,2190,0,0,0,4281.4287109375,0,0,48666.665625,19466.6671875,0,0,14600,12166.666015625,0,34137.9453125,0,0,0,0,52142.85625,41714.28671875,11471.42890625,0,0,0,0,0,4692.85703125,0,4692.85703125,0,5214.2857421875,6882.85703125,0,0,0,0,6778.57153320313,0,0,0,0,0,0,0,0,0,16685.7140625,0,0,0,0,0,0,0,0,0,0,0,0,0,294201.78125,6726.13818359375
"NGA",3,1,"LSMS-ISA2015",2015,6,29,2905,384,1,290061,1,0,0,0,0,0,0,0,0,0,0,0,0,0,0,0,0,0,0,0,9308.625,0,0,0,0,15642.857421875,0,0,0,0,0,0,0,0,0,0,0,13035.7141113281,0,0,0,0,36500,0,0,0,0,0,41103.1416015625,4374.4189453125,0,0,0,0,26071.427734375,4010.9892578125,14600,73000,0,0,20092.2421875,0,0,0,3299.220703125,0,0,261038.65625,5097.705078125
"NGA",3,1,"LSMS-ISA2015",2015,6,29,2905,384,1,290062,4,0,0,0,0,0,1460,0,0,5125,4175,0,0,12166.6669921875,0,22160.71484375,0,24333.333984375,200,0,2900.14233398438,0,0,0,0,24428.9406555669,0,0,0,5181.89637132757,0,0,12337.8479725121,0,0,0,0,4935.13935693461,0,0,0,0,12337.8486136582,15052.174566121,0,0,0,0,15760.6580624103,9255.50568802893,3948.11174200615,0,24099.0362329134,0,59980.9282282842,1850.67704323352,0,11021.811447703,9582.14423458022,8007.00384280295,5395.81600900777,0,0,0,2743.86026305305,0,1064.58337402344,299504.84375,5097.705078125
"NGA",3,1,"LSMS-ISA2015",2015,6,29,2905,384,1,290063,2,5475,0,0,0,0,6083.33349609375,0,0,0,608.333312988281,0,0,0,0,5214.28564453125,0,3650,0,0,13068.75,0,0,0,0,0,0,0,0,0,0,0,13035.7138671875,7821.4287109375,7300,5214.28576660156,1303.57141113281,8082.14306640625,0,1042.85717773438,2085.71435546875,0,21378.5712890625,0,0,0,0,5792.24853515625,13579.4716796875,1503.90966796875,0,0,0,0,0,0,0,1738.09533691406,0,147.360244750977,5023.060546875,0,0,0,260.714294433594,0,0,129408.8515625,5097.705078125
"NGA",3,1,"LSMS-ISA2015",2015,1,23,2309,0,0,290064,3,0,2000,0,0,2433.33333333333,2433.33333333333,3650,0,11000,3688.25390625,0,0,0,0,52142.859375,0,8111.111328125,20000,0,6000,0,4373.13825020124,0,0,19679.1219631452,17492.553000805,0,0,10932.8454627427,0,0,0,10932.8454627427,5247.76619915875,10276.8751114585,4373.13825020124,6122.39380037087,15305.9842456743,0,3279.85382083352,0,2186.56912510062,1311.94154978969,0,0,0,0,24080.5542972926,0,0,0,0,0,0,0,0,0,0,0,0,0,0,0,0,0,6083.33349609375,253137.78125,5097.705078125
"NGA",3,1,"LSMS-ISA2015",2015,6,29,2905,384,1,290065,4,0,6000,0,0,0,1946.66662597656,0,0,2450,2837.5,0,0,0,0,2607.14282226563,0,21291.666015625,50,0,2020.89685058594,0,0,0,651.785705566406,8342.857421875,6517.85693359375,3910.71435546875,0,1825,1303.57141113281,0,3910.71435546875,3258.92846679688,1303.57141113281,9516.07159423828,1303.57141113281,3910.71423339844,2867.85717773438,260.714294433594,3389.28576660156,0,2737.5,2867.85717773438,0,0,0,0,3394.86791992188,0,3910.71435546875,0,0,0,0,0,0,0,0,0,3844.72094726563,0,0,0,32.5892868041992,0,0,108265.328125,5097.705078125
"NGA",3,1,"LSMS-ISA2015",2015,6,29,2905,384,1,290066,7,0,3428.57153320313,0,0,0,2085.71428571429,0,0,3057.14285714286,595.442199707031,0,0,869.047642299107,0,2234.69391741071,0,6952.38134765625,0,0,2212.38720703125,0,0,0,0,7151.02064732143,13780.6121651786,2234.69391741071,0,0,0,0,3724.48981584821,6704.08147321429,2383.67347935268,2979.59186662946,0,744.89794921875,3501.02036830357,595.918387276786,297.959193638393,0,33892.8566545759,372.448974609375,0,0,5461.89397321429,0,0,1874.7509765625,0,0,0,0,0,0,0,620.748325892857,1791.52678571429,1489.7958984375,0,0,0,0,0,0,0,111037.359375,5097.705078125
"NGA",3,1,"LSMS-ISA2015",2015,6,29,2905,384,1,290067,1,0,24000,0,0,0,2433.33325195313,0,0,0,0,0,0,12166.6669921875,0,0,0,12166.6669921875,0,0,13170.1630859375,0,0,0,0,15642.857421875,31285.71484375,15642.857421875,0,0,0,0,0,10428.5712890625,0,7821.4287109375,0,13035.7141113281,18250,0,0,0,52142.857421875,3128.57153320313,0,0,0,0,20916.294921875,0,0,0,40895.142578125,0,0,0,0,0,0,0,0,0,0,0,0,0,0,293126.8125,5097.705078125
"NGA",3,1,"LSMS-ISA2015",2015,6,29,2905,384,1,290068,1,0,18000,0,0,0,1825,0,0,0,1216.66662597656,0,0,0,0,0,0,0,0,0,5816.39013671875,0,0,0,0,31285.71484375,0,0,0,0,0,0,0,10428.5712890625,0,0,0,10428.5712890625,0,0,0,0,33892.857421875,0,0,0,0,0,8664.7744140625,12031.27734375,0,0,0,0,0,0,0,73000,0,0,22942.857421875,0,0,0,0,0,0,229532.703125,5097.705078125
"NGA",3,1,"LSMS-ISA2015",2015,6,29,2905,384,1,290069,3,0,1200,0,0,0,1825,0,0,16933.3333333333,1796.03173828125,0,0,6083.33333333333,0,8690.47591145833,0,32444.4453125,0,0,4666.66650390625,0,0,0,1738.09521484375,16685.71484375,19988.095703125,2433.33333333333,0,0,3476.1904296875,0,0,15990.4760742188,3823.8095703125,6778.57145182292,3476.1904296875,9559.52408854167,13557.1429036458,869.047607421875,2085.71435546875,0,50926.19140625,2433.33325195313,0,0,0,0,0,0,0,0,0,0,0,0,0,0,0,0,0,0,0,0,0,0,4728.77783203125,232189.453125,5097.705078125
"NGA",3,1,"LSMS-ISA2015",2015,6,29,2905,384,1,290070,6,0,3000,0,0,0,304.166666666667,0,0,0,0,0,0,60833.3333333333,56777.7760416667,0,12166.6666666667,8111.111328125,223055.5625,0,4765.5703125,0,0,0,4345.23795572917,8603.57161458333,4345.23795572917,6952.380859375,0,0,0,0,6083.33333333333,4345.23795572917,2607.14290364583,4171.42854817708,3476.1904296875,3041.66662597656,4345.23795572917,0,0,0,10428.5712890625,0,0,0,0,0,0,0,0,0,0,0,0,0,0,12166.6666666667,0,0,0,0,0,0,0,0,1013.88891601563,444939.9375,5097.705078125
"NGA",3,1,"LSMS-ISA2015",2015,6,29,2905,1096,1,290071,3,0,0,0,0,0,5840,0,405.555541992188,1800,86.9047622680664,0,0,0,0,4345.23795572917,0,9733.3330078125,0,0,41929.94140625,0,0,0,0,15642.8567708333,0,0,0,0,0,0,8690.47591145833,5214.28580729167,0,0,869.047607421875,11297.619140625,5214.28580729167,2433.33333333333,0,0,11471.4287109375,2607.14294433594,0,0,0,0,0,2916.279296875,2433.33333333333,0,0,0,0,0,0,4866.66666666667,0,0,0,0,0,0,0,0,2027.77783203125,139825.515625,2360.04858398438
"NGA",3,1,"LSMS-ISA2015",2015,6,29,2905,1096,1,290072,2,0,0,0,0,0,0,0,0,0,0,0,0,0,0,0,0,2433.33325195313,0,0,3000,0,0,0,0,13070.1243276079,0,4084.41364225495,0,0,0,0,0,10211.0340716193,0,6126.62067350495,0,10211.0341936896,13070.1243276079,0,0,0,6126.62067350495,2450.64831142648,0,0,0,0,0,0,0,0,0,0,0,0,0,0,0,0,0,0,0,0,0,0,0,70783.953125,2360.04858398438
"NGA",3,1,"LSMS-ISA2015",2015,6,29,2905,1096,1,290073,4,3.04166674613953,15000,0,0,0,6083.33349609375,0,0,9050,2302.97631835938,0,0,6083.33349609375,0,10428.5712890625,0,7300,0,0,42672.4296875,0,0,0,0,12514.2861328125,26071.427734375,14339.2856445313,0,0,0,0,15642.8569335938,5214.28564453125,4301.78564453125,5214.28576660156,651.785705566406,4953.57144165039,6908.9287109375,651.785705566406,1564.28576660156,0,69871.427734375,1303.57141113281,0,0,0,0,0,0,0,0,0,0,0,0,0,0,1254.06884765625,0,0,0,0,0,651.785705566406,0,1368.75,271401.84375,2360.04858398438
"NGA",3,1,"LSMS-ISA2015",2015,6,29,2905,1096,1,290074,1,0,0,0,0,0,9733.3330078125,0,0,0,0,0,0,0,0,0,0,0,5000,0,5406.69970703125,0,0,0,0,0,0,0,3128.57153320313,0,0,0,0,0,0,0,0,0,0,0,0,0,136614.28515625,0,0,0,0,0,0,0,0,0,0,0,0,32824.35546875,0,3650,0,5451.04931640625,0,0,0,0,3550.84698486328,0,0,205359.140625,2360.04858398438
"NGA",3,1,"LSMS-ISA2015",2015,6,29,2905,1096,1,290075,6,0,5800,0,202.777770996094,0,6083.33333333333,0,0,12466.6666666667,966.865051269531,0,0,0,0,8690.47591145833,0,23522.220703125,0,0,4426.86865234375,0,0,0,0,8342.857421875,8690.47591145833,1738.09521484375,0,0,1738.09521484375,3476.1904296875,1738.09521484375,6952.380859375,2954.76196289063,3389.28572591146,1129.76192220052,4432.14286295573,1998.8095703125,347.619059244792,1564.28564453125,0,49101.1909179688,955.952392578125,0,0,0,0,0,0,0,0,0,0,0,0,0,0,0,0,0,0,0,0,0,0,0,160709.203125,2360.04858398438
"NGA",3,1,"LSMS-ISA2015",2015,6,29,2905,1096,1,290077,1,0,6000,0,0,0,8760,0,0,5400,2160,0,0,0,0,4692.85693359375,0,19466.666015625,0,0,18297.712890625,0,0,0,0,0,20857.142578125,0,0,0,0,0,15642.857421875,7821.4287109375,1042.85717773438,0,0,7821.42883300781,15642.857421875,0,2085.71435546875,0,10950,2607.14282226563,0,0,0,13098.8095703125,16652.1284179688,0,15997.4282226563,0,0,0,0,2393.44262695313,0,5110,6710.36779785156,0,11402.0390625,0,0,0,2899.06127929688,0,6083.33349609375,229595.28125,2360.04858398438
"NGA",3,1,"LSMS-ISA2015",2015,6,29,2905,1096,1,290078,1,0,36000,0,0,0,2433.33325195313,0,0,5400,0,0,0,0,19466.666015625,0,0,12166.6669921875,0,0,18297.712890625,0,0,0,10428.5712890625,50057.14453125,125142.853515625,10428.5712890625,15642.857421875,0,15642.857421875,0,15642.857421875,20857.142578125,7821.4287109375,26071.427734375,0,10428.5712890625,31285.71484375,0,37542.85546875,0,28678.5712890625,8342.857421875,0,0,0,0,0,0,0,0,0,0,0,0,0,73000,0,0,0,0,0,0,8697.18359375,0,0,589475.8125,2360.04858398438
"NGA",3,1,"LSMS-ISA2015",2015,6,29,2905,1096,1,290079,1,0,18000,0,0,0,0,0,0,0,0,0,0,0,0,0,0,0,0,0,8712.2802734375,0,0,0,0,16685.71484375,0,0,0,0,0,0,10428.5712890625,10428.5712890625,4692.85693359375,0,0,7821.42846679688,0,0,0,0,10428.5712890625,3128.57153320313,0,0,0,18338.333984375,40738.4140625,6015.638671875,0,0,0,0,0,0,0,73000,0,5074.1162109375,0,0,0,0,0,0,0,233493.046875,2360.04858398438
"NGA",3,1,"LSMS-ISA2015",2015,6,29,2905,1096,1,290080,3,0,0,0,0,0,4866.66666666667,0,0,4866.66666666667,2375.39672851563,0,0,0,0,3128.5712890625,0,14600,0,0,8916.2880859375,0,0,0,0,11123.8098958333,26940.4765625,10428.5712890625,0,0,0,0,3476.1904296875,8690.47607421875,4171.42854817708,4519.04768880208,0,7995.23819986979,3823.8095703125,695.238118489583,1042.85717773438,0,7995.23811848958,1911.90478515625,0,0,0,0,0,0,0,0,2016.8466796875,0,0,0,0,579.365112304688,6461.02075195313,0,0,0,0,0,0,0,2636.11108398438,143261.203125,2360.04858398438
"NGA",3,1,"LSMS-ISA2015",2015,6,29,2910,350,1,290081,3,0,2000,0,0,0,0,0,0,5533.33333333333,866.666687011719,0,0,0,0,0,0,8111.111328125,0,0,10634.703125,0,0,0,0,0,0,1738.09521484375,0,3476.1904296875,0,0,0,3476.1904296875,1390.47623697917,0,0,5214.28564453125,0,0,2433.33333333333,0,13904.76171875,0,0,0,0,6986.03190104167,13382.7171223958,0,0,0,0,0,0,16412.1770833333,0,2920,0,1401.68961588542,3800.6796875,0,0,0,121.666666666667,0,1622.22216796875,105426.328125,2336.44799804688
"NGA",3,1,"LSMS-ISA2015",2015,6,29,2910,350,1,290082,4,0,6000,0,0,0,10950,0,0,6350,502.083312988281,0,0,13687.5,0,6517.85693359375,0,9125,0,0,7336.80419921875,0,0,0,0,0,0,0,0,2607.14282226563,0,0,6517.85693359375,13035.7138671875,0,0,1303.57141113281,4562.5,0,0,1564.28570556641,0,0,2085.71435546875,0,0,0,5239.52392578125,22294.595703125,2126.87963867188,0,0,0,0,0,0,0,2972.14288330078,3061.06518554688,1051.26721191406,1140.20397949219,0,0,0,195.535720825195,0,2980.83349609375,133208.078125,2336.44799804688
"NGA",3,1,"LSMS-ISA2015",2015,6,29,2910,350,1,290083,4,0,7500,0,0,0,1825,0,0,1750,752.083312988281,0,0,6083.33349609375,0,5214.28564453125,1977.08337402344,10950,425,0,8517.7431640625,0,0,0,0,9125,0,6517.85693359375,10037.5002441406,5214.28564453125,2607.14282226563,0,2607.14282226563,2607.14282226563,0,0,1042.85717773438,3258.92858886719,6778.5712890625,0,0,0,18901.7858886719,1955.35717773438,0,0,0,0,6972.09912109375,0,1303.57141113281,0,0,0,0,0,2172.619140625,2737.5,1629.46423339844,2312.78796386719,0,0,3258.92846679688,0,325.892852783203,0,0,136360.96875,2336.44799804688
"NGA",3,1,"LSMS-ISA2015",2015,6,29,2910,350,1,290084,5,0,3600,0,0,0,1703.3333984375,0,0,3880,4967.85693359375,0,0,2190,0,0,0,14600,1000,0,8400,0,0,0,2085.7142578125,6674.2859375,11471.428515625,2085.7142578125,0,2085.7142578125,2085.7142578125,0,10428.5712890625,4171.428515625,7300.00009765625,2920,1042.85712890625,3128.57143554687,0,0,3858.571484375,0,11471.428515625,0,0,0,0,0,0,0,1042.85712890625,0,0,0,0,0,0,0,521.428564453125,336.405517578125,3192.57109375,0,4562.49921875,0,208.571435546875,0,1581.66674804688,122597.1875,2336.44799804688
"NGA",3,1,"LSMS-ISA2015",2015,6,29,2910,350,1,290085,2,0,39107.14453125,0,0,0,0,0,0,0,60.8333320617676,0,0,0,0,0,0,3650,2000,0,9000,0,0,0,0,8342.857421875,7821.4287109375,2607.14282226563,0,0,0,0,0,0,0,0,0,4171.42852783203,7821.4287109375,0,0,0,0,0,0,0,0,0,0,0,0,0,0,0,0,0,0,875.999938964844,0,0,0,0,0,0,0.312857151031494,0,9125,94583.578125,2336.44799804688
"NGA",3,1,"LSMS-ISA2015",2015,6,29,2910,0,1,290086,6,0,1000,0,0,405.555541992188,1318.05558268229,0,0,2000,996.627014160156,3041.66674804688,0,3041.66666666667,0,0,0,4055.5556640625,150,0,4000,0,0,0,0,5648.80924479167,10428.5716145833,1738.09521484375,4779.76204427083,3910.71419270833,1738.09521484375,0,9559.52376302083,5214.28580729167,0,2607.14290364583,0,4779.76188151042,6083.33333333333,434.523803710938,608.333333333333,0,42409.5227864583,608.333333333333,0,0,0,0,0,0,955.952392578125,0,0,0,0,0,3005.88248697917,0,0,0,4554.80631510417,0,2715.77376302083,0,208.571431477865,0,0,131998.90625,2336.44799804688
"NGA",3,1,"LSMS-ISA2015",2015,6,29,2910,350,1,290087,2,0,7200,0,0,0,3650,0,3041.66674804688,0,3112.5,0,0,0,0,0,0,36500,3000,0,124742.0859375,0,0,0,0,0,113855.168998715,9900.44981317007,0,19800.8996263401,0,0,39601.7992526803,0,0,14850.6751068129,0,24751.1253278875,69303.149466306,0,69303.149466306,0,0,0,0,0,0,24870.9244733388,0,0,0,0,0,0,0,0,0,0,0,0,0,0,0,0,1.18805398273568,0,0,567484.75,2336.44799804688
"NGA",3,1,"LSMS-ISA2015",2015,6,29,2910,350,1,290088,7,0,6857.14306640625,11297.6194196429,0,0,0,0,1738.09533691406,0,1564.28576660156,6952.38134765625,0,26071.4285714286,7821.42857142857,0,0,27809.525390625,16511.904296875,0,66274.0234375,0,0,0,1489.7958984375,0,37244.8973214286,0,0,7821.42857142857,0,0,18622.4483816964,7448.97935267857,2234.69391741071,0,3352.04073660714,6331.63267299107,0,744.89794921875,2085.71421595982,0,38362.2444196429,1191.83677455357,0,0,0,11887.3604910714,7486.84375,0,2979.591796875,0,0,0,0,0,7300.00055803571,8938.77566964286,0,1449.74748883929,7166.99609375,0,5586.73493303571,0,186.224487304688,0,0,352810.71875,2336.44799804688
"NGA",3,1,"LSMS-ISA2015",2015,6,29,2910,350,1,290089,2,0,3000,0,0,0,2737.5,0,0,1200,300,0,0,0,0,5735.71435546875,0,1216.66662597656,400,0,11764.5732421875,0,0,0,0,6257.14306640625,0,2085.71435546875,0,2607.14282226563,0,0,0,5214.28564453125,0,2867.85717773438,0,7821.42846679688,5214.28564453125,0,782.142883300781,0,106110.716064453,1825,0,0,0,0,12795.1997070313,0,2607.14282226563,0,0,0,0,0,0,2190,1303.57141113281,0,0,0,3724.48999023438,0,521.428588867188,0,304.166656494141,190586.1875,2336.44799804688
"NGA",3,1,"LSMS-ISA2015",2015,6,29,2910,350,1,290090,3,0,3200,0,0,0,3244.4443359375,0,0,1333.33333333333,1463.57141113281,0,0,0,0,3476.1904296875,0,6488.888671875,800,0,15766.8681640625,0,0,0,0,0,3476.1904296875,0,0,3476.1904296875,0,0,5214.28580729167,6952.380859375,2607.14282226563,0,0,4866.66662597656,0,0,3041.66666666667,0,2085.71427408854,1042.85717773438,0,0,0,3493.01595052083,0,2916.279296875,0,0,1475.7412109375,0,0,0,0,2440.28572591146,0,0,3229.03694661458,0,0,0,86.9047648111979,0,2433.33325195313,84610.9921875,2336.44799804688
"NGA",3,1,"LSMS-ISA2015",2015,6,29,2911,746,1,290091,5,0,4800,0,0,0,2433.3333984375,0,0,1920,2951.52392578125,0,0,0,0,0,0,4866.6669921875,200,0,7270.1552734375,0,0,0,0,0,0,0,0,2078.31741965707,0,0,0,0,1312.62154675907,0,0,3172.16861427608,0,0,0,0,0,0,0,0,0,3847.01005387785,15381.9283384281,4651.74626320429,0,0,1898.76085968006,0,6563.10761628284,4859.22370487576,0,9625.89110787484,344.132983547573,0,13564.9485725412,9.77744183335296,6836.57021238213,0,2076.45977138369,0,0,100664.3515625,14868.3056640625
"NGA",3,1,"LSMS-ISA2015",2015,6,29,2911,0,1,290092,3,0,0,0,811.111083984375,0,16222.22265625,0,0,933.333333333333,1680.95251464844,0,0,0,0,7821.42838541667,0,14600,66.6666641235352,0,4531.48388671875,0,0,0,0,7109.85799304911,22345.2680465911,4062.77594952508,0,5078.46985552615,0,0,10156.9397110523,4062.77594952508,0,2640.80444036761,1015.69398738127,7109.8579116689,5078.46985552615,1218.83284982992,1625.11045298633,0,325.022077381219,2843.94322143604,0,0,0,0,0,0,0,0,0,0,0,0,0,0,0,0,0,0,0,0,365.649832618833,0,0,121706.6640625,14868.3056640625
"NGA",3,1,"LSMS-ISA2015",2015,6,29,2911,746,1,290093,1,0,0,0,0,0,5110,0,0,0,260.714294433594,0,0,0,0,0,0,7300,1300,0,18297.712890625,0,0,0,0,89526.8812298719,0,102316.438658158,0,0,0,0,511582.186042558,767373.306591917,0,0,0,511582.186042558,0,0,0,0,3069493.00809616,0,0,0,0,0,0,333874.679497184,0,0,0,0,0,0,426318.506883612,286486.009119671,0,0,0,0,1278955.38349872,0,31973.8866276599,0,0,7441750.5,14868.3056640625
"NGA",3,1,"LSMS-ISA2015",2015,6,29,2911,746,1,290094,3,0,10000,0,0,0,1622.22216796875,0,0,3800,984.920593261719,0,0,8111.111328125,0,6083.33333333333,0,10138.888671875,6375,0,11356.9912109375,0,0,0,0,0,0,0,0,6952.380859375,0,0,13904.7620442708,4345.23795572917,0,9907.142578125,0,9559.52360026042,6517.857421875,1390.47623697917,9733.33333333333,0,1738.09521484375,2433.33333333333,0,0,0,15718.5716145833,9296.13216145833,15446.921875,0,0,1738.09521484375,0,0,0,0,3862.43424479167,0,1738.09505208333,0,0,0,0,434.523803710938,0,0,173189.359375,14868.3056640625
"NGA",3,1,"LSMS-ISA2015",2015,6,29,2911,746,1,290095,7,0,4285.71435546875,0,1390.47614397321,0,3823.80943080357,0,0,0,675.714294433594,0,0,4866.66685267857,0,2234.69391741071,0,12166.666015625,7142.85693359375,0,5808.19921875,0,0,0,0,8342.85714285714,0,0,0,2234.69391741071,0,0,2979.591796875,5959.18359375,2420.91838727679,0,0,4469.38776506696,2979.591796875,0,2607.14285714286,0,11173.4695870536,1564.28571428571,0,0,0,0,0,8298.38755580357,0,0,0,0,0,0,0,2502.85714285714,2502.44768415179,720.869001116071,0,0,0,0,148.979596819196,0,486.666687011719,101786.1171875,14868.3056640625
"NGA",3,1,"LSMS-ISA2015",2015,6,29,2911,746,1,290097,3,0,0,0,0,0,4866.66666666667,0,0,1466.66666666667,733.333312988281,0,0,0,0,0,0,6488.888671875,0,0,20356.32421875,0,0,0,0,6216.92134844902,0,0,0,0,0,0,0,7314.02467351877,0,0,0,4571.26543585352,0,0,0,0,0,1279.9543381163,0,0,0,0,9189.00368348341,4773.36361423664,0,0,0,0,0,17265.8936386222,0,2559.90867623261,0,589.840687393178,0,0,0,0,182.850625721205,0,0,87854.90625,14868.3056640625
"NGA",3,1,"LSMS-ISA2015",2015,6,29,2911,746,1,290098,1,9733.3330078125,42000,0,0,0,4866.66650390625,0,0,13600,12754.046875,0,0,12166.6669921875,0,18250,24333.333984375,41366.6640625,10000,0,129817.9765625,0,0,0,0,0,0,0,0,0,0,0,10428.5712890625,10428.5712890625,22942.857421875,0,0,13035.7141113281,0,0,1303.57141113281,0,54749.9990234375,3650,0,0,0,13098.8095703125,27895.56640625,11910.52734375,0,0,0,0,0,0,0,17102.857421875,0,2607.14282226563,0,0,15642.857421875,0,782.142883300781,0,0,524467.875,14868.3056640625
"NGA",3,1,"LSMS-ISA2015",2015,6,29,2911,746,1,290099,2,0,9000,0,0,0,9733.3330078125,0,0,3300,2321.54760742188,0,0,0,0,0,0,18250,1000,0,37085.359375,0,0,0,0,0,0,0,0,0,0,0,15642.857421875,13035.7138671875,4432.14294433594,0,0,7039.28576660156,0,0,0,0,0,0,0,0,0,6549.40478515625,13101.9765625,2163.87426757813,0,0,0,0,0,0,0,7300,0,1261.52075195313,25874.560546875,34327.3828125,19553.572265625,0,391.071441650391,0,0,231363.578125,14868.3056640625
"NGA",3,1,"LSMS-ISA2015",2015,6,29,2911,0,1,290100,9,0,6666.66650390625,10814.8151041667,0,0,675.925944010417,0,0,5355.55555555556,3505.68798828125,0,0,4325.92578125,0,3476.19053819444,0,17574.07421875,9898.1484375,0,34604.70703125,0,0,0,0,0,0,2317.46028645833,0,6083.33333333333,0,10428.5711805556,14484.1265190972,3476.19053819444,1738.09526909722,0,869.047634548611,4345.23800998264,0,0,521.428548177083,0,17670.6344401042,289.682535807292,0,0,0,8043.94878472222,18004.4930555556,0,3476.19053819444,0,0,0,0,0,6488.88888888889,4542.22222222222,289.682535807292,718.412706163194,3877.74045138889,566.418348524306,2414.02105034722,0,0,0,0,207543.515625,14868.3056640625
"NGA",3,1,"LSMS-ISA2015",2015,6,29,2911,1870,0,290102,1,0,0,0,0,0,2433.33325195313,0,0,26600,1743.09521484375,0,0,24333.333984375,0,0,0,48666.66796875,0,0,3616.25903320313,0,0,0,0,50057.14453125,0,0,26071.427734375,10428.5712890625,0,0,10428.5712890625,9385.7138671875,6257.14306640625,2607.14282226563,0,11992.8570556641,28157.1435546875,0,0,0,0,2607.14282226563,0,0,0,0,60354.0703125,11087.2177734375,0,0,13659.1611328125,0,0,0,0,0,0,0,0,0,0,0,0.625714302062988,0,0,350486.59375,2832.05834960938
"NGA",3,1,"LSMS-ISA2015",2015,6,29,2911,1870,0,290103,1,0,0,0,0,0,5475,0,0,19200,2042.85717773438,0,0,30416.666015625,0,0,0,24333.333984375,2600,0,3934.87963867188,0,0,0,0,8342.857421875,0,0,0,5214.28564453125,0,0,10428.5712890625,10428.5712890625,2607.14282226563,3650,0,5214.28564453125,7300,0,3128.57153320313,0,83428.5708007813,0,0,0,0,0,27046.1748046875,11087.2177734375,5214.28564453125,0,7477.08911132813,0,0,26071.427734375,0,7300,10230.5610351563,4625.57592773438,0,0,0,0,651.785705566406,0,0,327449.6875,2832.05834960938
"NGA",3,1,"LSMS-ISA2015",2015,6,29,2911,1870,0,290104,3,0,0,0,0,0,2027.77783203125,0,0,2900,514.365051269531,0,0,0,0,0,0,4866.66650390625,2000,0,1645.32873535156,0,0,0,0,6704.15427313743,7332.66844132227,4190.0962246882,0,0,0,0,0,2514.05785242654,0,0,0,6704.15402899681,7123.16397995759,0,0,0,0,1047.52405617205,0,0,0,0,8403.95924730163,0,0,0,0,0,0,0,0,5866.13479297256,2519.36174992339,0,0,0,0,0,0,0,0,66359.4140625,2832.05834960938
"NGA",3,1,"LSMS-ISA2015",2015,6,29,2911,1870,0,290105,3,0,0,0,0,0,1216.66666666667,0,0,8066.66666666667,827.460266113281,0,0,12166.6666666667,0,0,0,6488.888671875,0,0,1139.55432128906,0,0,0,0,0,0,0,0,4674.6416413681,0,0,0,18698.5665654724,0,0,0,2337.32082068405,7946.89120988633,0,0,0,4674.64172274831,0,0,0,4674.64114016828,9394.53581328857,0,4821.79564745794,0,0,8114.47322527936,0,0,0,0,5235.59870095634,7737.09240882863,2775.69126537937,0,0,0,0,10886.5415369128,0,1216.66662597656,123095,2832.05834960938
"NGA",3,1,"LSMS-ISA2015",2015,6,29,2911,1870,0,290106,1,0,0,0,0,0,1703.33337402344,0,0,49200,5728.8095703125,0,0,97333.3359375,0,0,48666.66796875,85166.6640625,0,0,3418.6630859375,0,0,0,0,50057.14453125,18250,5214.28564453125,0,0,0,0,0,5214.28564453125,6257.14306640625,20857.142578125,0,7821.42846679688,11471.4287109375,0,2085.71435546875,0,99071.42578125,2607.14282226563,0,0,0,0,41832.58984375,0,0,0,15839.6240234375,0,0,19553.572265625,0,11213.517578125,11087.1253662109,3364.05517578125,0,0,0,0,0,0,0,623015.1875,2832.05834960938
"NGA",3,1,"LSMS-ISA2015",2015,6,29,2911,1870,0,290107,1,0,0,0,0,0,0,0,0,5600,200,0,0,18250,0,0,0,29200,0,0,3418.6630859375,0,0,0,0,0,0,5214.28564453125,0,7300,0,0,26071.427734375,15642.857421875,0,0,0,5214.28564453125,0,0,0,0,138178.57421875,0,0,0,0,15718.5732421875,20916.294921875,0,0,0,0,0,0,0,0,4380,11742.7119140625,6896.31274414063,6841.2236328125,0,0,0,156.428573608398,0,3650,324591.625,2832.05834960938
"NGA",3,1,"LSMS-ISA2015",2015,6,29,2911,1870,0,290108,2,0,0,0,0,0,912.5,0,0,7700,521.666687011719,0,0,18250,0,0,0,18250,1500,0,1709.33154296875,0,0,0,0,8342.857421875,0,2607.14282226563,0,10428.5712890625,0,0,13035.7138671875,10428.5712890625,0,0,0,9124.99987792969,0,0,0,0,3910.71435546875,2346.42864990234,0,0,2607.142578125,0,13761.8349609375,0,0,0,0,0,0,0,0,4380,11641.9614257813,1303.5712890625,6841.2236328125,0,0,0,0,0,2129.16674804688,151733.40625,2832.05834960938
"NGA",3,1,"LSMS-ISA2015",2015,6,29,2911,1870,0,290109,1,0,0,0,0,0,6083.33349609375,0,0,12000,782.380981445313,0,0,0,0,26071.427734375,0,12166.6669921875,0,0,4656.33056640625,0,0,0,0,36315.4030016277,17022.8448461825,22697.1258994548,0,0,0,0,0,8511.42242309127,0,0,0,10213.7067279968,12483.4195376689,0,0,0,0,0,0,0,0,0,15174.3327738066,0,0,0,14864.1501455813,0,0,9457.1363241806,0,24714.6491811032,16763.3834186742,0,0,0,0,0,32611.4953391368,0,0,282589.21875,2832.05834960938
"NGA",3,1,"LSMS-ISA2015",2015,6,29,2911,1870,0,290110,2,0,0,0,0,0,4866.66650390625,0,0,4200,1260.71435546875,0,0,0,0,31285.71484375,0,9125,1800,0,2467.9931640625,0,0,0,0,9350.82683434724,26402.3341649332,2750.24301650234,0,5500.48603300468,0,0,0,5500.48603300468,0,8250.72906033068,0,4950.4374728195,9350.82683434724,0,0,0,5500.48603300468,1375.12150825117,0,0,2854.30629944349,0,0,0,0,0,5500.48603300468,0,13370.4127093836,0,0,3666.99094724196,4605.12186029729,2750.24276153805,0,0,0,0,0.330029174417695,0,0,166685.953125,2832.05834960938
"NGA",3,1,"LSMS-ISA2015",2015,6,29,2923,1126,0,290111,1,0,12000,0,0,0,3406.66674804688,0,0,5600,260.714294433594,0,0,0,0,0,0,8030,0,0,5042.5068359375,0,0,0,0,26592.857421875,0,15642.8569335938,0,11471.4287109375,0,0,15642.857421875,20857.142578125,7821.4287109375,0,0,6257.14306640625,0,0,5214.28564453125,0,21900.0004882813,5214.28564453125,0,0,0,0,0,0,0,0,20660.37890625,0,0,0,0,8760,7880.01611328125,1513.82495117188,18243.263671875,0,0,0,1303.57141113281,0,0,229315.234375,3776.07763671875
"NGA",3,1,"LSMS-ISA2015",2015,6,29,2923,1126,0,290113,2,0,6000,0,0,0,3041.66674804688,0,0,6600,1303.57141113281,0,0,12166.6669921875,0,0,0,6083.33349609375,0,0,7182.96484375,0,0,0,782.142883300781,19162.5,0,0,0,3910.71435546875,0,0,13035.7138671875,18250,11732.1423339844,5214.28564453125,0,6257.14282226563,2346.42846679688,521.428588867188,3650,0,22682.1430664063,0,0,0,0,0,6789.73583984375,1503.90966796875,0,0,25284.369140625,0,0,0,0,2737.5,7821.4287109375,0,0,0,0,0,1303.57141113281,0,0,195363.375,3776.07763671875
"NGA",3,1,"LSMS-ISA2015",2015,6,29,2923,1126,0,290114,9,0,3080,0,0,0,1216.66666666667,0,0,6088.88888888889,956.084655761719,0,0,20277.7777777778,0,2896.82530381944,0,13518.5185546875,0,0,20645.4921875,0,0,0,0,5561.90494791667,0,2317.46028645833,5793.65060763889,0,579.365071614583,0,6952.38107638889,8690.47591145833,2085.71430121528,2317.46034071181,0,4750.79367404514,3823.80946180556,579.365071614583,1042.85709635417,0,14773.8096788194,2143.65082465278,0,0,0,0,7746.77690972222,0,0,0,11237.4973958333,0,0,1738.09505208333,0,0,1994.77609592014,0,0,0,0,0,0,0,0,152810.09375,3776.07763671875
"NGA",3,1,"LSMS-ISA2015",2015,6,29,2923,1126,0,290115,2,0,15000,0,0,0,0,0,0,2700,0,0,0,0,0,0,0,10950,0,0,2618.18823242188,0,0,0,0,8342.857421875,39107.14453125,7821.4287109375,0,3910.71435546875,0,0,13035.7138671875,13035.7138671875,2867.85717773438,7821.4287109375,0,5214.28564453125,19814.2861328125,0,7821.4287109375,0,36500,2607.14282226563,0,0,0,0,0,0,0,0,0,0,0,0,0,36500,12012.6584472656,0,0,0,0,0,0,0,0,247680.84375,3776.07763671875
"NGA",3,1,"LSMS-ISA2015",2015,6,29,2923,1126,0,290116,6,0,4200,0,0,0,1013.88891601563,0,0,2133.33333333333,0,0,0,2027.77783203125,0,0,0,4866.66650390625,0,0,2143.14721679688,0,0,0,1911.90478515625,39107.1432291667,43452.3802083333,3476.1904296875,0,1216.66666666667,0,0,5214.28580729167,2607.14290364583,2607.14290364583,0,0,3910.71423339844,8255.95231119792,0,7300,0,12166.6666666667,0,0,0,0,0,0,0,0,0,12981.1767578125,0,0,0,0,2433.33333333333,869.047607421875,0,0,0,0,0,0,0,0,163894.546875,3776.07763671875
"NGA",3,1,"LSMS-ISA2015",2015,6,29,2923,1126,0,290117,12,0,2500,0,0,0,811.111083984375,0,0,4166.66666666667,412.896820068359,0,0,32444.4453125,0,0,0,6083.33349609375,7097.22216796875,0,4276.291015625,0,0,0,0,0,0,0,0,1955.35709635417,0,0,5214.28564453125,2172.61897786458,2520.23815917969,4345.23795572917,0,1086.30950927734,1738.09521484375,0,0,0,2607.14282226563,434.523803710938,0,0,5206.4560546875,5792.24869791667,12000.8678385417,2734.28271484375,0,0,8643.78043619792,0,0,0,0,0,4766.74943033854,1192.02022298177,3823.8095703125,924.394775390625,260.714294433594,0,0,0,0,125211.09375,3776.07763671875
"NGA",3,1,"LSMS-ISA2015",2015,6,29,2923,1126,0,290118,1,0,12000,0,0,0,2433.33325195313,0,0,7000,6477.380859375,0,0,30416.666015625,0,20857.142578125,0,12166.6669921875,3650,0,11432.6083984375,0,0,0,3128.57153320313,0,36500,31285.71484375,0,7821.4287109375,0,0,15642.857421875,26071.427734375,2607.14282226563,14600,0,9907.14282226563,11471.4287109375,0,0,0,59964.2861328125,5214.28576660156,0,0,0,0,20916.294921875,0,0,0,0,0,0,0,0,0,2992.16430664063,0,0,0,0,0,0,0,0,354556.53125,3776.07763671875
"NGA",3,1,"LSMS-ISA2015",2015,6,29,2923,1126,0,290119,3,0,6000,0,0,0,283.888895670573,0,0,1833.33333333333,0,0,0,0,0,0,0,4866.66650390625,0,0,2943.04858398438,0,0,0,0,12166.6666666667,0,3476.1904296875,0,0,0,0,0,5214.28580729167,0,5214.28580729167,0,4345.23803710938,0,0,0,0,19119.0475260417,1738.09521484375,0,0,0,0,0,0,0,0,3476.1904296875,0,0,0,0,0,1738.09521484375,0,0,0,0,0,0,0,0,72415.03125,3776.07763671875
"NGA",3,1,"LSMS-ISA2015",2015,6,29,2923,1126,0,290120,4,0,4500,0,0,0,2433.33325195313,0,0,18750,1255.77380371094,0,0,0,0,3910.71435546875,0,18250,0,0,14305.1875,0,0,0,0,12514.2861328125,13035.7138671875,2607.14282226563,1303.57141113281,1955.35717773438,0,0,6517.85693359375,13035.7138671875,8082.14294433594,6387.5,1303.57141113281,7039.28570556641,5735.71435546875,651.785705566406,1564.28576660156,0,48362.5004882813,3258.92852783203,0,0,21775.56640625,0,10458.1474609375,0,0,0,12642.1845703125,0,0,4345.23828125,0,869.047668457031,3740.20532226563,0,0,0,0,0,0,0,0,250590.75,3776.07763671875
"NGA",3,1,"LSMS-ISA2015",2015,6,29,2923,396,1,290121,2,0,4200,0,0,0,1460,0,0,0,0,0,0,0,0,0,0,6083.33349609375,0,0,3000,0,0,0,0,8342.857421875,52142.85546875,10428.5712890625,9385.7138671875,3910.71435546875,7821.4287109375,0,5214.28564453125,7821.4287109375,9385.71411132813,7821.4287109375,13035.7138671875,6517.85705566406,7821.4287109375,0,5214.28564453125,0,5214.28564453125,3128.57153320313,0,0,0,5239.52392578125,0,0,0,0,0,0,0,0,0,36500,0,0,6841.2236328125,0,0,0,0,0,0,226531.234375,6608.1357421875
"NGA",3,1,"LSMS-ISA2015",2015,6,29,2923,396,1,290122,3,0,2800,0,0,202.777770996094,0,0,0,1800,869.047607421875,0,0,4866.66666666667,0,0,0,12977.77734375,0,0,15766.8681640625,0,0,0,0,21552.3815104167,78214.2864583333,0,0,2607.14290364583,5214.28580729167,0,8690.47591145833,8690.47591145833,18771.4290364583,19988.0944010417,0,7821.42846679688,0,0,0,0,12166.6666666667,11123.8097330729,0,0,0,0,0,4010.42578125,0,0,0,0,0,0,0,0,17380.9518229167,0,3348.70703125,0,0,0,5498.701171875,0,0,264362.40625,6608.1357421875
"NGA",3,1,"LSMS-ISA2015",2015,6,29,2923,396,1,290123,2,4015,7350,0,0,0,7300,0,0,17000,11533.4521484375,0,0,9125,0,5214.28564453125,0,18250,0,0,3600,0,0,0,0,25028.572265625,20857.142578125,12514.2861328125,0,0,0,0,10428.5712890625,10428.5715332031,2867.85717773438,13035.7143554688,0,9907.14288330078,13035.7138671875,1042.85717773438,0,0,113410.71484375,1303.57141113281,0,0,0,0,0,0,0,0,0,0,7287.9677734375,0,0,0,5115.28051757813,0,0,0,0,0,0,0,4562.5,334214.1875,6608.1357421875
"NGA",3,1,"LSMS-ISA2015",2015,6,29,2923,396,1,290124,6,0,3800,0,0,0,243.333333333333,0,0,1333.33333333333,0,0,0,3852.77766927083,0,0,0,4055.5556640625,0,0,4458.14404296875,0,0,0,0,39107.1432291667,8690.47591145833,0,0,1303.57145182292,0,0,4345.23795572917,3476.1904296875,1825,2172.61897786458,0,4779.76184082031,8342.857421875,0,1738.09521484375,0,5214.28556315104,0,0,0,0,0,0,4465.958984375,0,0,4553.0537109375,0,0,0,0,2433.33333333333,3403.45060221354,0,0,0,0,0,2966.61248779297,0,0,116560.8046875,6608.1357421875
"NGA",3,1,"LSMS-ISA2015",2015,6,29,2923,396,1,290126,9,0,2666.66674804688,0,0,0,486.666666666667,0,0,2044.44444444444,654.867736816406,0,0,0,0,0,0,2974.07421875,0,0,1873.75524902344,0,0,0,0,4171.42838541667,0,1448.41270616319,0,811.111111111111,0,0,2027.77777777778,3244.4443359375,579.365071614583,695.238118489583,0,1680.15875922309,0,0,347.619059244792,0,984.920681423611,869.047607421875,0,0,772.486762152778,0,4526.49045138889,0,1198.126953125,0,4591.1953125,0,0,0,347.619032118056,1622.22222222222,3300.42838541667,560.675889756944,1753.53727213542,0,521.428548177083,0,0,0,0,46754.2109375,6608.1357421875
"NGA",3,1,"LSMS-ISA2015",2015,6,29,2923,396,1,290127,7,0,428.571441650391,0,0,0,1251.42857142857,0,0,1142.85714285714,406.122467041016,0,0,0,0,0,0,5561.9052734375,0,0,1371.42858886719,0,0,0,0,4767.34709821429,0,0,0,521.428571428571,0,0,0,0,6927.55119977679,0,0,2160.20406668527,0,0,7299.99986049107,0,4022.44893973214,893.877580915179,0,0,1159.62493024554,0,8859.919921875,1249.833984375,0,0,14448.2109375,0,13580.0625,0,4171.42857142857,2085.71428571429,5975.92299107143,0,2254.54792131696,1961.56473214286,0,0,186.224487304688,0,1390.47619628906,94078.71875,6608.1357421875
"NGA",3,1,"LSMS-ISA2015",2015,6,29,2923,396,1,290128,8,0,1500,0,0,0,608.333312988281,0,0,5175,1473.09521484375,1064.58337402344,0,6083.33349609375,0,1303.57141113281,0,15208.3330078125,0,0,2400,0,0,0,0,6257.14306640625,13035.7138671875,2607.14282226563,0,0,3910.71435546875,0,9776.7861328125,7169.64282226563,3780.35705566406,4171.42858886719,0,5996.42864990234,4497.3212890625,521.428588867188,2346.42864990234,0,28808.9282226563,1433.92858886719,0,0,13761.359375,0,0,4648.22644042969,0,0,5017.5205078125,0,0,1086.3095703125,0,0,1848.10131835938,0,0,0,0,0,325.892852783203,0,3497.91674804688,159314.96875,6608.1357421875
"NGA",3,1,"LSMS-ISA2015",2015,6,29,2923,396,1,290129,5,0,2400,0,0,0,2725.3333984375,0,0,0,712.619018554688,0,0,12166.66640625,0,4171.428515625,0,17033.33203125,0,0,18621.50390625,0,0,0,0,18539.0808071345,18539.0808071345,3476.07774899396,0,0,0,0,11586.9252564077,3476.07765133771,5909.33192573003,4518.90100191369,579.346275222952,7879.10938209465,5793.46262820386,579.346275222952,463.477039709612,0,21435.8120421282,2201.51591420659,0,0,24463.8451501252,0,0,0,0,0,6033.94656849431,0,3238.99170259493,0,0,0,2896.73131410193,0,0,0,0,0,0,0,0,199441.9375,6608.1357421875
"NGA",3,1,"LSMS-ISA2015",2015,6,29,2923,396,1,290130,10,0,2040,0,0,0,730,0,0,1100,0,0,0,2433.3333984375,0,0,0,3650,0,0,6106.8974609375,0,0,0,0,13390.2859375,30242.856640625,7821.4283203125,3128.571484375,0,0,0,5214.285546875,5214.285546875,1668.571484375,2398.571484375,0,2346.42854003906,5005.714453125,905.36318359375,4171.428515625,3128.571484375,14600.0001953125,3128.571484375,0,0,0,0,0,0,0,0,2085.7142578125,0,0,0,0,4380,1830.85874023438,0,0,0,0,0,1319.68828125,0,0,128041.4296875,6608.1357421875
"NGA",3,1,"LSMS-ISA2015",2015,6,29,2902,1028,1,290131,5,0,3600,0,0,0,2920,0,0,3200,989.047668457031,0,0,0,0,3128.571484375,0,2433.33349609375,0,0,3659.54248046875,0,0,0,625.714306640625,5631.428515625,3128.571484375,5631.42861328125,1042.85712890625,0,0,0,5214.2857421875,7300.00009765625,2398.571484375,1251.42861328125,521.428564453125,5318.57138671875,2607.1427734375,417.14287109375,1251.42861328125,0,14704.2857421875,312.857153320312,0,0,0,0,0,0,0,0,0,0,0,0,0,1460,0,0,0,0,0,0,0,0,0,78747.6328125,3068.06323242188
"NGA",3,1,"LSMS-ISA2015",2015,6,29,2902,1028,1,290132,3,3244.4443359375,12000,0,0,0,4055.5556640625,0,0,4400,3161.111328125,0,0,0,0,0,0,13788.8876953125,1533.33337402344,0,4390.05419921875,0,0,0,0,20857.1432291667,6083.33333333333,2607.14290364583,6952.380859375,2433.33333333333,0,0,12166.6666666667,3476.1904296875,6257.14274088542,0,3823.8095703125,4171.42858886719,0,0,1390.47623697917,0,10950,3302.38094075521,0,0,0,6986.03190104167,12022.115234375,0,0,0,0,0,0,0,0,1703.33333333333,836.0458984375,0,4560.81575520833,0,8690.47591145833,0,2199.48046875,0,0,168043.125,3068.06323242188
"NGA",3,1,"LSMS-ISA2015",2015,6,29,2902,1028,1,290133,1,0,6000,0,0,0,1460,0,0,13200,0,0,0,0,0,0,0,0,0,0,18297.712890625,0,0,0,0,0,0,5214.28564453125,0,0,0,0,0,0,2085.71435546875,0,2607.14282226563,0,0,0,2085.71435546875,0,174157.142578125,0,0,0,0,0,0,0,0,0,0,0,0,0,0,0,1496.08215332031,0,0,0,0,0,0,0,0,226603.796875,3068.06323242188
"NGA",3,1,"LSMS-ISA2015",2015,6,29,2902,1028,1,290134,3,0,0,0,0,0,1419.44449869792,0,0,0,898.015869140625,0,0,0,0,3476.1904296875,0,4055.5556640625,0,0,2400,0,0,0,0,5561.90494791667,0,3476.1904296875,0,0,0,0,3476.1904296875,10428.5716145833,3128.57145182292,4519.04768880208,869.047607421875,3476.1904296875,6083.33341471354,695.238118489583,2085.71435546875,0,16511.904296875,1911.90478515625,0,0,1448.41276041667,0,13944.1966145833,7850.60904947917,0,0,0,0,0,0,0,0,1496.08203125,158.008656819661,0,0,0,0,0,0,2433.33325195313,101803.65625,3068.06323242188
"NGA",3,1,"LSMS-ISA2015",2015,6,29,2902,1028,1,290135,6,0,19119.048828125,0,0,0,1013.88891601563,0,0,2000,0,6083.33349609375,0,5677.77799479167,0,0,0,12166.6669921875,0,0,24429.298828125,0,0,0,0,82559.5260416667,30416.6666666667,0,0,0,0,0,8690.47591145833,4345.23795572917,2780.95247395833,19988.095703125,0,5388.09525553385,15208.3333333333,3476.1904296875,5214.28580729167,0,4345.23795572917,1042.85717773438,0,0,1274.44181315104,0,5810.08268229167,5530.82088216146,0,0,3476.1904296875,0,0,0,0,0,2506.27115885417,0,0,0,0,0,0,0,0,272543.78125,3068.06323242188
"NGA",3,1,"LSMS-ISA2015",2015,6,29,2902,1028,1,290136,4,3041.66674804688,0,0,0,0,2433.33325195313,0,0,7300,1123.6904296875,2129.16674804688,0,0,0,0,0,3345.83349609375,350,0,3292.54077148438,0,0,0,0,4106.25,0,1955.35717773438,0,912.5,0,0,0,5214.28564453125,977.678588867188,2998.21435546875,782.142883300781,4171.42858886719,4171.4287109375,0,2085.71435546875,0,6257.14282226563,1955.35720825195,0,0,0,0,3486.04956054688,6690.09887695313,0,0,0,0,0,0,0,1825,0,7148.6181640625,0,0,0,0,2085.71435546875,0,0,79839.203125,3068.06323242188
"NGA",3,1,"LSMS-ISA2015",2015,6,29,2902,1028,1,290137,5,0,0,0,0,0,2920,0,0,2720,2026.66662597656,0,0,0,0,3754.285546875,0,3893.33325195313,4000,0,1593.91735839844,0,0,0,1668.571484375,3337.14296875,0,0,0,0,0,0,5214.285546875,2085.7142578125,11732.1428710938,4692.85717773438,521.428564453125,1616.42856445313,2607.1427734375,417.14287109375,625.714306640625,0,11471.428515625,0,0,0,0,0,10635.8689453125,4061.3927734375,0,0,0,0,0,0,0,1460,521.428564453125,521.428564453125,4101.0359375,0,0,0,1159.62451171875,0,2433.33349609375,91792.3203125,3068.06323242188
"NGA",3,1,"LSMS-ISA2015",2015,6,29,2902,1028,1,290138,2,0,6000,0,3650,0,2433.33325195313,0,0,2000,130.357147216797,0,0,0,0,0,0,4866.66650390625,2500,0,13374.431640625,0,0,0,0,0,0,0,0,0,0,0,10428.5712890625,5214.28564453125,0,0,0,4692.85717773438,0,0,0,0,3128.57153320313,782.142883300781,0,0,2752.27197265625,10479.0478515625,6550.98828125,4840.72607421875,0,0,0,0,0,8206.0888671875,0,3650,0,1682.02758789063,8971.0166015625,0,0,0,1449.53063964844,0,0,107782.921875,3068.06323242188
"NGA",3,1,"LSMS-ISA2015",2015,6,29,2902,1028,1,290140,2,0,0,0,0,0,2068.33325195313,0,0,0,0,0,0,0,0,0,0,6083.33349609375,0,0,9228.2734375,0,0,0,0,15642.857421875,0,31285.71484375,0,0,0,0,13035.7138671875,0,1564.28576660156,7821.4287109375,0,6517.85705566406,16685.71484375,0,0,0,7821.4287109375,0,0,0,0,0,0,0,0,0,0,0,0,0,0,36500,0,0,0,0,0,0,0,0,0,154254.9375,3068.06323242188
"NGA",3,1,"LSMS-ISA2015",2015,6,29,2920,506,1,290141,1,3650,26400,0,0,0,10950,0,0,4000,17041.666015625,0,0,24333.333984375,0,20857.142578125,0,206833.328125,600,0,74170.71875,0,0,0,0,0,0,0,0,5214.28564453125,0,0,36499.9990234375,0,0,0,5214.28564453125,10428.5712890625,0,0,5214.28564453125,0,0,0,0,0,0,10479.0478515625,13101.9765625,8507.5185546875,0,0,4525.60693359375,0,0,0,29200,12305.7143554688,6303.34545898438,0,9121.6318359375,0,13035.7138671875,0,782.142883300781,0,0,558770.25,14868.3056640625
"NGA",3,1,"LSMS-ISA2015",2015,6,29,2920,506,1,290145,5,0,0,0,0,1216.66669921875,340.666674804687,0,0,800,228.619049072266,0,0,1703.3333984375,0,0,0,973.333312988281,0,0,2026.26171875,0,0,0,0,6257.14296875,10428.57109375,4171.428515625,0,730,0,0,0,1564.2857421875,0,3128.571484375,0,2607.14282226563,3650,0,208.571435546875,0,3754.28576660156,1042.85712890625,0,0,0,0,0,0,0,0,0,0,0,0,0,0,0,0,0,0,0,0,0,0,0,44831.73828125,14868.3056640625
"NGA",3,1,"LSMS-ISA2015",2015,6,29,2920,506,1,290147,4,0,0,0,0,0,4258.33349609375,0,0,2800,667.261901855469,0,0,0,0,8864.2861328125,0,1520.83337402344,300,0,9627.6708984375,0,0,0,0,0,0,0,0,5866.0712890625,0,0,0,5214.28576660156,651.785705566406,651.785705566406,3258.92852783203,2607.14282226563,0,391.071441650391,0,0,42757.1423339844,912.5,0,0,1303.57141113281,6549.40478515625,11780.0620117188,2689.21362304688,0,0,5214.2861328125,0,0,0,1086.3095703125,4015,0,651.785705566406,4560.81591796875,0,1629.46423339844,0,195.535720825195,0,0,130024.5625,14868.3056640625
"NGA",3,1,"LSMS-ISA2015",2015,6,29,2920,506,1,290149,2,1216.66662597656,4200,0,0,0,4562.5,0,2737.5,14000,600,0,0,3041.66674804688,0,20857.142578125,0,45016.66796875,0,0,50000,0,0,0,0,0,0,0,0,1303.57141113281,0,0,13035.7138671875,20857.142578125,2607.14282226563,0,16946.4287109375,6517.85705566406,0,0,0,0,115757.141601563,782.142883300781,0,0,0,7859.28662109375,13101.9765625,0,0,0,0,0,0,0,6517.85693359375,2190,0,1682.02758789063,0,0,13035.7138671875,0,0,0,608333.3125,976759.5,14868.3056640625
"NGA",3,1,"LSMS-ISA2015",2015,6,29,2920,506,1,290150,5,0,1200,0,0,0,3650,0,0,4280,140,0,0,1946.6666015625,0,0,0,5840,0,0,5227.5,0,0,0,0,0,0,0,0,1659.79036962998,0,0,3319.58073925997,5532.63428498071,0,774.568823935877,0,3319.58062958218,0,0,0,0,0,1327.83231403308,0,0,0,6671.29686355764,12779.7966265966,1805.38592631143,0,0,4801.90932578555,0,0,0,3688.42312508483,2323.70647481302,0,892.360339999566,2903.56084308843,0,4149.47601271505,0,132.783228961902,0,851.666687011719,79218.515625,14868.3056640625
"NGA",3,1,"LSMS-ISA2015",2015,6,29,2920,1210,1,290151,2,0,0,0,7300,0,9125,0,0,3200,660.714294433594,0,0,0,0,9125,0,3650,2000,6257.14306640625,7756.6142578125,0,0,0,0,7821.4287109375,13035.7138671875,0,0,0,0,0,0,15642.8569335938,3389.28576660156,0,6517.85705566406,10428.5712890625,6517.85693359375,0,5214.28576660156,0,48232.1440429688,782.142883300781,0,0,0,0,6550.98828125,2068.92163085938,0,0,114068.916015625,0,0,0,0,11645.2387695313,0,0,0,0,0,0,0,0,0,300990.65625,6372.13134765625
"NGA",3,1,"LSMS-ISA2015",2015,6,29,2920,1210,1,290152,3,0,2400,0,0,0,3650,0,0,3466.66666666667,1104.126953125,0,0,6083.33333333333,0,0,0,2433.33325195313,0,3476.1904296875,3148.03125,0,0,0,0,3476.1904296875,13904.76171875,3476.1904296875,0,3476.1904296875,0,0,3476.1904296875,3476.1904296875,0,1042.85717773438,0,2607.14282226563,1564.28564453125,0,0,0,28330.9524739583,1564.28576660156,0,0,0,0,0,5517.12434895833,0,0,3935.31022135417,0,0,0,0,2920,0,0,0,0,0,0,0,0,1825,106354.3515625,6372.13134765625
"NGA",3,1,"LSMS-ISA2015",2015,6,29,2920,1210,1,290153,10,0,2550,0,0,0,3893.333203125,0,0,3760,1010.33331298828,0,0,7300,0,4171.428515625,0,10950,0,0,12578.982421875,0,0,0,0,0,5214.285546875,0,0,990.714282226563,0,0,3128.571484375,6257.1427734375,0,0,0,2607.14287109375,1877.1427734375,0,730,0,14704.2854492188,1564.28576660156,0,0,0,14264.83125,0,4988.59482421875,0,0,2459.5689453125,0,0,0,0,2190,703.04970703125,521.428515625,0,0,0,0,0,0,0,108415.1328125,6372.13134765625
"NGA",3,1,"LSMS-ISA2015",2015,6,29,2920,1210,1,290154,4,0,4500,0,0,0,1825,0,0,7750,1056.25,0,0,12166.6669921875,0,0,0,12166.6669921875,4291.6669921875,0,3342.29907226563,0,0,0,0,13687.5,13035.7138671875,6517.85693359375,0,912.5,0,0,2607.14282226563,2607.14282226563,3193.75003051758,2607.14282226563,0,9776.78558349609,9125,0,1433.92858886719,0,20857.1428222656,0,0,0,0,0,0,12413.5283203125,0,0,19316.1694335938,0,0,0,0,0,0,0,0,0,0,0,0.0260714273899794,0,0,165189.90625,6372.13134765625
"NGA",3,1,"LSMS-ISA2015",2015,6,29,2920,0,1,290155,8,0,3000,4562.5,0,0,684.375,0,0,0,3206.84521484375,0,0,0,0,3258.92846679688,0,1520.83337402344,112.5,0,6067.54931640625,0,0,0,0,0,0,0,0,3002.47480323389,0,0,0,3336.08308827149,0,0,667.216631110367,2001.64989020851,0,533.773329458485,266.886664729243,0,2001.64989020851,0,0,0,0,5838.14559226447,8006.59981746502,1835.25355750508,1334.43326222073,0,0,0,0,0,0,2375.29127192145,0,827.348642233008,3349.30364116014,0,667.216631110367,0,200.164998644513,0,0,58657.0234375,6372.13134765625
"NGA",3,1,"LSMS-ISA2015",2015,6,29,2920,1210,1,290156,1,1460,0,0,0,0,3650,0,0,0,1600,0,0,0,0,5214.28564453125,0,2433.33325195313,2400,0,3908.736328125,0,0,0,0,9359.29915812985,0,0,0,5505.46975137252,5505.46975137252,0,11010.939502745,8258.20488269604,0,11010.939502745,0,9359.29862386209,3303.28200190654,0,0,0,0,3303.28200190654,0,0,0,0,14337.7972862313,3593.04352363125,0,0,0,0,0,0,15415.3154899583,0,0,0,0,0,16516.4097653921,0,220.218790636511,0,3041.66674804688,140407,6372.13134765625
"NGA",3,1,"LSMS-ISA2015",2015,6,29,2920,1210,1,290157,3,0,10000,0,0,0,2433.33333333333,0,0,7466.66666666667,1747.22216796875,0,0,20277.77734375,0,0,0,24333.333984375,8111.111328125,0,24723.572265625,0,0,0,0,0,0,0,0,1216.66666666667,0,0,0,17380.9518229167,2520.23815917969,0,0,3476.19059244792,0,0,0,0,173.809529622396,0,0,0,0,6738.083984375,10331.1103515625,2835.83951822917,0,0,0,0,0,0,0,4866.66666666667,0,1121.35172526042,6794.99934895833,0,0,0,0.0347619031866392,0,0,156548.96875,6372.13134765625
"NGA",3,1,"LSMS-ISA2015",2015,6,29,2920,1210,1,290158,1,0,0,0,0,2433.33325195313,6083.33349609375,0,0,0,1200,0,0,0,0,10428.5712890625,0,0,600,0,7969.5869140625,0,0,0,0,4024.83839616929,0,5749.76906123988,0,2874.88453061994,0,0,11499.5381224798,0,0,0,0,2299.9077310987,2874.88453061994,0,0,0,0,6899.72290442299,0,0,0,0,0,0,0,0,0,0,0,0,0,8049.67679233858,0,5100.60152129345,0,0,14374.4223865928,0,718.721132654985,0,730,93911.796875,6372.13134765625
"NGA",3,1,"LSMS-ISA2015",2015,6,29,2920,1210,1,290160,2,0,0,0,0,0,4258.33349609375,0,0,0,121.666664123535,0,0,0,0,10428.5712890625,0,0,4000,0,6695.8720703125,0,0,0,0,0,0,1564.28576660156,0,3650,0,0,0,5214.28564453125,0,0,0,4432.14282226563,1564.28576660156,0,0,0,27374.9998779297,1564.28576660156,0,0,0,5239.52392578125,0,4137.84326171875,0,0,0,0,0,0,0,2190,0,0,0,0,0,0,130.357147216797,0,0,82566.453125,6372.13134765625
"NGA",3,1,"LSMS-ISA2015",2015,6,29,2914,214,1,290161,4,0,6000,0,0,4562.5,730,0,0,8100,1184.52380371094,0,0,6083.33349609375,0,36500,0,4866.66650390625,0,0,1200,0,0,0,0,13687.5,22160.7138671875,10428.5712890625,0,0,0,0,0,10428.5715332031,2607.14282226563,6517.85717773438,0,7691.07141113281,11471.4287109375,0,3910.71435546875,0,17467.8571777344,651.785705566406,0,0,1940.79223632813,0,0,0,0,0,0,0,0,0,9385.7138671875,0,0,0,0,20596.4296875,0,0,0,0,4562.5,212735.671875,3982.58203125
"NGA",3,1,"LSMS-ISA2015",2015,6,29,2914,214,1,290162,7,1460,2100,8603.57142857143,0,0,417.142857142857,0,0,4600,2905.47607421875,0,0,6952.38113839286,0,0,0,38238.09375,9547.6181640625,0,44491.76953125,0,0,0,0,7821.42857142857,0,0,0,0,0,0,7448.97935267857,16387.7550223214,1489.7958984375,0,0,3352.04080636161,0,0,2085.71428571429,0,18249.9998604911,0,0,0,2415.88504464286,0,11795.8577008929,3478.115234375,2285.34688895089,0,11821.6075613839,0,0,3516.89508928571,2085.71428571429,3277.55106026786,5323.09040178571,1446.9441179548,2254.54792131696,3244.29429408482,7448.97935267857,0,4672.88026646205,0,0,241219.46875,3982.58203125
"NGA",3,1,"LSMS-ISA2015",2015,6,29,2914,214,1,290163,4,0,6000,0,0,0,0,0,0,0,0,0,0,3041.66674804688,0,0,0,4866.66650390625,0,0,28501.103515625,0,0,0,0,12514.2861328125,0,7821.4287109375,0,0,0,0,0,3910.71435546875,0,3910.71435546875,0,3258.92852783203,12905.357421875,0,0,0,2607.14282226563,1564.28576660156,0,0,0,0,1083.09680175781,0,0,0,5214.28564453125,0,0,0,0,18250,0,0,0,0,0,0,0,0,0,115449.6640625,3982.58203125
"NGA",3,1,"LSMS-ISA2015",2015,6,29,2914,214,1,290165,5,0,4320,0,0,0,608.333349609375,0,0,0,0,0,0,2433.3333984375,0,0,0,4866.6669921875,0,0,5812.22607421875,0,0,0,5214.285546875,7300,41714.284375,27114.28515625,0,1564.2857421875,0,0,4692.85703125,4171.428515625,0,3128.571484375,0,4171.428515625,5214.285546875,0,0,0,0,1251.42861328125,0,0,0,0,0,0,0,0,4171.428515625,0,0,0,0,14600,0,0,0,0,0,0,0,0,0,142349.125,3982.58203125
"NGA",3,1,"LSMS-ISA2015",2015,6,29,2914,214,1,290167,8,0,3000,0,0,0,456.25,0,0,4750,2444.19653320313,0,0,0,0,1955.35717773438,0,10645.8330078125,0,0,4056.61059570313,0,0,0,782.142883300781,8342.857421875,12058.0357055664,1303.57141113281,0,0,0,0,10428.5715332031,2607.14282226563,1433.92858886719,2541.96429443359,0,4366.96435546875,2933.03564453125,521.428588867188,130.357147216797,0,40084.8217773438,651.785705566406,0,0,0,0,0,2187.20947265625,0,0,6321.09228515625,0,0,0,0,543.15478515625,627.034423828125,0,0,0,0,0,325.892852783203,0,0,125499.25,3982.58203125
"NGA",3,1,"LSMS-ISA2015",2015,6,29,2914,214,1,290168,7,0,3428.57153320313,0,434.523821149554,0,347.619035993304,0,0,6542.85714285714,2480.51025390625,0,0,1738.09528459821,0,2979.591796875,0,6952.38134765625,0,0,2742.85717773438,0,0,893.877580915179,0,0,0,744.89794921875,0,0,0,0,4469.38783482143,5959.18359375,2979.591796875,2979.59186662946,744.89794921875,4469.38776506696,3724.48967633929,372.448974609375,1564.28571428571,0,24358.1630859375,372.448974609375,0,0,0,6619.71261160714,12791.8722098214,1874.7509765625,0,0,0,0,0,0,0,0,0,0,0,0,0,0,0,0,35544.046875,138110.046875,3982.58203125
"NGA",3,1,"LSMS-ISA2015",2015,6,29,2914,214,1,290169,7,0,2571.42846679688,0,0,0,417.142857142857,0,0,1485.71428571429,857.142883300781,0,0,4345.23800223214,0,0,0,6952.38134765625,0,0,2057.14282226563,0,0,0,0,0,0,0,0,372.926898329621,0,0,0,0,1118.7807298661,0,0,1864.63449153362,0,0,74.5853831536474,0,3729.26898306724,372.926898329621,0,0,2486.17946178273,5246.24731327319,7853.74687287929,2955.1250251509,0,0,1913.88912468612,0,55939.0367743833,0,745.853796659242,1566.29299402523,6215.44753689708,1203.49127155904,733.26756356219,0,932.317088704781,0,596.683065229179,0,0,114606.8828125,3982.58203125
"NGA",3,1,"LSMS-ISA2015",2015,6,29,2914,214,1,290170,4,0,6000,0,0,0,1520.83337402344,0,0,2250,0,0,0,4562.5,0,0,0,7300,0,0,5703.0859375,0,0,0,0,16685.71484375,65.1785736083984,6517.85693359375,0,0,5214.28564453125,0,0,2607.14282226563,0,3910.71435546875,0,4562.49993896484,18250,0,2607.14282226563,0,3910.71435546875,1564.28576660156,0,0,0,0,0,0,0,0,0,0,0,0,0,0,0,0,0,0,0,0,0,0,0,93231.9609375,3982.58203125
"NGA",3,1,"LSMS-ISA2015",2015,6,29,2920,1628,0,290171,1,0,0,0,0,0,0,0,0,7000,900,0,0,0,0,0,0,0,0,0,3462.93188476563,0,0,0,0,0,0,0,0,0,0,0,0,0,0,0,0,2607.14282226563,0,0,0,0,0,0,0,0,0,13098.8095703125,13579.4716796875,0,0,0,0,0,58303.7421875,14360.6552734375,0,8760,2929.3740234375,10428.5708007813,10252.58984375,0,0,0,521.428588867188,0,0,146204.734375,5841.1201171875
"NGA",3,1,"LSMS-ISA2015",2015,6,29,2920,1628,0,290172,4,0,0,0,0,0,456.25,0,0,3075,1534.22619628906,0,0,0,0,0,0,6083.33349609375,0,0,1656.81286621094,0,0,0,0,7039.28564453125,0,3910.71435546875,0,0,0,0,0,3910.71435546875,0,0,0,0,6517.85693359375,0,0,0,782.142883300781,0,0,0,0,0,0,0,0,0,0,0,0,0,0,7300,0,4983.00689697266,0,0,0,0,0.156428575515747,0,304.166656494141,47553.66796875,5841.1201171875
"NGA",3,1,"LSMS-ISA2015",2015,6,29,2920,1628,0,290173,7,0,0,0,0,0,0,0,0,6714.28571428571,645.918395996094,1390.47619628906,0,0,1390.47614397321,1489.7958984375,0,3476.19067382813,142.857147216797,0,1412.92102050781,0,0,0,0,2607.14285714286,0,2979.591796875,0,1117.34695870536,0,0,0,0,0,8342.85714285714,0,0,2458.16322544643,0,0,0,372.448974609375,372.448974609375,0,0,0,0,0,1810.98381696429,0,0,0,0,22633.4397321429,0,0,4171.42857142857,0,598.461879185268,0,0,0,0,0,0,173.809524536133,64301.046875,5841.1201171875
"NGA",3,1,"LSMS-ISA2015",2015,6,29,2920,1628,0,290176,2,0,0,0,0,0,7908.33349609375,0,0,23000,710.714294433594,0,0,3041.66674804688,0,0,6083.33349609375,24333.333984375,0,0,4710.42041015625,0,0,0,0,5475,20857.142578125,0,10950,7821.4287109375,0,0,13035.7138671875,13035.7138671875,0,0,0,5214.28564453125,18250,1564.28576660156,0,0,129053.572265625,4432.14282226563,0,0,5504.5439453125,0,0,20110.0224609375,0,0,3025.27001953125,0,0,17380.953125,0,8760,4329.71936035156,862.039123535156,0,0,0,0,912.5,0,365,360727.125,5841.1201171875
"NGA",3,1,"LSMS-ISA2015",2015,6,29,2920,1628,0,290177,5,0,0,0,0,0,1119.33330078125,0,0,7040,881.428527832031,0,0,4866.666796875,0,0,0,2433.33349609375,0,0,931.26611328125,0,0,0,0,10011.42890625,0,2085.7142578125,0,1564.2857421875,0,0,0,5214.285546875,0,0,0,3650.00004882812,2920,0,0,0,4797.14287109375,625.714306640625,0,0,373.189404296875,0,0,1705.1306640625,0,0,3935.31015625,0,9506.04375,0,0,2190,2235.71552734375,1042.85703125,0,0,0,0,0,0,365,69493.84375,5841.1201171875
"NGA",3,1,"LSMS-ISA2015",2015,6,29,2920,1628,0,290178,4,0,0,0,0,0,730,0,0,2750,502.023803710938,0,0,0,0,10428.5712890625,0,9125,0,0,2321.42846679688,0,0,0,0,9125,13035.7138671875,0,0,2607.14282226563,0,0,0,5214.28564453125,1825,0,0,3389.28576660156,4562.5,0,2085.71429443359,0,6517.85717773438,2476.78579711914,0,0,0,0,0,12453.2573242188,0,0,2607.14282226563,0,19804.259765625,0,0,9385.71435546875,651.785705566406,2165.61041259766,0,0,0,0,0,0,608.333312988281,124372.4140625,5841.1201171875
"NGA",3,1,"LSMS-ISA2015",2015,6,29,2920,1628,0,290179,5,0,0,0,0,0,730,0,0,3400,783.333312988281,0,0,4380,0,0,0,2920,3633.33349609375,0,1010.89904785156,0,0,0,0,0,6257.14296875,0,0,0,0,0,13557.142578125,0,1251.42861328125,0,0,2607.14287109375,0,0,0,0,3128.571484375,0,0,0,0,4754.944140625,0,0,1094.99990234375,0,2731.8322265625,0,0,0,0,2190,809.9609375,2573.13662109375,2393.5037109375,0,0,0,104.285717773438,0,730,61041.65625,5841.1201171875
"NGA",3,1,"LSMS-ISA2015",2015,6,29,2920,1628,0,290180,8,0,0,0,0,0,1368.75,0,0,3125,1338.92858886719,0,0,5292.5,0,7821.4287109375,0,12166.6669921875,0,0,819.964782714844,0,0,0,0,7169.64306640625,0,0,0,2607.14282226563,0,0,0,3258.92846679688,0,0,0,1825,3258.92846679688,391.071441650391,977.678588867188,0,30633.928894043,1694.64288330078,0,0,3266.33520507813,0,0,4157.70703125,2884.15209960938,0,1967.65515136719,0,15843.4072265625,0,0,5098.41284179688,1970.00402832031,2114.72772216797,0,3003.64599609375,0,0,260.714294433594,0,0,124316.96875,5841.1201171875
"NGA",3,1,"LSMS-ISA2015",2015,6,30,3009,764,1,300001,2,0,7200,0,0,0,1825,0,0,4200,100,0,0,9125,0,0,0,12166.6669921875,0,0,854901.4375,0,0,0,0,33371.4296875,15642.857421875,7821.4287109375,0,0,0,0,0,9125,0,5735.71435546875,0,6517.85705566406,7821.4287109375,0,0,0,7821.4287109375,0,0,0,0,0,0,0,0,0,0,0,0,0,0,0,0,0,0,0,0,0,0,0,0,983375.25,11475.498046875
"NGA",3,1,"LSMS-ISA2015",2015,6,30,3007,0,1,300003,7,0,1200,0,0,0,1946.66671316964,0,0,1857.14285714286,1314.62585449219,0,0,0,0,1489.7958984375,0,6952.38134765625,885.714294433594,0,2742.85717773438,0,0,0,0,6337.21797986154,3168.60898993077,9505.82675872979,0,3168.60898993077,3168.60898993077,0,0,9505.82661922086,2957.36836294015,2323.64654992363,4224.81184586602,7393.4207642432,3168.60898993077,422.481202115174,633.721812116959,0,6337.21762749097,2851.74808342251,0,0,0,0,0,0,0,0,0,0,0,0,0,0,0,0,0,0,0,0,0,0,3215.47607421875,86772.390625,11475.498046875
"NGA",3,1,"LSMS-ISA2015",2015,6,30,3009,764,1,300004,3,0,8000,0,0,0,6083.33333333333,0,0,7933.33333333333,1333.33337402344,0,0,2433.33333333333,0,10428.5716145833,0,8111.111328125,0,0,6099.23779296875,0,0,0,0,27809.5234375,0,0,0,0,0,0,0,3476.1904296875,0,3823.8095703125,0,2607.14282226563,13904.76171875,0,0,0,0,0,0,0,0,0,0,0,0,0,0,0,0,0,0,0,0,0,0,0,0,0,0,0,0,102043.6875,11475.498046875
"NGA",3,1,"LSMS-ISA2015",2015,6,30,3009,764,1,300005,5,0,4800,0,0,0,5110,0,0,3520,520,0,0,0,0,10428.57109375,0,4866.6669921875,0,0,5312.2421875,0,0,0,0,7665,0,0,0,0,0,0,0,4171.428515625,0,2294.2857421875,0,1564.28569335938,834.2857421875,0,0,0,0,208.571435546875,0,0,0,0,0,0,0,0,0,0,0,0,0,0,0,0,0,0,0,0,0,0,0,51295.33984375,11475.498046875
"NGA",3,1,"LSMS-ISA2015",2015,6,30,3009,764,1,300006,3,0,1600,0,1946.66666666667,0,2838.88899739583,0,0,2333.33333333333,1652.69836425781,0,0,0,0,0,0,0,0,0,8853.7373046875,0,0,0,0,0,0,0,0,0,0,0,0,3476.1904296875,0,1911.90478515625,0,2607.14282226563,0,0,0,0,18423.8092447917,0,0,0,0,0,2472.5712890625,5517.12434895833,4696.3330078125,384.210530598958,0,0,0,0,0,0,0,347.619059244792,0,0,0,0,7.84107971191406,0,12166.6669921875,71236.7421875,11475.498046875
"NGA",3,1,"LSMS-ISA2015",2015,6,30,3009,764,1,300007,4,0,1200,0,1672.91662597656,0,2433.33325195313,0,0,2250,0,0,0,0,0,0,0,1825,0,0,6640.302734375,0,0,0,0,0,0,0,0,0,0,0,0,4562.5,0,1433.92858886719,0,2607.14282226563,0,0,0,0,13035.7143554688,0,0,0,0,4171.4287109375,2781.642578125,8984.41625976563,2515.89282226563,240.131576538086,0,0,0,0,0,0,0,260.714294433594,0,0,0,0,4.9660177230835,0,6083.33349609375,62703.36328125,11475.498046875
"NGA",3,1,"LSMS-ISA2015",2015,6,30,3026,0,1,300008,6,0,0,0,0,0,608.333333333333,0,0,5466.66666666667,1100,0,0,0,0,10428.5716145833,0,22711.111328125,0,0,3314.25952148438,0,0,0,0,6083.33333333333,3476.1904296875,0,0,0,0,0,0,5648.80924479167,0,955.952392578125,0,4779.76188151042,10428.5716145833,0,0,0,34240.4759114583,0,0,0,0,0,0,6496.74283854167,0,7890.037109375,0,0,0,0,0,1216.66666666667,876.381429036458,695.238118489583,1864.57340494792,48.5501403808594,0,0,695.238118489583,0,0,129025.4453125,11475.498046875
"NGA",3,1,"LSMS-ISA2015",2015,6,30,3026,0,1,300010,7,0,0,0,0,0,1738.09528459821,0,0,9857.14285714286,1771.42858886719,0,0,5214.28571428571,0,0,0,27809.525390625,0,0,16286.3447265625,0,0,0,0,0,0,0,0,3724.48967633929,0,0,0,7448.97935267857,0,1638.77553013393,1117.34695870536,2607.14285714286,5884.69391741071,297.959193638393,446.938790457589,0,27561.2248883929,0,0,0,0,7821.42857142857,11223.2075892857,0,0,0,0,0,0,0,0,782.142857142857,0,462.302300964083,2397.30859375,0,0,0,1205.24493735177,0,0,137296.015625,11475.498046875
"NGA",3,1,"LSMS-ISA2015",2015,6,30,3007,1624,1,300011,2,0,30000,0,10950,0,12775,0,0,21700,2000,0,0,0,0,20857.142578125,0,109500,0,0,5886.7509765625,0,0,0,0,15642.857421875,13035.7138671875,0,0,0,0,0,0,5214.28564453125,0,5735.71435546875,0,3910.71423339844,0,0,0,0,0,521.428588867188,0,0,0,0,0,0,0,0,0,0,0,0,0,0,0,0,0,0,0,0,0,0,0,257729.609375,6710.8173828125
"NGA",3,1,"LSMS-ISA2015",2015,6,30,3007,1624,1,300012,3,0,0,0,3244.4443359375,0,7300,0,0,0,1333.33337402344,0,0,0,0,6952.380859375,0,8111.111328125,0,0,4390.05419921875,0,0,0,0,2954.76204427083,0,2085.71435546875,0,0,0,0,0,3476.1904296875,0,3823.8095703125,0,869.047607421875,0,0,0,0,0,347.619059244792,0,0,0,0,0,0,0,0,0,0,0,0,0,0,0,0,0,0,0,0,0,0,0,44888.46875,6710.8173828125
"NGA",3,1,"LSMS-ISA2015",2015,6,30,3007,1624,1,300013,1,0,8400,0,0,0,6813.33349609375,0,3650,7000,2425,0,0,12166.6669921875,0,0,0,12166.6669921875,600,0,18131.94140625,0,0,0,0,18250,10428.5712890625,0,0,6257.14306640625,0,0,52142.85546875,15642.857421875,0,11471.4287109375,0,6778.57153320313,0,0,0,0,0,0,0,0,0,0,0,5097.49963378906,0,0,0,0,0,0,0,0,0,6291.904296875,4334.83251953125,0,0,0,209.095458984375,0,0,208258.375,6710.8173828125
"NGA",3,1,"LSMS-ISA2015",2015,6,30,3007,1624,1,300014,3,1946.66662597656,4000,0,0,0,2838.88899739583,0,0,333.333333333333,5411.27001953125,0,0,2027.77783203125,0,8690.47591145833,12166.6666666667,20277.77734375,0,0,6000,0,0,0,2722.19235223155,6805.48086674385,3888.84615515922,0,0,6805.48086674385,7777.69231031844,0,23333.0776926771,11666.5388463385,13999.8468330548,8166.57708436466,2722.19235223155,5638.82695476595,0,0,21194.2118228032,0,0,4666.61559257157,0,0,0,0,8143.30996647146,3801.74644592085,0,0,0,0,0,0,0,2173.97314236448,1510.1845748973,2346.27037762073,2424.70837730495,51.2031478737373,0,0,155.944673643901,0,2027.77783203125,205715.578125,6710.8173828125
"NGA",3,1,"LSMS-ISA2015",2015,6,30,3007,1624,1,300016,4,0,6000,0,0,0,3650,0,0,0,600,0,0,0,0,6517.85693359375,0,6083.33349609375,0,0,4574.42822265625,0,0,0,0,19553.572265625,0,0,0,0,0,0,0,2607.14282226563,0,0,0,1303.57141113281,10428.5712890625,0,0,0,0,260.714294433594,0,0,0,0,0,0,0,0,0,0,0,0,0,0,0,0,0,0,0,0,0,0,0,61579.19140625,6710.8173828125
"NGA",3,1,"LSMS-ISA2015",2015,6,30,3007,1624,1,300017,4,0,6000,0,0,0,7300,0,0,750,900,0,0,0,0,15642.857421875,0,7300,0,0,4574.42822265625,0,0,0,0,3910.71435546875,0,0,0,5214.28564453125,0,0,0,6517.85693359375,0,2867.85717773438,0,2607.14282226563,4562.5,0,0,0,0,260.714294433594,0,0,0,0,0,0,0,0,0,0,0,0,0,0,0,0,0,0,0,0,0,0,0,68408.359375,6710.8173828125
"NGA",3,1,"LSMS-ISA2015",2015,6,30,3007,1624,1,300018,5,0,12000,0,0,0,4380,0,730,7080,3936.66674804688,2433.33349609375,0,6083.333203125,0,0,0,29200,0,0,49896.8359375,0,0,0,0,0,5005.714453125,0,0,0,0,0,18771.428125,10428.57109375,0,0,0,5527.1427734375,0,2502.8572265625,834.2857421875,0,11992.8568359375,0,0,0,0,4412.68046875,2129.4873046875,0,0,768.421044921875,0,0,0,0,4484.285546875,4588.571484375,0,1253.253515625,5201.798828125,0,2502.8572265625,0,2506.77757110596,0,0,198651.140625,6710.8173828125
"NGA",3,1,"LSMS-ISA2015",2015,6,30,3007,1624,1,300019,5,0,1200,0,0,0,5840,0,0,2200,530.238098144531,0,0,0,0,0,0,7300,200,0,5312.2421875,0,0,0,0,9385.7140625,17207.1421875,6674.2857421875,0,0,0,0,8342.85703125,10428.57109375,5005.714453125,2294.2857421875,0,4380.00004882812,0,3128.571484375,3754.285546875,0,0,3337.14296875,0,0,0,0,0,0,0,0,0,0,0,0,0,2331.94453125,0,1258.380859375,1300.44970703125,0,1042.85712890625,0,83.63818359375,0,0,102538.328125,6710.8173828125
"NGA",3,1,"LSMS-ISA2015",2015,6,30,3007,1624,1,300020,1,3650,6000,0,0,0,8760,0,0,22600,14700,4866.66650390625,0,0,0,41714.28515625,0,121666.6640625,0,0,25000,0,0,0,2607.14282226563,0,0,0,0,0,0,0,52142.85546875,15642.857421875,0,13557.142578125,0,17207.142578125,0,12514.2861328125,0,0,0,0,0,0,0,25740.63671875,19733.5688476563,0,1564.28576660156,1921.05261230469,14757.4130859375,0,0,0,13817.8569335938,25237.142578125,10428.5712890625,4701.98193359375,27267.8823242188,0,11471.4287109375,0,8382.06282043457,0,5840,533492.9375,6710.8173828125
"NGA",3,1,"LSMS-ISA2015",2015,6,30,3018,914,0,300022,3,0,0,0,2027.77783203125,0,6083.33333333333,0,0,5133.33333333333,1869.04748535156,0,0,12166.6666666667,0,0,2027.77783203125,20277.77734375,1000,0,2002.70568847656,0,0,0,0,0,0,0,0,10428.5716145833,0,0,13904.76171875,13904.76171875,1825,2085.71435546875,0,1477.38094075521,0,347.619059244792,8516.66650390625,0,0,4432.14282226563,0,0,0,11123.8098958333,3708.85677083333,9220.66048177083,0,2497.36832682292,0,0,0,0,0,0,0,2076.98006184896,6458.314453125,0,0,0,0,0,0,144597.046875,17877.6171875
"NGA",3,1,"LSMS-ISA2015",2015,6,30,3018,914,0,300024,2,0,0,0,0,0,1216.66662597656,0,0,3700,782.142883300781,0,0,0,0,0,0,24333.333984375,0,0,1895.05883789063,0,0,0,0,0,0,0,0,3650,0,0,0,0,3128.57153320313,0,0,7821.42846679688,0,0,7039.28564453125,5214.28564453125,0,5214.28564453125,0,0,2607.14282226563,0,22696.78515625,20689.21484375,0,0,0,0,0,0,0,13491.9645996094,0,2192.49383544922,29062.412109375,0,0,0,39.2053985595703,0,0,154774.28125,17877.6171875
"NGA",3,1,"LSMS-ISA2015",2015,6,30,3018,914,0,300025,1,0,0,0,0,6083.33349609375,9125,0,0,0,3607.14282226563,0,0,0,0,15642.857421875,0,12166.6669921875,0,0,3616.25903320313,0,0,0,0,0,0,5735.71435546875,0,0,0,0,0,10428.5712890625,0,11471.4287109375,0,521.428588867188,0,0,0,0,0,0,0,0,0,0,0,0,0,0,0,0,0,0,0,0,0,0,0,0,0,0,0,0,0,78398.3984375,17877.6171875
"NGA",3,1,"LSMS-ISA2015",2015,6,30,3018,914,0,300026,2,0,0,0,3041.66674804688,0,4866.66650390625,0,0,5000,800,0,0,7300,0,65178.5703125,0,18250,5000,0,3445.20166015625,0,0,0,0,11081.3764718585,14247.4838544652,0,0,0,0,0,15830.5374770031,28494.9677089304,1266.44308233567,2216.27529437171,0,0,7756.96359906642,0,1266.44308233567,0,0,0,0,0,0,0,4504.02632692966,10049.9724863285,0,349.938208491665,0,0,0,0,0,0,0,5155.01490661173,0,0,0,0,2337.16314788949,0,0,217438.703125,17877.6171875
"NGA",3,1,"LSMS-ISA2015",2015,6,30,3018,914,0,300029,6,0,0,0,0,0,0,0,0,733.333333333333,0,0,0,8820.83333333333,0,0,0,20277.77734375,0,0,822.664367675781,0,0,0,0,6083.33333333333,0,0,0,3476.1904296875,0,0,0,3476.1904296875,0,1911.90478515625,0,0,7821.42838541667,0,0,0,0,173.809529622396,0,0,0,0,0,0,0,0,0,0,0,0,0,0,0,0,0,0,0,0,0,0,0,53597.46484375,17877.6171875
"NGA",3,1,"LSMS-ISA2015",2015,6,30,3012,334,0,300035,4,0,0,0,0,0,1460,0,0,0,250,0,0,0,0,0,0,2433.33325195313,0,0,1233.99658203125,0,0,0,0,9125,0,0,0,0,0,0,0,2607.14282226563,0,2867.85717773438,0,1303.57141113281,7821.4287109375,0,0,0,0,260.714294433594,0,0,0,0,0,0,0,0,0,0,0,0,0,0,0,0,0,0,0,0,0,0,0,29363.044921875,14978.544921875
"NGA",3,1,"LSMS-ISA2015",2015,6,30,3012,334,0,300036,3,0,0,0,2433.33333333333,0,0,0,0,9000,2266.66674804688,0,0,20277.77734375,0,0,0,24333.333984375,666.666687011719,0,1879.97790527344,0,0,0,0,6284.69497077938,8080.32191218282,0,0,2873.00351176591,0,0,16160.6438243656,20649.7112026999,5386.88150007766,0,0,0,0,718.250877941478,1795.62711037028,0,0,0,0,0,0,0,5108.82948652096,12375.7404197767,1436.50175588296,0,0,0,0,0,0,4608.77637029597,0,4706.40469005031,13344.1763281698,0,0,0,466.908163481317,0,0,164854.234375,14978.544921875
"NGA",3,1,"LSMS-ISA2015",2015,6,30,3012,334,0,300037,4,0,0,0,2433.33325195313,0,5475,0,0,6600,1251.78564453125,0,0,6083.33349609375,0,0,0,18250,0,0,3591.482421875,0,0,0,0,22812.5,0,0,0,5214.28564453125,0,0,16946.427734375,10428.5712890625,5996.42846679688,0,0,1303.57141113281,9907.142578125,1303.57141113281,2085.71435546875,0,0,391.071441650391,0,0,0,0,19494.09765625,11053.3386230469,0,0,10330.189453125,0,22180.76953125,0,0,2867.85717773438,0,822.504154741764,0,0,0,0,0,0,760.416687011719,187583.390625,14978.544921875
"NGA",3,1,"LSMS-ISA2015",2015,6,30,3012,334,0,300038,3,0,0,0,0,0,0,0,0,0,0,0,0,2117,0,0,0,4055.5556640625,0,0,1221.13708496094,0,0,0,0,10428.5716145833,0,0,0,0,0,0,0,3476.1904296875,0,3823.8095703125,0,0,4345.23795572917,0,0,0,0,347.619059244792,0,0,0,0,0,0,0,0,0,0,0,0,0,0,0,0,0,0,0,0,0,0,0,29815.12109375,14978.544921875
"NGA",3,1,"LSMS-ISA2015",2015,6,30,3012,0,1,300040,1,0,3600,0,24333.333984375,0,6691.66650390625,0,0,16000,17700,0,0,0,0,15642.857421875,0,0,0,0,10881.2666015625,0,0,0,0,8917.61109475867,17835.2221895173,0,0,11147.0133801671,5573.50669008354,0,47374.808652804,11147.0133801671,24523.4300847927,17277.8708701215,5573.50669008354,30654.2870239782,13097.7412890683,0,10032.3122687067,0,11147.0133801671,0,0,0,0,0,17863.8046832407,6282.63647412432,12850.2766929984,0,0,0,0,0,0,0,0,0,0,0,0,0,8957.74037702895,0,9125,364229.875,14978.544921875
"NGA",3,1,"LSMS-ISA2015",2015,6,30,3014,120,0,300041,2,851.666687011719,0,0,4866.66650390625,0,4866.66650390625,0,0,3800,7655.23828125,0,0,0,0,0,18250,6083.33349609375,0,0,3662.01245117188,0,0,0,0,0,0,0,0,15642.857421875,0,0,0,10428.5712890625,0,15642.857421875,0,0,0,0,0,0,0,7821.4287109375,0,0,13388.0302734375,16685.71484375,44486.9453125,30934.6611328125,0,3746.05249023438,20660.37890625,0,0,0,0,8603.57153320313,0,17120.7261962891,6517.85693359375,0,0,0,0,0,0,261715.25,7730.86181640625
"NGA",3,1,"LSMS-ISA2015",2015,6,30,3014,120,0,300042,4,1520.83337402344,0,0,0,0,4562.5,0,0,1250,502.083312988281,0,0,1520.83337402344,0,0,0,6083.33349609375,1108.33325195313,0,2485.84521484375,0,0,0,13035.7141113281,15642.857421875,23464.28515625,27375.0004882813,0,0,5214.28564453125,0,13035.7138671875,19553.5708007813,6257.14270019531,8342.85699462891,0,6908.92846679688,5214.28564453125,130.357147216797,6257.14306640625,0,6257.14282226563,5605.35723876953,0,0,0,0,0,0,0,0,14651.0083007813,0,0,0,0,0,3943.71655273438,0,0,0,0,0,0,0,304.166656494141,200227.28125,7730.86181640625
"NGA",3,1,"LSMS-ISA2015",2015,6,30,3014,120,0,300043,9,0,0,0,0,0,811.111111111111,13518.5182291667,0,1933.33333333333,160.370376586914,0,0,6759.25911458333,0,0,0,0,2703.70385742188,0,728.857604980469,0,0,0,0,12166.6666666667,5793.65060763889,0,0,4055.55555555556,0,0,0,0,4345.23828125,0,0,0,8690.4765625,0,0,0,0,0,0,0,0,0,0,0,0,0,0,0,0,0,0,0,0,0,0,0,0,0,0,0,0,61666.7421875,7730.86181640625
"NGA",3,1,"LSMS-ISA2015",2015,6,30,3014,120,0,300044,4,0,0,0,2433.33325195313,0,2737.5,0,0,2000,864.880981445313,0,0,3041.66674804688,0,0,0,6083.33349609375,0,0,1769.87536621094,0,0,0,0,2737.5,27375,0,0,6517.85693359375,0,0,0,7821.4287109375,1564.28576660156,4171.42852783203,0,4953.57150268555,12383.9284667969,0,3128.57153320313,0,2607.14282226563,4823.21435546875,0,0,6290.7197265625,0,15156.33984375,0,0,0,15495.2841796875,0,0,0,0,0,0,0,0,0,977.678588867188,0,0,0,1825,136759.546875,7730.86181640625
"NGA",3,1,"LSMS-ISA2015",2015,6,30,3014,120,0,300045,7,0,0,0,0,0,1042.85714285714,0,0,3457.14285714286,2076.1904296875,0,0,1738.09528459821,0,11173.4698660714,6083.33314732143,15642.857421875,3476.19067382813,0,995.738464355469,0,0,0,0,0,0,0,0,2979.591796875,0,0,3724.48967633929,3724.48967633929,7002.04087611607,8938.77566964286,0,0,0,1489.7958984375,1787.75516183036,0,0,3724.48967633929,0,0,5100.20200892857,7151.02064732143,20646.1238839286,2054.75544084821,0,1070.30071149554,8854.44810267857,0,0,0,931.122419084821,2458.16329520089,3755.92075892857,4444.6973702567,3724.48967633929,0,402.244873046875,0,13.4418509347098,0,0,139664.234375,7730.86181640625
"NGA",3,1,"LSMS-ISA2015",2015,6,30,3014,120,0,300046,3,0,0,0,0,0,1622.22216796875,0,0,0,1033.33337402344,0,0,0,0,17380.9518229167,0,10706.6669921875,0,0,2329.12670898438,0,0,0,0,5735.71419270833,0,0,0,0,0,0,0,6952.380859375,0,15295.23828125,0,1042.85717773438,0,869.047607421875,869.047607421875,0,0,0,0,0,0,0,0,13023.5244140625,0,3650,0,0,0,0,0,0,1752.76285807292,3471.36693159739,9255.17447916667,0,0,0,2807.08940633138,0,0,97796.5,7730.86181640625
"NGA",3,1,"LSMS-ISA2015",2015,6,30,3014,120,0,300047,1,1703.33337402344,0,0,6083.33349609375,0,4866.66650390625,0,0,20000,3108.33325195313,0,0,0,0,0,79083.3359375,24333.333984375,1000,0,6000,0,0,0,0,0,0,0,0,10428.5712890625,0,0,41714.28515625,20857.142578125,0,15642.857421875,0,0,0,0,0,0,0,0,0,0,17850.70703125,16685.71484375,55548.978515625,30934.6611328125,0,0,0,0,0,0,0,11471.4287109375,0,18468.23828125,0,0,0,0,0,0,6083.33349609375,391864.3125,7730.86181640625
"NGA",3,1,"LSMS-ISA2015",2015,6,30,3014,120,0,300048,5,851.666687011719,0,0,1946.6666015625,0,2433.3333984375,0,0,4520,7495,0,0,14600,0,0,14600,3650,1000,0,2007.06994628906,0,0,0,0,14600,16685.7140625,7821.428515625,0,834.285717773437,0,0,12514.2859375,8342.85703125,1981.428515625,8551.42846679688,0,7300.00009765625,14600,1042.85712890625,1877.14287109375,0,312.857153320312,4588.57138671875,0,0,5214.285546875,0,0,0,0,0,4171.428515625,0,19772.571875,1738.0953125,0,0,11320.6046875,0,7802.69765625,0,0,0,10.4547729492188,0,0,204186.734375,7730.86181640625
"NGA",3,1,"LSMS-ISA2015",2015,6,30,3014,120,0,300049,3,6488.888671875,0,0,811.111083984375,0,0,0,0,3000,7930.15869140625,0,0,0,0,0,0,10950,0,0,3345.11645507813,0,0,0,0,25481.8975200215,0,5460.40670193632,0,5824.43391388404,0,0,27302.0341782429,13651.0170891214,2184.16271332661,9100.6773966929,0,5460.40670193632,21841.6261567036,0,4186.31182943917,0,10192.7589799772,1456.108433401,0,0,7125.84583878472,0,25697.1334700769,1084.45719208207,0,0,16816.469258391,0,0,0,0,0,9693.8461661086,12067.6331061109,0,0,0,0,4047.86752577855,0,2027.77783203125,243228.15625,7730.86181640625
"NGA",3,1,"LSMS-ISA2015",2015,6,30,3014,120,0,300050,7,0,0,0,0,0,1181.90471540179,0,0,4400,234.727890014648,0,0,6517.85714285714,0,0,4345.23800223214,21552.380859375,0,0,1441.30920410156,0,0,0,0,5214.28571428571,8938.77566964286,4469.38783482143,0,595.91836983817,0,0,7448.97935267857,5959.18359375,2458.16329520089,6108.1631905692,0,2979.59186662946,5214.28571428571,372.448974609375,1936.73472377232,1489.7958984375,7895.91838727679,2532.65311104911,0,0,3724.48967633929,0,3711.75697544643,3749.501953125,0,0,2979.591796875,0,7061.6328125,931.122419084821,223.469360351563,0,4332.34486607143,454.849190848214,4954.09430803571,0,0,0,7.46769496372768,0,0,135418.03125,7730.86181640625
"NGA",3,1,"LSMS-ISA2015",2015,6,30,3024,1924,1,300051,3,0,8000,0,0,0,8516.66666666667,0,0,5000,1333.33337402344,0,0,40555.5546875,0,0,0,16222.22265625,8111.111328125,0,24723.572265625,0,0,0,0,10428.5716145833,8690.47591145833,0,0,3823.8095703125,0,0,0,3476.1904296875,0,3823.8095703125,0,5214.28564453125,0,0,0,0,0,347.619059244792,0,0,0,0,0,0,0,0,0,0,0,0,0,0,0,0,0,0,0,0,0,0,0,148267.21875,7006.09375
"NGA",3,1,"LSMS-ISA2015",2015,6,30,3024,1924,1,300052,1,0,30000,0,0,0,19466.666015625,0,0,0,4800,0,0,35283.33203125,0,0,0,9733.3330078125,0,0,74170.71875,0,0,0,0,15642.857421875,3128.57153320313,0,0,5214.28564453125,0,0,0,5214.28564453125,0,11471.4287109375,0,6257.14282226563,0,0,0,0,0,1042.85717773438,0,0,0,0,0,0,0,0,0,0,0,0,0,0,0,0,0,0,0,0,0,0,0,221425.46875,7006.09375
"NGA",3,1,"LSMS-ISA2015",2015,6,30,3024,1924,1,300053,6,0,7000,0,0,0,1013.88891601563,0,0,4833.33333333333,2020.83337402344,0,0,7097.22200520833,12166.6666666667,0,0,32444.4453125,0,0,19000.736328125,0,0,0,0,9907.142578125,7821.4287109375,0,0,5561.90486653646,0,0,21726.1901041667,3476.1904296875,2607.14290364583,1390.47623697917,0,2607.14286295573,6604.76171875,695.238118489583,10428.5713704427,0,9559.52376302083,2607.14286295573,0,0,0,0,0,0,0,0,6886.79296875,0,0,0,1738.09521484375,0,0,695.238118489583,0,0,0,0,0,0,0,179890.109375,7006.09375
"NGA",3,1,"LSMS-ISA2015",2015,6,30,3024,1924,1,300054,5,0,7200,6813.33359375,0,0,1703.3333984375,0,0,1800,14536.4296875,0,0,0,0,0,0,29200,24333.33203125,0,62288.4765625,0,0,0,0,0,6257.14296875,0,0,4171.428515625,3650,15642.8578125,0,3128.571484375,16425,0,4171.42861328125,3128.57143554687,0,0,2920,0,0,0,0,0,0,10011.42890625,5440.0359375,1111.06083984375,4171.428515625,0,0,0,0,0,0,5353.3333984375,0,1480.85708007812,7490.5984375,34.956103515625,3441.428515625,0,10.4547729492188,0,0,245915.5,7006.09375
"NGA",3,1,"LSMS-ISA2015",2015,6,30,3024,1924,1,300055,2,0,15000,0,0,0,2433.33325195313,0,0,4100,1000,0,0,0,0,26071.427734375,0,60833.33203125,4000,0,101932.4765625,0,0,0,2832.30511536426,0,0,0,0,4248.45780469167,7080.76265676537,0,0,16993.8312187667,0,0,9913.06807372007,5664.61023072852,0,0,0,0,0,0,0,0,0,9063.37677511058,14774.6428578097,3017.54019608103,12462.1428695113,0,10836.3742116776,0,0,0,0,9346.60715213345,5213.21130109614,2265.84419377765,10524.1167848685,522.088295585618,0,0,4565.76146493979,0,4866.66650390625,349561.9375,7006.09375
"NGA",3,1,"LSMS-ISA2015",2015,6,30,3024,1924,1,300056,9,0,5333.33349609375,4055.55555555556,1351.85188802083,0,675.925944010417,0,0,2333.33333333333,666.666687011719,0,0,2027.77777777778,0,0,0,16222.22265625,0,0,12667.1572265625,0,0,0,0,11508.5458563863,7562.7588950231,1972.89361927795,3288.1558573646,591.868050222363,0,0,19728.9365666285,4603.41834255453,3551.20854843747,1972.89364640469,0,1972.89361927795,4997.99695425543,0,4537.65516374529,0,1315.26237668299,0,0,0,0,0,0,0,0,0,0,0,0,0,0,0,0,263.052486939527,0,0,0,0,0,0,0,113201.375,7006.09375
"NGA",3,1,"LSMS-ISA2015",2015,6,30,3024,1924,1,300057,2,0,12000,15208.3330078125,0,0,12166.6669921875,0,0,0,0,0,0,42583.33203125,0,0,0,24333.333984375,51708.33203125,0,18901.6484375,0,0,0,0,19814.28515625,7821.4287109375,0,0,0,0,0,13035.7138671875,31285.71484375,3389.28564453125,0,0,8342.85717773438,4562.5,0,2085.71435546875,0,13035.7143554688,0,0,0,0,0,22696.78515625,2777.65209960938,0,576.315795898438,0,0,0,0,0,2867.85717773438,0,1042.85717773438,0,0,0,0,0,0,6083.33349609375,316319.6875,7006.09375
"NGA",3,1,"LSMS-ISA2015",2015,6,30,3024,1924,1,300058,2,0,12000,0,0,0,9125,0,0,7500,4229.1669921875,0,0,0,0,26071.427734375,0,48666.66796875,0,0,57002.20703125,0,0,0,0,0,52142.85546875,0,0,7821.4287109375,0,0,0,11732.142578125,0,0,0,7821.42858886719,0,0,0,5214.28564453125,0,0,0,0,0,0,16712.455078125,2777.65209960938,0,0,0,0,0,0,0,10706.6667480469,0,7241.55688476563,14581.9770507813,0,0,0,4223.70257568359,0,12166.6669921875,317737.28125,7006.09375
"NGA",3,1,"LSMS-ISA2015",2015,6,30,3024,1924,1,300059,6,0,4000,0,3041.66666666667,0,3974.4443359375,0,0,0,1680.5556640625,0,0,0,0,9559.52408854167,0,20277.77734375,0,0,28448.287109375,0,0,0,0,0,15642.8567708333,0,0,1738.09521484375,0,0,12166.6666666667,6517.857421875,0,5388.09521484375,1738.09521484375,3041.66666666667,0,0,13122.6194661458,0,0,0,0,0,0,2780.95247395833,1299.85750325521,1851.76806640625,2504.59505208333,0,0,0,0,0,7560.71435546875,0,876.381429036458,2265.5692952474,8089.81624348958,13.5940411885579,0,0,13.0684661865234,0,0,157594.515625,7006.09375
"NGA",3,1,"LSMS-ISA2015",2015,6,30,3024,1924,1,300060,6,4055.5556640625,12000,0,0,0,10138.888671875,0,1013.88891601563,1000,1000,0,0,8111.111328125,0,0,0,4055.5556640625,0,0,12361.7861328125,0,0,0,0,13035.71484375,13035.71484375,0,0,2607.14290364583,0,0,0,3476.1904296875,0,1911.90478515625,0,1738.09521484375,0,0,0,0,0,173.809529622396,0,0,0,0,0,0,0,0,0,0,0,0,0,0,0,0,0,0,0,0,0,0,0,89715.359375,7006.09375
"NGA",3,1,"LSMS-ISA2015",2015,6,30,3024,1406,1,300061,3,0,8000,0,0,0,5840,0,0,3333.33333333333,0,0,0,0,0,10428.5716145833,0,24333.333984375,0,0,38001.47265625,0,0,0,0,0,0,2085.71435546875,0,0,0,0,0,3476.1904296875,0,0,0,1738.09521484375,0,0,0,0,0,0,0,0,0,0,0,0,0,0,0,0,0,0,0,0,0,0,0,0,0,0,0,0,0,97236.71875,4831.78857421875
"NGA",3,1,"LSMS-ISA2015",2015,6,30,3024,1406,1,300062,6,0,6000,0,0,0,7097.22200520833,0,0,2166.66666666667,1680.5556640625,0,0,6083.33333333333,0,0,0,10138.888671875,0,0,12361.7861328125,0,0,0,434.523803710938,12166.6666666667,8690.47623697917,2607.14290364583,0,2085.71435546875,0,0,5648.80924479167,3041.66666666667,1911.90478515625,695.238118489583,0,3041.66662597656,6604.76171875,695.238118489583,7126.19022623698,0,2172.61897786458,43.452382405599,0,0,0,0,0,0,0,0,0,0,0,0,0,0,0,0,0,291.30088297526,0,0,0,0,0,102785.828125,4831.78857421875
"NGA",3,1,"LSMS-ISA2015",2015,6,30,3024,1406,1,300063,3,0,4800,0,0,0,1622.22216796875,0,0,0,533.333312988281,0,0,0,0,10428.5716145833,0,3244.4443359375,0,0,24723.572265625,0,0,0,0,12166.6666666667,0,4519.04752604167,0,3823.8095703125,0,0,0,3476.1904296875,0,3823.8095703125,0,1738.09521484375,0,0,0,0,0,0,0,0,0,0,0,0,0,0,0,0,0,0,0,0,0,0,0,0,0,0,0,0,0,74899.7578125,4831.78857421875
"NGA",3,1,"LSMS-ISA2015",2015,6,30,3024,1406,1,300064,5,0,8400,0,0,0,6570,0,0,4600,680,0,0,0,0,0,0,9733.333984375,0,0,22800.8828125,0,0,0,0,0,3128.571484375,4171.428515625,0,6257.14296875,0,0,8342.85703125,4692.85703125,4275.7142578125,625.714306640625,0,3441.42861328125,7300,0,2346.42861328125,0,2085.7142578125,521.428564453125,0,0,0,10011.42890625,6684.98203125,0,0,1104.6052734375,0,0,0,0,0,0,0,0,0,0,0,0,0,0,0,117774.5234375,4831.78857421875
"NGA",3,1,"LSMS-ISA2015",2015,6,30,3024,1406,1,300065,2,0,4800,0,0,0,5170.83349609375,0,0,9000,10516.6669921875,0,0,0,0,0,0,18250,0,0,12000,0,0,0,0,9169.79390495614,11789.7352299213,2619.94107980542,0,5239.88215961084,0,0,34059.23281371,11789.7347375636,3667.91768446041,1571.96472183881,0,3929.91162123678,4584.89695247807,1047.97648105602,3405.92337943489,0,14409.6760666052,4191.90592422409,0,0,0,0,0,0,0,0,0,0,0,0,0,0,0,523.988240528012,0,0,0,0,0,0,17033.333984375,188773.3125,4831.78857421875
"NGA",3,1,"LSMS-ISA2015",2015,6,30,3024,1406,1,300069,4,0,6600,0,0,0,8516.6669921875,0,0,13750,16251.189453125,0,0,9125,0,58660.71484375,0,24333.333984375,0,0,28501.103515625,0,0,0,0,0,15642.857421875,0,0,2607.14282226563,3910.71435546875,0,15642.857421875,0,11732.1423339844,0,6126.78576660156,4562.5,0,0,7951.78576660156,0,0,2607.14282226563,0,0,0,8342.857421875,16712.455078125,0,0,0,0,0,0,0,0,8603.57153320313,1879.70336914063,808.214294433594,9687.4716796875,230.127685546875,4106.25,0,15.6821594238281,0,0,286908.25,4831.78857421875
"NGA",3,1,"LSMS-ISA2015",2015,6,30,3024,1406,1,300070,7,0,5485.71435546875,0,0,0,4345.23800223214,0,0,8857.14285714286,74.4897994995117,0,0,3024.28571428571,0,0,0,17380.951171875,0,0,10595.8173828125,0,0,0,0,5214.28571428571,7523.46930803571,2234.69391741071,0,3240.30608258929,0,0,4469.38783482143,2234.69391741071,968.367327008929,1787.75516183036,0,3054.08161272321,2830.61216517857,297.959193638393,8864.28578404018,0,14897.9587053571,186.224487304688,0,0,0,0,0,0,0,0,0,0,0,0,0,0,0,0,0,0,0,0,0,0,0,107567.7265625,4831.78857421875
"NGA",3,1,"LSMS-ISA2015",2015,6,30,3025,2052,1,300072,6,0,0,0,0,0,6083.33333333333,0,0,1666.66666666667,728.571472167969,0,0,0,5677.77799479167,6952.380859375,0,8111.111328125,0,0,19000.736328125,0,0,0,434.523803710938,3041.66666666667,13035.71484375,0,0,1825,0,0,0,6083.33333333333,1042.85717773438,3650,869.047607421875,3476.1904703776,6604.76171875,0,0,0,0,4779.76204427083,0,0,0,8342.857421875,0,10127.4536132813,5214.28580729167,0,0,0,0,0,0,0,0,538.809529622396,9687.470703125,8.73902575174967,0,0,17.4246215820313,0,0,127000.484375,4227.81494140625
"NGA",3,1,"LSMS-ISA2015",2015,6,30,3025,2052,1,300073,2,0,0,0,0,0,4258.33349609375,0,0,0,4258.33349609375,0,0,0,0,0,0,6083.33349609375,0,0,13068.75,0,0,0,0,0,16582.6918891195,0,0,0,0,0,0,8291.34594455976,1105.51281355615,1105.51281355615,0,3316.53829948484,0,0,2211.02562711229,0,0,2072.83645562236,0,0,0,8844.10250844917,0,5889.07100226365,0,0,0,0,0,0,0,0,0,663.307674652438,10269.5021658287,0,0,0,0,0,0,88020.203125,4227.81494140625
"NGA",3,1,"LSMS-ISA2015",2015,6,30,3025,2052,1,300074,13,0,0,0,0,0,2339.74353966346,0,935.8974609375,12461.5384615385,5555.82470703125,0,0,4679.48707932692,0,9626.37379807692,70192.3076923077,16846.154296875,0,0,8609.83984375,0,0,0,1203.29672475962,0,12032.9675480769,0,0,3208.79116586538,2406.59344951923,0,4010.98888221154,5414.83533653846,8423.07692307692,0,6818.68126502404,4211.53838641827,0,0,18691.2088341346,0,8021.97776442308,0,0,0,0,5134.06610576923,12855.734375,854.662184495192,0,0,0,0,0,0,5294.50518329327,4706.22731370192,0,965.311260516827,7465.64197716346,12.548345712515,1804.94516225962,0,1293.56919391339,0,374.358947753906,246452.703125,4227.81494140625
"NGA",3,1,"LSMS-ISA2015",2015,6,30,3025,2052,1,300076,4,0,0,0,973.333312988281,0,3650,0,0,3500,0,0,0,0,0,0,0,3041.66674804688,250,0,6000,0,0,0,0,15105.0378950256,6473.5875449156,8631.45010596937,0,863.145052512777,0,0,8631.45040305745,6473.5875449156,1150.86006781089,0,0,3308.72255716722,5178.86989591827,0,5178.87019300635,0,7912.16270229663,2661.36386595381,0,0,0,0,2046.4812677168,0,0,0,0,0,0,0,0,2109.91008473294,0,0,0,0,0,0,0,0,6083.33349609375,99223.8359375,4227.81494140625
"NGA",3,1,"LSMS-ISA2015",2015,6,30,3025,2052,1,300077,2,0,3000,0,2433.33325195313,0,4866.66650390625,0,0,0,400,0,0,0,0,13035.7138671875,0,6083.33349609375,0,0,6000,0,0,0,0,7959.01399670939,5306.00916354986,0,0,2653.00458177493,0,0,0,2653.00458177493,0,5836.6102336332,0,3183.60552254398,0,0,0,0,0,530.600941674545,0,0,0,0,0,0,0,0,0,0,0,0,0,0,0,0,0,0,0,0,0,0,6083.33349609375,70024.234375,4227.81494140625
"NGA",3,1,"LSMS-ISA2015",2015,6,30,3025,2052,1,300078,5,0,1200,0,0,0,2311.6666015625,0,0,0,485,0,0,6083.333203125,0,2085.7142578125,0,14600,0,0,2400,0,0,0,0,3128.571484375,3128.571484375,0,0,2085.7142578125,0,0,0,1042.85712890625,0,2294.2857421875,0,2815.7142578125,0,0,0,0,0,208.571435546875,0,0,0,0,0,0,0,0,0,0,0,0,0,0,0,0,0,0,0,0,0,0,3650.00024414063,47520,4227.81494140625
"NGA",3,1,"LSMS-ISA2015",2015,6,30,3025,2052,1,300079,4,0,1500,0,760.416687011719,0,1520.83337402344,0,0,0,150,0,0,0,0,0,0,2433.33325195313,0,0,3000,0,0,0,0,3910.71435546875,3910.71435546875,1564.28576660156,0,1303.57141113281,0,0,0,1303.57141113281,0,2867.85717773438,0,2867.85711669922,0,0,0,0,0,260.714294433594,0,0,0,0,0,0,0,0,0,0,0,0,0,0,0,0,0,0,0,0,0,0,3041.66674804688,30395.53515625,4227.81494140625
"NGA",3,1,"LSMS-ISA2015",2015,6,30,3025,2052,1,300080,3,0,0,0,0,0,3447.22233072917,0,0,2000,260.714294433594,0,0,4055.5556640625,0,3476.1904296875,0,12166.6669921875,0,0,42715.609375,0,0,0,0,17728.5716145833,9385.71419270833,8690.47623697917,0,6952.380859375,0,0,0,8690.47591145833,2780.95239257813,3476.19059244792,0,4953.57137044271,10776.1904296875,0,3650,0,17380.9524739583,2850.47628275553,0,0,0,0,0,0,0,0,0,0,0,0,0,0,0,695.238118489583,0,0,0,0,0,0,2027.77783203125,168160.90625,4227.81494140625
"NGA",3,1,"LSMS-ISA2015",2015,6,30,3005,2870,1,300081,6,0,3000,0,1013.88891601563,0,608.333333333333,0,0,0,0,0,0,0,0,5214.28580729167,0,1622.22216796875,0,0,6826.12353515625,0,0,0,0,2780.95247395833,0,1042.85717773438,0,0,0,0,0,1738.09521484375,0,1911.90478515625,0,869.047607421875,3476.1904296875,0,0,0,0,0,0,0,0,0,0,0,0,0,0,0,0,0,0,0,0,0,0,0,0,0,0,0,0,30103.900390625,8697.2197265625
"NGA",3,1,"LSMS-ISA2015",2015,6,30,3005,2870,1,300082,1,0,9000,0,0,0,17033.333984375,0,0,0,2400,0,0,0,0,10428.5712890625,0,24333.333984375,0,0,74170.71875,0,0,0,0,0,0,0,0,0,0,0,0,13035.7138671875,0,10428.5712890625,0,5214.28564453125,0,0,0,0,0,0,0,0,0,0,0,0,0,0,0,0,0,0,0,0,0,0,0,0,0,0,0,0,0,166044.53125,8697.2197265625
"NGA",3,1,"LSMS-ISA2015",2015,6,30,3005,0,1,300083,5,5840,0,0,0,0,1460,0,0,7600,480,0,0,0,0,20857.1421875,0,10950,9733.333984375,0,12213.794921875,0,0,0,0,0,0,0,0,2085.7142578125,2085.7142578125,0,0,0,2085.7142578125,0,2085.7142578125,6257.1427734375,0,417.14287109375,0,0,4171.42861328125,0,0,0,0,7300,1871.794921875,721.619970703125,0,0,0,7675.42890625,0,0,156.428552246094,13609.2859375,0,0,2400.705859375,48.0583374023438,1368.74997558594,0,3.75428581237793,0,0,123478.6796875,8697.2197265625
"NGA",3,1,"LSMS-ISA2015",2015,6,30,3005,0,1,300084,5,0,4800,0,0,0,0,0,0,5400,1276.66674804688,0,0,2433.3333984375,0,10428.57109375,0,9733.333984375,0,0,9460.12109375,0,0,0,0,0,0,2085.7142578125,0,521.428564453125,0,0,0,5214.285546875,0,3232.85712890625,0,2607.14282226563,8342.85703125,0,3128.571484375,0,1564.2857421875,834.2857421875,0,0,0,10950,0,6620.54921875,0,0,0,0,0,0,0,0,0,625.714306640625,0,0,0,0,15.0171432495117,0,0,89274.734375,8697.2197265625
"NGA",3,1,"LSMS-ISA2015",2015,6,30,3005,2870,1,300085,4,0,30000,18250,0,0,1064.58337402344,0,0,13500,15295.2392578125,0,0,3041.66674804688,0,13035.7138671875,0,39541.66796875,30416.666015625,0,32454.494140625,0,0,0,1303.57141113281,0,0,0,0,5214.28564453125,7821.4287109375,0,13035.7138671875,7821.4287109375,0,1303.57141113281,3128.57153320313,5214.28576660156,0,0,3650,0,41844.6422119141,3128.57153320313,0,0,0,12514.2861328125,24217.8923339844,1278.82006835938,0,0,5214.28564453125,0,0,0,4086.69647216797,8603.57153320313,2951.93896484375,808.214294433594,14531.2060546875,260.756172180176,1564.28576660156,0,9.14792728424072,0,304.166656494141,366411.3125,8697.2197265625
"NGA",3,1,"LSMS-ISA2015",2015,6,30,3022,0,1,300086,1,4866.66650390625,6000,0,0,0,6083.33349609375,0,0,11000,68491.6640625,0,0,0,0,15642.857421875,0,19466.666015625,0,0,36000,0,0,0,0,0,0,3650,0,5214.28564453125,0,0,26071.427734375,0,0,0,7821.42846679688,16164.2856445313,0,0,4171.4287109375,0,36500,0,0,0,0,10054.935546875,28656.2895507813,0,0,0,0,0,0,0,7299.9990234375,2920,0,0,5856.17919921875,145.650421142578,4345.23779296875,0,62.5714263916016,0,36500,362984.875,8697.2197265625
"NGA",3,1,"LSMS-ISA2015",2015,6,30,3005,2870,1,300087,6,0,4000,0,0,0,2838.88899739583,0,0,0,1500,0,0,13180.5559895833,0,0,0,16222.22265625,0,0,12361.7861328125,0,0,0,0,7821.42838541667,4345.23795572917,0,0,1911.90478515625,0,0,0,1738.09521484375,0,1911.90478515625,0,1738.09521484375,0,0,0,0,0,0,0,0,0,0,0,0,0,0,0,0,0,0,0,0,0,0,0,0,0,0,0,0,0,69570.1171875,8697.2197265625
"NGA",3,1,"LSMS-ISA2015",2015,6,30,3005,2870,1,300088,7,0,1714.28576660156,0,0,0,2607.14285714286,0,869.047668457031,2100,1380.95227050781,0,0,0,0,7448.97935267857,0,3476.19067382813,285.714294433594,0,16286.3447265625,0,0,0,0,0,0,0,0,1117.34695870536,7448.97935267857,0,11173.4698660714,7448.97935267857,3650,0,1489.7958984375,4469.3876953125,0,0,0,0,24581.6323939732,0,0,0,0,7151.02064732143,11259.7829241071,0,0,263.818028041295,0,5959.18359375,0,0,0,2185.03404017857,0,0,2562.70396205357,0,1862.24483816964,0,10504.3108258929,0,1042.85717773438,140339.203125,8697.2197265625
"NGA",3,1,"LSMS-ISA2015",2015,6,30,3005,0,1,300089,1,0,6000,0,0,1216.66662597656,3650,0,0,34800,4455,0,0,6083.33349609375,0,88642.859375,0,38933.33203125,0,0,26561.2109375,0,0,0,0,14600,0,0,0,31285.71484375,10428.5712890625,0,0,10428.5712890625,5214.28564453125,26071.4279785156,5214.28564453125,13557.1430664063,7702.72216796875,2607.14282226563,5214.28564453125,0,93857.1420898438,6257.14306640625,0,0,0,0,33424.91015625,4510.12451171875,0,0,0,0,0,0,0,0,0,0,0,0,4171.4287109375,0,62.5714263916016,0,9733.3330078125,494683.21875,8697.2197265625
"NGA",3,1,"LSMS-ISA2015",2015,6,30,3005,2870,1,300090,2,0,6000,0,0,0,4866.66650390625,0,0,2300,4150,0,0,0,0,39107.14453125,0,12166.6669921875,2000,0,6000,0,0,0,0,7821.4287109375,0,0,0,5475,0,0,26071.427734375,0,6257.14306640625,9125,5214.28564453125,18249.9998779297,0,0,2085.71435546875,0,0,2085.71435546875,0,0,0,0,24303.623046875,3014.1650390625,0,0,0,0,0,0,0,0,3759.40673828125,0,4774.173828125,0,0,0,34427.7734375,0,5779.1669921875,235034.5,8697.2197265625
"NGA",3,1,"LSMS-ISA2015",2015,6,30,3005,2942,1,300091,4,3954.16674804688,13500,13687.5,0,0,4562.5,0,3650,22600,19445.833984375,0,0,45625,0,0,0,66916.6640625,1000,0,50966.23828125,0,0,0,0,0,0,0,0,0,0,0,13035.7138671875,7821.4287109375,0,7821.4287109375,0,0,0,0,9776.7861328125,0,0,3910.71435546875,0,0,0,12514.2861328125,11137.8701171875,2777.65209960938,5735.71435546875,576.315795898438,5214.28564453125,0,0,0,4999.57958984375,4301.78576660156,0,9234.119140625,4843.73583984375,0,16328.1636352539,0,104.547729492188,0,3650,369692.03125,2657.48364257813
"NGA",3,1,"LSMS-ISA2015",2015,6,30,3005,2942,1,300092,2,0,12000,0,0,0,15208.3330078125,0,0,5500,13863.095703125,0,0,15208.3330078125,0,13035.7138671875,0,30416.666015625,2500,0,45332.96875,0,0,0,0,0,52142.85546875,0,0,0,0,0,46928.5703125,11732.142578125,0,0,0,11863.96484375,0,0,35196.4296875,0,0,5214.28564453125,0,0,0,16685.71484375,25068.68359375,0,0,2161.18432617188,0,0,0,0,21508.927734375,7647.619140625,0,4902.69763183594,29062.412109375,0,0,0,9.14792728424072,0,0,423189.75,2657.48364257813
"NGA",3,1,"LSMS-ISA2015",2015,1,37,3706,0,1,300093,5,0,7200,8516.66640625,0,0,0,0,973.333312988281,17720,12294.2861328125,0,0,29200,0,5214.285546875,0,48666.6640625,0,0,13679.7529296875,0,0,0,0,0,0,0,0,5214.2857421875,0,0,0,0,5005.714453125,0,0,1564.28569335938,0,0,1668.571484375,0,3232.85717773438,0,0,0,0,2473.8703125,4158.482421875,957.3771484375,0,0,0,0,0,0,12775.0015625,1835.42861328125,0,521.428564453125,2691.04697265625,457.3423828125,421.314306640625,0,131.4,0,0,186573.40625,2657.48364257813
"NGA",3,1,"LSMS-ISA2015",2015,6,30,3005,2942,1,300094,2,0,12000,0,0,0,7300,0,0,4200,300,0,0,0,0,0,0,6083.33349609375,500,0,57002.20703125,0,0,0,5214.28564453125,0,52142.85546875,0,0,7300,5214.28564453125,0,31285.71484375,13035.7138671875,2607.14282226563,0,5214.28564453125,14339.2858886719,0,0,0,0,5214.28564453125,0,0,0,0,4065.15014648438,12991.1494140625,0,0,0,0,0,0,0,0,3823.8095703125,2607.14282226563,2015.33728027344,8969.4638671875,0,0,0,4400.37231445313,0,1520.83337402344,269346.6875,2657.48364257813
"NGA",3,1,"LSMS-ISA2015",2015,6,30,3005,0,1,300095,5,0,4800,0,0,0,2433.3333984375,0,0,4160,4461.4287109375,0,0,0,0,10428.57109375,0,3893.33325195313,0,0,12213.794921875,0,0,0,0,10950,3128.571484375,0,0,5214.285546875,4171.428515625,0,0,4692.85703125,3754.285546875,2085.7142578125,0,3649.99995117188,6257.1427734375,417.14287109375,1877.1427734375,0,23151.428515625,2607.1427734375,0,0,0,0,0,3310.274609375,0,0,0,0,0,0,0,0,0,1251.428515625,0,0,0,0,75.0857116699219,0,730,119714.3984375,2657.48364257813
"NGA",3,1,"LSMS-ISA2015",2015,6,30,3005,2942,1,300096,3,0,10000,10950,0,0,1176.11108398438,0,0,15133.3333333333,2027.77770996094,0,0,2027.77783203125,0,17380.9518229167,0,40555.5546875,4666.66650390625,0,67954.984375,0,0,0,0,0,0,0,0,0,0,0,27809.5234375,6952.380859375,0,0,0,9559.52376302083,0,0,23464.2864583333,0,0,3476.1904296875,0,0,0,5561.90494791667,11141.63671875,0,0,960.5263671875,0,0,0,0,11732.142578125,8922.22233072917,0,1729.40478515625,12916.62890625,0,0,0,9.58354250590006,0,608.333312988281,296717.46875,2657.48364257813
"NGA",3,1,"LSMS-ISA2015",2015,6,30,3005,2942,1,300097,6,0,2600,0,0,0,1419.44449869792,0,0,0,400,0,0,6083.33333333333,0,0,0,4866.66650390625,0,0,12361.7861328125,0,0,0,0,10428.5716145833,0,4171.4287109375,0,0,0,0,0,1738.09521484375,0,1911.90478515625,0,869.047607421875,0,0,0,0,0,173.809529622396,0,0,0,0,0,0,0,0,0,0,0,0,0,0,0,0,0,0,0,0,0,0,0,47024.0859375,2657.48364257813
"NGA",3,1,"LSMS-ISA2015",2015,6,30,3005,2942,1,300098,4,0,9000,8516.6669921875,0,0,988.541687011719,0,0,7500,8429.76171875,0,0,12166.6669921875,0,2607.14282226563,0,35891.6640625,15208.3330078125,0,77860.59375,0,0,0,2607.14282226563,0,19553.572265625,0,0,0,0,0,19553.572265625,5866.0712890625,0,1303.57141113281,4823.21429443359,4823.21429443359,0,0,912.5,0,0,0,0,0,0,12514.2861328125,8356.2275390625,1705.09338378906,0,720.394775390625,5165.0947265625,8134.28564453125,0,0,6517.85693359375,9885.41677856445,1303.57141113281,1433.92852783203,9687.4716796875,92.0510787963867,5139.7958984375,0,2097.47597503662,0,7604.1669921875,317969.34375,2657.48364257813
"NGA",3,1,"LSMS-ISA2015",2015,6,30,3005,0,1,300099,8,0,0,0,0,0,2281.25,0,0,1125,1300,0,0,0,0,0,0,12166.6669921875,0,0,6250,0,0,0,0,10428.5712890625,0,0,0,1955.35717773438,0,0,0,9450.892578125,2346.42846679688,0,0,4888.39288330078,4562.5,130.357147216797,0,0,3258.92846679688,0,0,0,0,0,23919.6796875,2938.85546875,0,0,0,0,0,0,0,782.142883300781,2633.83666992188,2829.70385742188,0,0,2444.19653320313,0,4.69285726547241,0,0,95697.4453125,2657.48364257813
"NGA",3,1,"LSMS-ISA2015",2015,6,30,3005,2942,1,300100,9,0,3333.33325195313,4055.55555555556,0,0,1622.22222222222,0,1351.85192871094,3711.11111111111,764.814758300781,0,0,3379.62955729167,0,0,0,7435.18505859375,13518.5185546875,0,51546.4609375,0,0,0,0,0,0,1390.47623697917,0,8111.11111111111,2896.82530381944,0,11587.3012152778,6952.38107638889,5677.77777777778,0,1158.73014322917,5793.65082465278,1738.09526909722,289.682535807292,1853.96831597222,0,20857.1429036458,1274.60320366753,0,0,0,3613.466796875,19710.5329861111,0,4792.5078125,0,0,0,0,0,0,1699.47092013889,835.423719618056,463.492078993056,2121.85503472222,0,0,0,0,0,1013.88885498047,194551.078125,2657.48364257813
"NGA",3,1,"LSMS-ISA2015",2015,6,30,3010,1762,1,300101,2,0,4200,0,0,0,3650,0,0,3000,1520.83325195313,0,0,0,0,0,0,6278,0,0,13280.60546875,0,0,0,0,7821.4287109375,0,2607.14282226563,0,0,0,0,26071.427734375,13035.7138671875,3128.57153320313,10428.5715332031,0,10428.5712890625,0,0,521.428588867188,0,2607.14282226563,3389.28570556641,0,0,0,0,19973.240234375,4374.4189453125,0,0,0,0,0,0,0,0,0,0,6502.24853515625,0,0,0,0,0,1216.66662597656,144035.3125,13891.392578125
"NGA",3,1,"LSMS-ISA2015",2015,1,23,2308,0,1,300102,2,0,3000,0,0,7300,4258.33349609375,0,0,1900,260.714294433594,0,0,0,0,0,0,0,1300,0,8506.333984375,0,0,0,0,26262.4156836637,17508.277897741,2334.43709490347,0,7003.31123811412,0,0,14590.2308372165,14590.2308372165,19259.1055153047,2042.63237953177,2918.0462116118,11672.1853058508,17508.277897741,1459.0231058059,4085.26488113385,0,53692.0499846737,3647.55791570776,0,0,0,0,32136.2669319819,0,0,0,0,0,0,0,0,4085.26475906354,0,0,0,0,0,0,0,0,0,261319.96875,13891.392578125
"NGA",3,1,"LSMS-ISA2015",2015,6,30,3010,1762,1,300104,2,0,1800,0,0,0,9125,0,0,0,0,0,0,0,0,0,0,0,0,0,8072.55908203125,0,0,0,0,0,15642.857421875,0,0,0,0,0,0,5214.28564453125,0,0,0,3954.65490722656,0,0,0,0,7821.4287109375,0,0,0,0,8342.857421875,8356.2275390625,1278.82006835938,0,0,0,0,0,0,0,2867.85717773438,0,1616.42858886719,0,0,0,0,0,0,0,74092.9765625,13891.392578125
"NGA",3,1,"LSMS-ISA2015",2015,6,30,3010,1762,1,300105,3,0,4400,0,811.111083984375,0,3244.4443359375,0,0,0,166.66667175293,0,0,0,0,1738.09521484375,0,3244.4443359375,0,0,18053.564453125,0,0,0,0,15642.8567708333,0,2085.71435546875,0,3823.8095703125,0,0,0,3476.1904296875,0,0,0,1738.09521484375,0,0,0,0,0,0,0,0,0,0,0,0,0,0,0,0,0,0,0,0,0,0,0,0,0,0,0,0,0,58424.9921875,13891.392578125
"NGA",3,1,"LSMS-ISA2015",2015,1,23,2308,0,1,300106,3,0,12000,0,0,2027.77783203125,2433.33333333333,4055.5556640625,0,0,5320.23828125,0,0,0,0,0,0,32444.4453125,16000,0,17272.546875,0,2085.71435546875,0,0,10428.5716145833,0,0,0,4171.4287109375,0,0,0,5214.28580729167,0,4171.4287109375,0,5040.47623697917,0,0,0,0,58573.8095703125,347.619059244792,0,0,0,0,39892.8072916667,0,0,0,0,0,0,0,0,0,0,0,0,0,0,0,0,0,0,221480.015625,13891.392578125
"NGA",3,1,"LSMS-ISA2015",2015,6,30,3010,1762,1,300107,1,0,6000,0,0,0,4258.33349609375,0,0,11400,608.333312988281,0,0,0,0,0,0,0,24333.333984375,12514.2861328125,18297.712890625,0,0,0,0,0,0,5214.28564453125,0,0,0,0,0,0,10950,7300,2607.14282226563,2607.14282226563,0,0,11992.8566894531,0,141828.566894531,0,0,0,0,0,0,4262.7333984375,0,0,0,0,0,0,0,0,0,0,0,0,0,0,0,0,0,264174.6875,13891.392578125
"NGA",3,1,"LSMS-ISA2015",2015,6,30,3010,1762,1,300109,6,0,2000,0,0,0,2433.33333333333,0,0,1400,1413.88903808594,0,0,3041.66666666667,0,0,0,10138.888671875,0,0,4763.08935546875,0,0,0,0,0,0,0,0,0,0,0,5214.28580729167,2607.14290364583,0,0,0,869.047607421875,0,0,11732.1432291667,0,9559.52376302083,0,0,0,0,1355.05004882813,4050.60384114583,502.36083984375,0,240.131591796875,0,0,0,0,1303.5712890625,637.301595052083,0,864.702392578125,1591.39127604167,0,0,0,4.79177125295003,0,0,65722.9140625,13891.392578125
"NGA",3,1,"LSMS-ISA2015",2015,6,30,3010,1762,1,300110,1,0,12000,0,1216.66662597656,0,5840,0,0,0,580,0,0,0,0,0,0,0,0,0,8057.7568359375,0,0,0,0,2163.92388465499,0,7419.16785770199,0,0,0,0,0,6182.63958605262,0,0,0,6182.63958605262,0,0,0,0,0,0,0,0,0,0,0,0,0,0,0,0,0,0,0,0,0,0,0,0,0,0,0,0,0,49642.796875,13891.392578125
"NGA",3,1,"LSMS-ISA2015",2015,6,30,3009,0,1,300111,2,0,0,0,0,0,3041.66674804688,0,0,9000,2150,0,0,0,0,13035.7138671875,0,18250,0,0,7428.865234375,0,0,0,0,8342.857421875,0,2607.14282226563,0,0,0,0,0,7821.4287109375,0,2867.85717773438,0,8082.14282226563,9385.7138671875,0,0,2607.14282226563,31285.71484375,0,0,0,0,0,32444.5600585938,0,0,5214.28564453125,0,0,0,0,0,0,1848.10131835938,0,5856.17919921875,0,0,0,25.0285720825195,0,0,171294.40625,9663.5771484375
"NGA",3,1,"LSMS-ISA2015",2015,6,30,3009,1642,1,300113,1,0,4800,0,0,0,6083.33349609375,0,14600,12000,11471.4287109375,0,0,0,0,26071.427734375,0,12166.6669921875,200000,0,26561.2109375,0,0,0,2607.14282226563,18250,18250,5735.71435546875,0,2607.14282226563,0,0,0,23464.28515625,62571.4282226563,34935.7143554688,5214.28564453125,18249.9997558594,0,0,57878.572265625,5214.28564453125,80821.4296875,0,0,0,0,9193.083984375,0,5115.2802734375,0,0,0,0,0,0,27114.28515625,0,0,0,0,2563.44775390625,0,0,20.9095478057861,0,82733.3359375,776294.375,9663.5771484375
"NGA",3,1,"LSMS-ISA2015",2015,6,30,3009,1642,1,300114,4,0,2400,0,0,0,5657.5,2433.33325195313,0,2850,0,0,0,0,0,0,0,27375,0,0,11825.1513671875,0,0,0,0,0,0,0,0,7821.4287109375,0,0,10428.5712890625,3910.71435546875,977.678588867188,1564.28576660156,0,2737.5,0,521.428588867188,1433.92852783203,0,15642.8569335938,0,0,0,0,12514.2861328125,0,6915.49536132813,0,0,0,0,0,0,0,0,0,260.714294433594,4843.73583984375,0,0,0,2412.42602539063,0,0,124526.03125,9663.5771484375
"NGA",3,1,"LSMS-ISA2015",2015,6,30,3009,1642,1,300115,6,0,1000,0,0,0,811.111083984375,0,0,2900,173.809524536133,0,0,0,0,1738.09521484375,0,3244.4443359375,0,0,6000,0,0,0,0,0,8690.47591145833,0,0,1042.85717773438,0,0,0,5648.80924479167,0,2780.95239257813,0,1738.09521484375,0,0,260.714294433594,0,6952.380859375,869.047607421875,0,0,0,5561.90494791667,14637.544921875,2273.45784505208,0,0,0,0,0,0,2867.85715738932,0,0,521.428588867188,0,182.548543294271,0,0,13.0684661865234,0,304.166656494141,70212.765625,9663.5771484375
"NGA",3,1,"LSMS-ISA2015",2015,6,30,3009,1642,1,300116,4,0,1500,0,0,0,2129.16674804688,0,0,8725,456.25,0,0,0,0,7821.4287109375,0,30416.666015625,0,0,6000,0,0,0,0,9125,0,0,0,0,0,0,0,5866.0712890625,0,2867.85717773438,0,2607.14282226563,4562.5,0,0,0,23464.2861328125,1303.57141113281,885.444763183594,0,0,0,10210.6560058594,1705.09338378906,0,1120.61401367188,0,0,0,0,4301.78564453125,764.761901855469,0,782.142822265625,2097.64501953125,0,4562.50006103516,0,26.1369323730469,0,7604.1669921875,140905.890625,9663.5771484375
"NGA",3,1,"LSMS-ISA2015",2015,6,30,3009,0,1,300118,10,0,3600,0,0,0,1216.66669921875,0,0,2000,400,0,0,7300,0,8760,0,13383.3330078125,0,0,3600,0,0,0,0,5318.571484375,0,2607.1427734375,0,2294.2857421875,0,0,0,3650,1772.8572265625,3232.85712890625,0,2346.428515625,3650,0,417.14287109375,0,9542.14296875,2607.1427734375,0,0,0,0,11467.153125,0,0,1070.30068359375,0,0,0,0,938.57138671875,0,1180.7755859375,629.1904296875,1118.74404296875,87.3902587890625,0,0,841.794313812256,0,4258.3330078125,99290.828125,9663.5771484375
"NGA",3,1,"LSMS-ISA2015",2015,6,30,3009,1642,1,300119,5,0,2400,0,0,0,2920,0,0,6200,0,0,0,0,0,0,0,29200,0,0,12213.794921875,0,0,0,0,0,0,0,0,6257.14296875,0,0,0,4692.85703125,0,6257.14296875,0,1981.42856445313,0,417.14287109375,1251.42861328125,0,8342.85703125,0,0,0,0,6674.2859375,12252.7875,3333.182421875,0,0,0,0,0,0,0,2294.2857421875,0,417.14287109375,3874.988671875,0,0,0,0,0,0,110980.46875,9663.5771484375
"NGA",3,1,"LSMS-ISA2015",2015,6,30,3009,0,1,300120,6,0,600,0,0,0,1013.88891601563,0,2027.77783203125,9333.33333333333,1333.33337402344,0,0,1013.88891601563,0,2607.14290364583,0,18250,0,0,4000,0,0,0,0,0,8690.47591145833,0,0,1042.85717773438,1738.09521484375,0,0,7821.42838541667,3389.28580729167,0,1738.09521484375,2607.14282226563,0,0,1564.28564453125,0,14860.7143554688,0,0,0,0,6083.33333333333,0,1959.23697916667,0,0,0,0,0,0,4692.85709635417,1955.35717773438,0,695.238118489583,4306.7353515625,145.650431315104,2172.61897786458,0,705.66668955485,0,0,106348.4453125,9663.5771484375
"NGA",3,1,"LSMS-ISA2015",2015,6,30,3020,322,1,300122,4,0,27000,15208.3330078125,0,0,0,0,3041.66674804688,6500,24736.90625,0,0,0,9505.2080078125,0,60833.33203125,60833.33203125,0,0,50966.23828125,0,0,0,0,0,0,0,0,5214.28564453125,3258.92846679688,11080.357421875,0,46928.5732421875,0,0,10428.5712890625,11732.1427001953,0,0,0,0,0,0,0,0,0,8342.857421875,8088.828125,0,8603.5712890625,0,0,0,0,0,1629.46423339844,8603.57153320313,0,1329.64282226563,7265.60302734375,429.09228515625,14469.642578125,0,3141.63975524902,0,3041.66674804688,412213.46875,6764.50390625
"NGA",3,1,"LSMS-ISA2015",2015,6,30,3020,322,1,300124,2,0,0,0,0,0,0,0,6083.33349609375,49000,3041.66674804688,0,0,0,0,0,0,121666.6640625,0,0,79040.4609375,0,0,0,2637.44681422169,0,0,0,0,7912.34069304742,0,0,0,15824.6813860948,0,0,0,0,0,0,0,0,0,0,0,0,0,8439.83020362447,0,0,17407.1489287801,0,41801.0475594557,42199.1490275471,30770.2135878946,0,26374.4676664191,17407.1494295447,0,8224.86565543062,13187.2338332096,430.242730611444,30519.0276917073,0,28511.9601573957,0,0,550478.9375,6764.50390625
"NGA",3,1,"LSMS-ISA2015",2015,6,30,3020,322,1,300127,2,0,17400,15208.3330078125,0,0,3041.66674804688,0,6083.33349609375,13500,3141.66650390625,0,0,18250,0,0,0,48666.66796875,0,0,101932.4765625,0,0,0,0,0,0,0,0,0,5214.28564453125,22160.71484375,0,10428.5712890625,0,0,8603.57141113281,11732.1428222656,0,0,36500,0,0,0,0,0,0,8342.857421875,21956.3173828125,2557.64013671875,16164.2856445313,0,0,0,0,0,5866.07080078125,17207.1430664063,0,4692.85693359375,13183.546875,0,0,0,4223.70257568359,0,12166.6669921875,428224.46875,6764.50390625
"NGA",3,1,"LSMS-ISA2015",2015,6,30,3020,322,1,300129,8,0,3750,1825,0,0,1825,0,0,2375,4183.03564453125,0,0,6843.75,0,0,0,12166.6669921875,15208.3330078125,0,84508.5390625,0,0,0,0,5866.0712890625,4562.5,1564.28576660156,0,4301.78564453125,1303.57141113281,0,0,3258.92846679688,0,1433.92858886719,977.678588867188,2607.14282226563,2281.25,0,0,0,0,130.357147216797,0,0,0,0,0,0,0,0,0,0,0,0,0,0,0,0,0,0,0,0,0,0,1520.83337402344,162493.65625,6764.50390625
"NGA",3,1,"LSMS-ISA2015",2015,6,30,3020,322,1,300130,5,0,12000,17033.3328125,0,0,0,0,3650,0,17348.572265625,0,0,29200,0,0,19466.6671875,41366.66796875,24333.33203125,0,40772.9921875,0,0,0,0,0,0,4171.428515625,19814.2859375,9385.71416015625,8342.85703125,0,26071.428125,15642.8578125,0,0,0,4692.85712890625,0,0,6674.28583984375,0,18771.42890625,0,0,0,0,16685.715625,25060.04453125,0,0,0,0,0,0,0,11367.1424804688,6882.8572265625,0,625.714306640625,16839.250390625,1282.5783203125,7375.98017578125,0,32.6711669921875,0,0,404890.65625,6764.50390625
"NGA",3,1,"LSMS-ISA2015",2015,6,30,3002,1310,1,300131,4,0,4500,0,0,0,4866.66650390625,0,0,9550,6974.10693359375,0,0,0,0,7821.4287109375,0,21291.666015625,0,0,25837.59765625,0,0,0,0,117321.4296875,69089.2861328125,0,0,0,0,0,0,0,8473.2138671875,7821.4287109375,0,7821.4287109375,18250,0,9776.7861328125,0,8864.28588867188,260.714294433594,0,0,1691.11962890625,0,0,0,0,14984.2099609375,10330.189453125,0,15208.3330078125,9265.384765625,1564.28552246094,3823.8095703125,5214.28564453125,12600.765625,0,582.601745605469,0,0,651.785705566406,0,0,404436.75,6557.42724609375
"NGA",3,1,"LSMS-ISA2015",2015,6,30,3002,1310,1,300135,3,0,4000,0,0,0,3041.66666666667,0,0,0,173.809524536133,0,0,0,0,0,0,8111.111328125,0,0,6400,0,0,0,0,0,0,8690.47591145833,0,2607.14290364583,0,0,0,5214.28580729167,0,1216.66666666667,0,2085.71427408854,0,0,0,0,26071.4285481771,0,0,0,0,0,0,0,0,0,0,0,0,0,0,0,0,0,0,0,0,0,348.490290403366,0,6488.888671875,74449.6875,6557.42724609375
"NGA",3,1,"LSMS-ISA2015",2015,6,30,3002,0,1,300136,5,0,2400,0,243.333325195313,0,1825,0,0,3800,180.809524536133,0,0,36500,0,0,0,9733.333984375,2433.33349609375,0,5760,0,0,0,0,0,5214.285546875,3128.57138671875,0,0,0,0,0,4171.428515625,0,625.714306640625,0,1251.42856445313,0,0,834.2857421875,12410,97402.8560058594,106.162860679626,0,0,0,0,0,0,0,0,0,0,0,0,0,0,0,0,0,0,0,0,0,0,5840,193860.53125,6557.42724609375
"NGA",3,1,"LSMS-ISA2015",2015,6,30,3002,1310,1,300137,3,202.777770996094,8000,0,0,0,3447.22233072917,0,0,8333.33333333333,1759.92053222656,0,0,0,0,26071.4296875,0,24333.333984375,0,0,13552.46484375,0,0,0,0,0,69523.8092447917,0,0,0,0,0,0,0,0,3997.619140625,0,0,6952.380859375,0,23464.2864583333,0,66916.6650390625,347.619059244792,0,0,1352.89575195313,8342.857421875,0,0,0,3682.017578125,3017.0712890625,0,26071.4270833333,0,4795.09814453125,1937.39680989583,6809.37312825521,8229.83707682292,0,194.20058186849,4002.58508300781,0,434.523803710938,0,0,325772.15625,6557.42724609375
"NGA",3,1,"LSMS-ISA2015",2015,6,30,3002,1310,1,300138,1,0,6000,0,0,0,9125,0,0,4800,16566.666015625,0,0,51708.33203125,0,187714.28125,0,48666.66796875,0,0,36000,0,0,0,0,0,0,0,0,10428.5712890625,0,0,0,0,0,0,0,0,0,0,0,0,302428.575195313,0,0,0,0,0,0,330018.0625,0,0,0,0,0,0,6778.5712890625,0,8105.734375,0,0,5.8260178565979,4692.85693359375,0,0,0,36500,1059539,6557.42724609375
"NGA",3,1,"LSMS-ISA2015",2015,6,30,3002,0,1,300139,1,973.333312988281,0,0,0,0,0,0,0,18000,4866.66650390625,0,0,0,0,78214.2890625,0,48666.66796875,0,0,18000,0,0,0,0,19814.28515625,52142.85546875,0,0,10428.5712890625,0,0,0,20857.142578125,0,21900,15642.857421875,11992.8571777344,23464.28515625,0,4171.4287109375,0,174678.567382813,0,0,0,0,0,0,0,0,0,0,0,0,0,0,0,0,0,0,0,0,0,37.5428581237793,0,18250,542101.3125,6557.42724609375
"NGA",3,1,"LSMS-ISA2015",2015,6,30,3021,0,1,300140,4,0,900,0,0,0,3650,0,0,2000,1362.5,0,0,0,0,10428.5712890625,0,3650,750,0,4574.42822265625,0,0,0,0,32296.9150296784,43062.5494377294,0,0,10765.6373594324,0,0,10765.6373594324,26914.0946301309,3229.69151517487,11842.2021612727,0,15610.1750528839,0,0,0,0,32296.9150296784,6459.38303034974,0,0,0,0,51757.8809654929,12135.373769627,0,22097.8861342041,0,0,0,0,0,0,0,0,26914.0946301309,300.716107457331,11214.205603991,0,1987.02924753949,0,1216.66662597656,348182.5625,6557.42724609375
"NGA",3,1,"LSMS-ISA2015",2015,6,30,3002,1264,1,300141,4,0,6000,0,12775,0,3650,0,0,0,1688.6904296875,0,0,0,0,2607.14282226563,0,0,0,0,14540.8583984375,0,0,0,0,3910.71435546875,0,2216.07153320313,0,0,0,0,0,0,0,2607.14282226563,0,1303.57141113281,0,0,0,0,102982.140014648,260.714294433594,0,0,0,0,4178.11376953125,1065.68334960938,0,0,0,0,6517.85693359375,0,0,0,0,312.857147216797,0,0,0,0,0,0,0,166616.5625,11542.6064453125
"NGA",3,1,"LSMS-ISA2015",2015,6,30,3002,0,1,300142,4,0,12000,0,0,0,3650,5170.83349609375,912.5,1450,7646.5478515625,0,0,30416.666015625,7604.16650390625,3910.71435546875,0,16729.166015625,15208.3330078125,0,62371.04296875,0,0,0,0,0,30160.2500662208,0,10440.0865101722,9280.07716794661,0,0,23200.1927921639,18560.1540917526,0,18560.1543358932,23200.1930363046,13224.1099878931,0,0,26680.222583228,0,32480.2705704621,4640.03852293815,0,0,0,24360.2031663549,0,2615.20055974246,0,0,0,0,0,0,0,0,16445.7071399225,0,3882.0223570102,0,0,0,592.996905725464,0,1520.83337402344,426912.6875,11542.6064453125
"NGA",3,1,"LSMS-ISA2015",2015,6,30,3002,1264,1,300143,1,0,48000,0,7300,0,6083.33349609375,0,0,6400,1121.42858886719,0,0,0,0,0,0,0,0,0,26561.2109375,0,0,0,40004.5605503207,16668.566035353,0,100011.393257943,0,0,0,0,66674.264141412,66674.264141412,0,20002.2802751603,0,0,0,11667.9956583263,0,0,0,6667.42638911496,0,0,0,0,0,0,0,0,0,0,0,0,0,97788.9195558028,0,43858.9287541928,0,0,0,0,0,0,0,565484.5625,11542.6064453125
"NGA",3,1,"LSMS-ISA2015",2015,6,30,3002,0,1,300144,1,0,3600,0,0,0,4745,0,0,18200,7050.47607421875,0,0,0,0,0,0,48666.66796875,0,0,18000,0,0,0,0,0,0,0,0,10428.5712890625,0,0,26071.427734375,0,0,0,7821.42846679688,6257.14282226563,9125,0,4171.4287109375,0,205442.857421875,521.428588867188,0,0,0,10054.935546875,0,7216.19970703125,0,0,0,0,0,0,0,7300,0,0,0,0,0,0,25.0285720825195,0,18250,412947.59375,11542.6064453125
"NGA",3,1,"LSMS-ISA2015",2015,6,30,3002,0,1,300145,2,0,0,0,0,0,2433.33325195313,0,0,3950,382.380950927734,0,0,0,0,7821.4287109375,0,6083.33349609375,0,0,3984.79345703125,0,0,0,6324.11036681411,15810.2756752439,0,13702.238887872,0,0,0,0,18445.3212862002,13175.2295666095,0,17127.7982271846,0,12648.220245347,10540.1834485783,790.513795851764,0,0,7905.13783762193,2635.04598656408,0,0,0,0,0,0,0,0,0,0,0,0,0,0,0,0,0,0,0,0,0,0,0,143759.34375,11542.6064453125
"NGA",3,1,"LSMS-ISA2015",2015,6,30,3002,1264,1,300146,5,0,8400,0,0,0,4866.666796875,0,0,1640,344.285705566406,0,0,2433.3333984375,0,2085.7142578125,6570,12166.666015625,0,0,12213.794921875,0,0,0,0,3650,12514.2859375,0,0,4171.428515625,0,0,10428.57109375,5214.285546875,1251.42861328125,6778.5712890625,1564.2857421875,1042.85712890625,4171.428515625,13557.1421875,11471.428515625,0,13035.7146484375,208.571435546875,0,0,0,0,6684.98203125,2222.1216796875,0,0,0,0,0,0,0,0,0,0,0,0,0,0,0,0,1338.33325195313,150025.90625,11542.6064453125
"NGA",3,1,"LSMS-ISA2015",2015,6,30,3002,0,1,300147,5,0,4800,0,0,0,973.33330078125,0,0,15608,1248.09521484375,4866.6669921875,0,29200,0,3128.571484375,0,7300,17200,0,11602.15234375,0,0,0,0,13348.571875,4171.428515625,1042.85712890625,0,0,2085.7142578125,0,15642.8578125,0,3128.571484375,11888.571484375,1042.85712890625,5214.28569335937,7300,0,417.14287109375,0,17728.5716796875,1042.85712890625,0,0,1738.0953125,0,3342.491015625,4965.411328125,0,6421.80390625,0,0,0,0,0,0,0,0,1561.6478515625,0,0,0,1036.37248535156,0,0,199046.953125,11542.6064453125
"NGA",3,1,"LSMS-ISA2015",2015,6,30,3002,1264,1,300148,7,0,857.142883300781,0,0,869.047642299107,2085.71428571429,0,0,3771.42857142857,692.857116699219,0,0,0,0,4469.38783482143,0,5388.09521484375,0,0,4285.71435546875,0,0,0,5214.28571428571,15642.8571428571,7448.97935267857,0,0,5214.28571428571,0,0,7448.97935267857,0,3724.48981584821,1862.24483816964,0,1489.7958984375,11918.3671875,297.959193638393,0,0,12663.2653459821,372.448974609375,0,0,0,0,11937.4676339286,3968.07477678571,0,0,0,0,0,0,0,1638.77553013393,0,446.938755580357,0,0,1676.0205078125,0,0,0,4605.9521484375,119990.5703125,11542.6064453125
"NGA",3,1,"LSMS-ISA2015",2015,6,30,3002,1264,1,300149,3,0,3200,0,0,0,3447.22233072917,0,0,3466.66666666667,3225.15893554688,0,0,6083.33333333333,0,17380.9518229167,0,20277.77734375,0,0,12000,0,0,0,0,15642.8567708333,51273.8092447917,29547.6201171875,0,2085.71435546875,1738.09521484375,0,17380.9518229167,7821.42838541667,4345.23795572917,18597.6185709635,0,12514.2857259115,15642.8567708333,695.238118489583,4345.23795572917,0,9733.33333333333,3823.8095703125,0,0,676.447875976563,7354.46744791667,9358.974609375,1136.72892252604,0,0,0,0,0,0,0,0,0,0,5943.0771484375,0,0,0,0,0,0,288738.90625,11542.6064453125
"NGA",3,1,"LSMS-ISA2015",2015,6,30,3030,946,1,300151,3,0,11600,0,0,0,6083.33333333333,0,0,6466.66666666667,5632.69873046875,0,0,0,0,0,0,24333.333984375,0,0,27624.939453125,0,0,0,0,8342.857421875,6952.380859375,0,0,4866.66650390625,0,0,8690.47591145833,5214.28580729167,13557.1422526042,1564.28564453125,0,4345.23803710938,6952.380859375,695.238118489583,4345.23803710938,0,10080.9521484375,7647.61905924479,0,0,2903.4091796875,0,5570.818359375,0,0,0,0,0,0,0,0,1911.90478515625,0,0,0,0,0,0,0,0,0,175381.859375,4831.78857421875
"NGA",3,1,"LSMS-ISA2015",2015,6,30,3030,946,1,300152,5,0,0,0,0,0,2190,0,0,3000,848.333374023438,0,0,0,0,6257.14296875,0,5840,960,0,5718.6845703125,0,0,0,0,3337.14296875,0,0,0,1042.85712890625,0,0,1042.85712890625,5214.285546875,0,2085.7142578125,0,1251.42856445313,2607.1427734375,0,0,0,4171.42861328125,2294.28569335937,0,0,0,0,11109.795703125,1111.06083984375,0,0,0,0,0,0,0,0,0,2242.14287109375,1678.116015625,0,0,0,0,0,0,64002.41796875,4831.78857421875
"NGA",3,1,"LSMS-ISA2015",2015,6,30,3030,946,1,300153,7,0,0,0,0,0,2259.52385602679,0,0,3914.28571428571,1422.95922851563,0,0,0,0,7448.97935267857,521.428571428571,6952.38134765625,0,0,2571.42846679688,0,0,0,0,9534.69419642857,0,0,0,4096.93865094866,0,0,7448.97935267857,2607.14285714286,2756.12241908482,1638.77553013393,0,1042.85714285714,5214.28571428571,0,0,0,16387.754813058,521.428571428571,0,0,1489.7958984375,0,12710.5558035714,1587.22977120536,0,0,0,0,0,0,0,3332.21135602679,1419.33244977679,2053.43533761161,0,16.6457639421735,1117.34695870536,0,1005.79937744141,0,521.428588867188,101593.75,4831.78857421875
"NGA",3,1,"LSMS-ISA2015",2015,6,30,3030,946,1,300154,1,0,1200,0,0,0,1216.66662597656,0,0,0,0,0,0,0,0,0,0,0,0,0,9600,0,0,0,1042.85717773438,4692.85693359375,0,0,0,0,0,0,0,10428.5712890625,0,10428.5712890625,0,5214.28564453125,0,0,0,0,26071.4287109375,0,0,0,0,0,0,0,0,0,0,0,0,0,0,0,0,0,0,0,0,0,5.22738695144653,0,0,69900.46875,4831.78857421875
"NGA",3,1,"LSMS-ISA2015",2015,6,30,3030,946,1,300156,3,1622.22216796875,0,0,608.333333333333,0,973.333333333333,0,0,4666.66666666667,166.66667175293,0,0,0,0,10428.5716145833,0,8111.111328125,0,0,13327.3212890625,0,0,0,0,0,0,0,0,0,0,0,0,0,0,0,0,0,0,0,0,0,70392.8582356771,0,0,0,0,0,0,0,0,0,0,0,0,0,0,0,2701.91145833333,0,0,0,0,0,0,0,0,112998.9921875,4831.78857421875
"NGA",3,1,"LSMS-ISA2015",2015,6,30,3030,946,1,300157,4,0,0,0,0,0,1520.83337402344,0,0,9500,60.8333320617676,0,0,0,0,3910.71435546875,0,24333.333984375,0,0,6534.375,0,0,0,0,7821.4287109375,3910.71435546875,0,0,808.214279174805,0,0,6517.85693359375,2607.14282226563,1303.57141113281,1303.57141113281,651.785705566406,3258.92852783203,782.142883300781,521.428588867188,651.785705566406,27375,67133.928527832,0,0,0,0,0,4178.11376953125,1065.68334960938,0,0,0,0,0,0,1173.21423339844,0,0,521.428588867188,0,0,0,0,913.155059814453,0,0,178359.171875,4831.78857421875
"NGA",3,1,"LSMS-ISA2015",2015,6,30,3030,946,1,300158,10,0,1200,0,0,0,851.66669921875,0,0,4500,321.547607421875,0,0,0,0,2607.1427734375,0,4866.6669921875,0,0,3600,0,0,0,0,3128.571484375,5214.285546875,0,0,1251.42861328125,0,0,10428.57109375,6257.14296875,0,4692.8572265625,1147.14287109375,3910.71418457031,0,156.428576660156,0,0,2555.00002441406,0,0,0,0,0,16712.4546875,511.52802734375,0,0,0,0,0,0,0,0,0,629.1904296875,0,0,0,0,1345.39047851563,0,3650,79537.7265625,4831.78857421875
"NGA",3,1,"LSMS-ISA2015",2015,6,30,3030,946,1,300159,9,0,3625.33325195313,0,0,0,1757.40744357639,0,0,1077.77777777778,1282.46032714844,0,0,4731.48133680556,0,0,2027.77777777778,13518.5185546875,444.444458007813,0,39680.09375,0,0,0,0,2780.95247395833,1738.09526909722,579.365071614583,0,3128.57145182292,0,0,2896.82530381944,2896.82530381944,1448.41270616319,1274.60319010417,1738.09526909722,1853.96823459201,0,463.492078993056,1738.09521484375,0,10370.6350368924,0,0,0,0,0,3713.87890625,0,0,0,0,0,0,0,0,1699.47092013889,0,0,1076.3857421875,0,0,0,167.167199028863,0,675.925964355469,108386.0625,4831.78857421875
"NGA",3,1,"LSMS-ISA2015",2015,6,30,3030,946,1,300160,5,0,0,0,608.333349609375,0,3893.333203125,0,0,3100,541.428588867188,0,0,1095,0,5214.285546875,0,5840,0,0,5227.5,0,0,0,0,0,45885.715625,0,0,0,0,0,0,0,0,0,0,0,0,0,0,0,6048.5712890625,1877.14291992188,0,0,0,10011.42890625,6292.634765625,0,0,2920,0,0,7821.42890625,2502.8572265625,0,3059.04765625,1042.85712890625,8577.4998046875,2607.1427734375,0,0,0,0,0,0,124166.21875,4831.78857421875
"NGA",3,1,"LSMS-ISA2015",2015,6,30,3016,390,1,300161,5,0,4800,0,0,0,486.666650390625,0,0,4280,0,0,0,0,0,0,0,12166.666015625,200,0,1200,0,0,0,730,33371.428125,2607.1427734375,1042.85712890625,0,1668.571484375,0,0,0,4171.428515625,0,0,0,1564.28569335938,8342.85703125,417.14287109375,1042.85712890625,0,12514.285546875,2919.99995117188,0,0,0,0,3342.491015625,827.56865234375,0,0,0,0,0,0,0,1131.84765625,0,0,0,0,0,0,0,0,1216.66674804688,100044.7578125,12804.240234375
"NGA",3,1,"LSMS-ISA2015",2015,6,30,3016,390,1,300162,4,0,0,0,0,0,1520.83337402344,0,0,1700,250,0,0,3041.66674804688,0,0,0,24333.333984375,100,0,3600,0,0,0,1303.57141113281,0,6517.85693359375,5214.28564453125,0,1303.57141113281,0,0,0,3910.71423339844,0,2607.14282226563,0,2607.14282226563,3128.57153320313,521.428588867188,0,7821.4287109375,14339.2861328125,4432.14282226563,0,0,0,4171.4287109375,4178.11376953125,1034.46081542969,0,0,0,0,0,0,0,0,0,0,0,0,0,0,0,0,0,97636.9765625,12804.240234375
"NGA",3,1,"LSMS-ISA2015",2015,6,30,3016,390,1,300163,1,0,34800,0,0,0,3650,0,0,8400,2442.85717773438,0,0,0,0,0,0,60833.33203125,0,0,9444.09375,0,0,0,2085.71435546875,16685.71484375,0,0,0,8342.857421875,0,0,0,13035.7138671875,0,0,0,3650,0,2085.71435546875,0,0,41714.2861328125,0,0,0,0,0,24130.1689453125,2777.65209960938,0,0,0,0,0,0,0,5659.23828125,0,1251.42858886719,0,0,0,0,2.08767938613892,0,6083.33349609375,247074.171875,12804.240234375
"NGA",3,1,"LSMS-ISA2015",2015,6,30,3016,390,1,300164,1,6813.33349609375,2400,0,8516.6669921875,0,4866.66650390625,0,0,5000,1700,0,0,0,0,0,0,7300,0,0,5480.68798828125,0,0,0,0,0,0,0,0,0,0,0,10428.5712890625,18250,0,0,0,15642.8569335938,14600,0,0,0,20857.142578125,3128.57153320313,0,0,0,11031.701171875,39409.240234375,0,0,7492.10498046875,0,0,0,0,0,6118.09521484375,0,3232.85717773438,0,0,0,0,3520.29782104492,0,0,195788.796875,12804.240234375
"NGA",3,1,"LSMS-ISA2015",2015,6,30,3016,0,1,300165,6,0,1000,0,0,0,2838.88899739583,0,0,5100,1495.23815917969,0,0,8111.111328125,0,5214.28580729167,0,12166.6669921875,5069.4443359375,0,2000,0,0,0,0,5214.28580729167,3041.66666666667,0,0,6517.857421875,2172.61897786458,0,6952.380859375,3910.71419270833,1303.57145182292,3997.619140625,434.523803710938,2954.76188151042,0,0,0,0,40845.2384440104,0,0,0,0,0,5570.818359375,979.618489583333,0,0,0,0,0,0,2607.142578125,0,0,695.238118489583,2172.61897786458,242.750712076823,3621.03157552083,0,414.659881591797,0,5069.44482421875,141714.171875,12804.240234375
"NGA",3,1,"LSMS-ISA2015",2015,6,24,2403,0,1,300166,8,0,4500,15208.3330078125,0,0,0,0,760.416687011719,2500,700,0,0,0,0,0,0,33458.33203125,0,0,16227.2470703125,0,0,0,0,0,6517.85693359375,1955.35717773438,0,7821.4287109375,0,9125,39107.14453125,19553.572265625,0,3584.82141113281,3910.71435546875,3258.92852783203,3910.71435546875,0,0,0,28678.5713500977,0,0,0,0,7475.81591796875,0,0,0,0,0,0,0,0,0,0,0,0,0,0,0,0,0,0,0,208254.25,12804.240234375
"NGA",3,1,"LSMS-ISA2015",2015,6,30,3016,390,1,300167,4,1064.58337402344,0,0,2433.33325195313,0,2190,0,0,4250,260.714294433594,0,0,0,0,0,0,1216.66662597656,0,0,2024.12951660156,0,0,0,0,11732.142578125,16946.4282226563,0,0,0,0,0,0,0,0,0,0,4562.5,3128.57153320313,0,0,0,0,260.714294433594,0,0,3897.83471679688,5515.8505859375,7583.60595703125,0,0,0,0,0,0,11581.73046875,0,2867.85717773438,0,4814.77575683594,1398.43005371094,495.211486816406,0,0,586.607116699219,0,0,88811.6953125,12804.240234375
"NGA",3,1,"LSMS-ISA2015",2015,6,30,3016,390,1,300168,2,1520.83337402344,0,0,2737.5,0,3041.66674804688,0,0,2900,851.666687011719,0,0,0,0,2085.71435546875,0,0,0,0,2912.66943359375,0,0,0,0,0,31285.71484375,0,0,0,0,0,0,0,0,0,0,0,0,0,0,0,18250,3128.57141113281,0,0,1803.86096191406,8342.857421875,7865.79345703125,0,7691.0712890625,0,0,0,0,18530.76953125,0,2867.85717773438,0,13800.0815429688,3496.0751953125,291.300872802734,0,0,2085.71435546875,0,0,135489.734375,12804.240234375
"NGA",3,1,"LSMS-ISA2015",2015,6,30,3016,390,1,300169,1,1216.66662597656,36500,0,1216.66662597656,0,1946.66662597656,0,0,3200,0,0,0,0,0,0,0,0,0,0,4203.0869140625,0,0,0,0,0,2105.88394595198,0,0,0,0,0,14039.2257639064,0,0,11231.3806926189,0,2807.84523418989,0,0,0,0,0,0,0,0,1705.10301128554,0,8399.53712943316,0,0,0,0,0,0,0,0,0,0,842.353574297584,0,0,0,0,1264.94127724104,0,0,90679.3515625,12804.240234375
"NGA",3,1,"LSMS-ISA2015",2015,6,30,3016,390,1,300170,6,1013.88891601563,18250,0,0,0,1622.22216796875,0,0,3133.33333333333,107.182548522949,0,0,0,0,0,0,10138.888671875,0,0,1400,0,0,0,6257.142578125,5214.28580729167,3041.66666666667,869.047607421875,0,6952.380859375,3476.1904296875,0,13035.71484375,0,7560.71402994792,6778.57161458333,0,6257.14274088542,3476.1904296875,0,0,0,695.238098144531,0,0,0,0,0,16712.4557291667,710.45556640625,0,0,0,0,0,0,0,0,0,0,2889.88834635417,0,1303.57145182292,0,1217.10341389974,0,1419.44445800781,123532.71875,12804.240234375
"NGA",3,1,"LSMS-ISA2015",2015,6,30,3023,622,0,300171,1,0,0,0,0,0,1460,0,0,8000,764.761901855469,0,0,0,0,52142.85546875,0,0,0,0,5717.75146484375,0,0,0,0,0,0,0,0,0,0,0,0,0,0,0,0,0,0,0,0,0,83428.5703125,0,0,0,6952.380859375,3677.23388671875,0,0,0,0,0,0,0,0,0,0,0,0,0,0,0,0,0,0,0,162143.5625,3140.66259765625
"NGA",3,1,"LSMS-ISA2015",2015,6,30,3023,622,0,300172,3,0,0,0,0,0,2027.77783203125,0,0,0,373.809539794922,0,0,0,0,0,0,0,0,0,1645.32873535156,0,0,0,0,7583.36714427456,7109.40646971479,0,0,7109.40646971479,0,0,2369.80208835028,9479.2083534011,0,0,0,2843.76255581921,5924.50511854371,0,0,0,710.940659299854,2843.76263719942,0,0,0,0,15191.0400699365,2524.78911127808,0,0,4739.60417670055,0,0,0,8215.31361234145,2780.56779313872,2279.80989671336,2369.80208835028,0,0,0,0,319.982822956998,0,0,88441.9921875,3140.66259765625
"NGA",3,1,"LSMS-ISA2015",2015,6,30,3023,622,0,300173,1,0,0,0,0,0,10950,0,0,4800,1042.85717773438,0,0,0,0,13035.7138671875,0,0,0,0,4935.986328125,0,0,0,0,0,38081.486365438,10880.4248153484,0,5440.21240767417,0,0,27201.0615500896,10880.4248153484,0,0,2720.10620383709,4896.19126859124,0,0,0,0,0,6528.25519426247,0,0,0,0,0,11592.013518325,0,0,0,0,0,0,0,11968.4676220778,0,0,0,0,0,0,0,0,0,164953.203125,3140.66259765625
"NGA",3,1,"LSMS-ISA2015",2015,6,30,3023,622,0,300174,1,0,0,0,0,0,0,0,0,0,0,0,0,0,0,15642.857421875,0,0,0,0,3616.25903320313,0,0,0,0,0,10428.5712890625,0,0,0,0,0,0,6257.14306640625,0,0,0,4692.85717773438,0,0,0,0,8342.85717773438,0,0,0,0,5515.8505859375,8660.765625,0,0,0,0,0,0,0,0,2867.85717773438,0,625.714294433594,2167.41625976563,0,0,0,104.547729492188,0,0,68922.6953125,3140.66259765625
"NGA",3,1,"LSMS-ISA2015",2015,6,30,3023,622,0,300175,5,0,0,0,0,0,0,0,0,3100,60,0,0,0,0,0,0,0,0,0,2156.03955078125,0,0,0,0,0,0,0,0,0,0,0,0,0,0,0,0,3667.67328921457,0,0,0,0,0,995.511317895169,0,0,4599.26171596976,6706.60281246057,23116.4800297393,0,0,0,0,0,0,43334.9729794526,2200.6037771809,3073.85955540423,2971.27971159404,3562.88269410523,1124.16099848428,0,0,0,773.54567043735,0,0,101442.8671875,3140.66259765625
"NGA",3,1,"LSMS-ISA2015",2015,6,30,3023,622,0,300176,3,0,4000,0,811.111083984375,0,608.333333333333,0,0,1466.66666666667,81.1111068725586,0,0,0,0,8690.47591145833,0,4055.5556640625,0,0,1667.60095214844,0,0,0,0,0,0,0,0,3476.1904296875,0,0,0,5214.28580729167,0,0,0,1564.28572591146,0,0,14773.8098958333,0,0,0,0,0,0,0,7318.7724609375,568.364461263021,0,0,0,0,0,0,2259.52376302083,1911.90478515625,0,521.428548177083,1444.94417317708,0,2607.14290364583,0,455.433349609375,0,0,63496.9375,3140.66259765625
"NGA",3,1,"LSMS-ISA2015",2015,6,30,3023,622,0,300177,3,0,4000,0,0,0,1825,0,0,4733.33333333333,1600,0,0,0,0,0,0,24333.333984375,1466.66662597656,0,2380.58862304688,0,0,0,0,11123.8098958333,15642.8567708333,5214.28564453125,0,3476.1904296875,0,0,8690.47591145833,4345.23795572917,5214.28580729167,8864.28588867188,5214.28580729167,2607.14282226563,6952.380859375,0,6257.142578125,0,0,6257.14282226563,0,0,0,0,0,0,0,0,0,0,0,5470.72591145833,0,1937.39680989583,0,0,0,0,0,0,0,0,0,137606.578125,3140.66259765625
"NGA",3,1,"LSMS-ISA2015",2015,6,30,3023,622,0,300178,4,0,3000,0,0,0,730,0,0,1750,75,0,0,4866.66650390625,0,0,0,6083.33349609375,0,0,5373.86669921875,0,0,0,0,0,0,0,0,0,0,0,0,0,0,0,0,4562.5,0,0,0,0,0,1564.28570556641,0,0,4227.798828125,4171.4287109375,49156.4970703125,0,0,2761.51318359375,0,0,5431.54736328125,5214.28564453125,0,7647.619140625,5910.07427978516,5540.36572265625,6517.85693359375,0,0,0,0,0,0,124584.640625,3140.66259765625
"NGA",3,1,"LSMS-ISA2015",2015,6,30,3023,622,0,300179,1,0,0,0,1460,0,9125,0,0,3400,1200,0,0,0,0,10428.5712890625,0,0,0,0,5639.93359375,0,0,0,0,16685.71484375,13035.7138671875,0,0,7821.4287109375,0,0,13035.7141113281,0,10428.5712890625,13557.1424560547,0,1564.28576660156,0,0,2607.14282226563,0,0,0,0,0,1803.86096191406,9193.083984375,16712.455078125,4262.7333984375,0,0,0,0,0,0,6778.5712890625,0,2607.14282226563,7508.57165527344,6992.150390625,0,0,0,4197.56564331055,0,1825,171870.359375,3140.66259765625
"NGA",3,1,"LSMS-ISA2015",2015,6,30,3023,622,0,300180,1,0,12000,0,0,0,5475,0,0,5600,1842.85717773438,0,0,0,0,0,0,73000,400,0,7141.76611328125,0,0,0,0,18250,0,5214.28564453125,0,6257.14306640625,0,0,20857.142578125,10428.5712890625,0,0,0,5214.28564453125,20857.142578125,0,7300,0,13557.1430664063,17728.5712890625,0,0,10428.5703125,0,42931.767578125,8275.6865234375,0,0,0,0,0,0,0,5735.71435546875,0,2695.02416992188,0,0,0,0,0,0,0,301190.6875,3140.66259765625
"NGA",3,1,"LSMS-ISA2015",2015,6,30,3033,554,0,300181,1,0,0,0,0,0,0,0,0,3000,400,0,0,0,0,0,0,80336.5,0,0,3462.93188476563,0,0,0,0,0,0,5214.28564453125,0,1564.28576660156,0,0,26071.427734375,0,2607.14282226563,52142.85546875,0,2607.14282226563,12514.2861328125,2085.71435546875,0,5214.28564453125,0,2085.71435546875,0,0,13035.7138671875,0,61218.736328125,8275.6865234375,0,0,0,0,0,0,0,0,0,4240.96801757813,0,0,0,0,0,0,0,286077.6875,4294.92333984375
"NGA",3,1,"LSMS-ISA2015",2015,6,30,3033,554,0,300182,1,0,0,0,0,0,2676.66674804688,0,0,0,521.428588867188,0,0,0,0,15642.857421875,0,12166.6669921875,0,0,5002.802734375,0,0,0,0,0,0,0,0,3128.57153320313,0,0,10428.5712890625,13035.7138671875,9646.42883300781,15642.857421875,0,5214.28564453125,0,0,4692.85693359375,0,7821.4287109375,3650,0,0,6952.380859375,18386.16796875,20421.3120117188,0,0,0,0,0,0,0,0,0,0,15616.6547851563,4195.2900390625,0,0,0,156.821594238281,0,0,174999.765625,4294.92333984375
"NGA",3,1,"LSMS-ISA2015",2015,6,30,3033,554,0,300183,3,0,0,0,0,6083.33333333333,1419.44449869792,0,0,866.666666666667,640.476196289063,0,0,0,0,17380.9518229167,0,1622.22216796875,0,0,4164.375,0,0,0,0,11123.8098958333,0,0,0,3650,0,0,5214.28580729167,3476.1904296875,0,3823.8095703125,0,1042.85717773438,3476.1904296875,0,0,0,33023.8100585938,869.047607421875,0,0,3669.69596354167,0,29275.08984375,1851.76806640625,0,0,0,0,0,0,0,0,3505.52571614583,8569.27099609375,0,38.8401158650716,0,0,651.785725911458,0,0,145439.453125,4294.92333984375
"NGA",3,1,"LSMS-ISA2015",2015,6,30,3033,0,0,300184,1,0,0,0,0,18250,2433.33325195313,0,0,8900,2790,0,0,0,0,0,0,0,0,0,6000,0,0,0,0,0,0,0,0,0,0,0,0,24076.3022847382,0,1805.72275563995,0,12038.1511423691,0,0,0,0,12038.1511423691,1203.81517042663,0,0,0,9285.47761632851,34879.7740517323,0,0,0,0,0,0,0,24076.3000371491,6982.12774666311,4342.87809459372,5049.90239416741,6760.04111657172,168.130584917983,5015.89602837182,0,72.228905447027,0,6083.33349609375,192251.5625,4294.92333984375
"NGA",3,1,"LSMS-ISA2015",2015,6,30,3033,0,0,300185,5,0,0,0,4866.666796875,0,973.33330078125,0,0,2240,1145.47619628906,0,0,730,0,2607.1427734375,0,1946.66662597656,0,0,1440,0,0,0,0,11196.2473727588,0,0,0,0,0,0,0,10496.4813185759,4548.47544263115,0,0,3498.8271293647,0,0,874.706813789747,0,0,0,0,0,0,0,25209.4996794021,2629.32718806549,0,0,0,0,0,0,0,2589.1321414739,3525.03564174349,2016.68514006108,4691.7881007019,65.155060799165,0,0,34.9882724295196,0,1460,88785.625,4294.92333984375
"NGA",3,1,"LSMS-ISA2015",2015,6,30,3033,554,0,300186,5,0,0,0,0,0,730,0,0,2000,160,0,0,0,0,8342.85703125,0,3406.66674804688,0,0,1857.14282226563,0,0,0,0,0,0,0,0,0,0,0,0,0,0,0,0,6257.14296875,0,0,0,0,48701.4293945313,260.714282226562,0,0,3302.7265625,10011.42890625,27396.3546875,0,0,3313.815625,0,0,0,9963.296875,0,3059.04765625,2103.3154296875,5818.84306640625,2607.1427734375,0,0,0,312.857153320312,0,0,139604.78125,4294.92333984375
"NGA",3,1,"LSMS-ISA2015",2015,6,30,3033,554,0,300187,6,0,0,0,0,0,912.5,0,0,3566.66666666667,722.22216796875,0,0,7097.22200520833,0,8690.47591145833,0,5069.44482421875,0,0,1093.28637695313,0,0,0,0,5561.90494791667,6952.380859375,0,0,1390.47619628906,0,0,0,3476.1904296875,0,11471.4288736979,0,1129.76192220052,0,0,0,0,8690.47591145833,0,425.013509114583,0,1295.17561848958,0,1443.4609375,0,0,0,0,6952.380859375,0,0,9689.87972005208,0,0,3775.96310424805,4345.23795572917,194.20058186849,434.523763020833,0,1173.43260701497,0,0,95553.703125,4294.92333984375
"NGA",3,1,"LSMS-ISA2015",2015,6,30,3033,554,0,300188,3,0,0,0,0,0,1013.88891601563,0,0,3933.33333333333,440.476196289063,0,0,0,0,0,0,811.111083984375,0,0,1456.73547363281,0,0,0,0,5744.56449475842,0,1795.17631986784,0,2513.24688171264,0,0,0,7180.70527947135,0,0,0,3410.8350382826,0,718.070561844803,0,0,0,0,877.942911535371,0,877.530716996575,0,11169.847588635,0,0,0,0,0,0,0,17323.448946017,2632.92533693483,0,4398.18204636108,4487.94072165334,0,448.794037594874,0,163614.195968191,0,0,234848.9375,4294.92333984375
"NGA",3,1,"LSMS-ISA2015",2015,6,30,3033,554,0,300190,4,0,0,0,0,0,0,0,0,4000,435.714294433594,0,0,2129.16674804688,0,0,0,3650,0,0,1998.00988769531,0,0,0,0,0,0,0,0,0,0,0,0,0,0,0,0,0,0,0,0,0,0,1042.85717773438,7005.63916015625,0,0,7004.26416015625,4636.0712890625,6206.76416015625,0,0,0,0,0,10428.5712890625,10602.3811645508,9863.69067382813,0,6464.83129882813,0,0,0,0,0,0,0,75467.9609375,4294.92333984375
"NGA",3,1,"LSMS-ISA2015",2015,6,30,3015,1688,0,300191,4,0,0,0,0,0,0,0,0,2750,30.4166660308838,0,0,0,0,26071.427734375,0,15208.3330078125,0,0,1393.30285644531,0,0,0,0,0,0,0,0,0,0,0,9746.079391288,6961.48506581733,0,0,0,1253.06735792509,0,0,0,0,4176.89122862792,0,0,0,9281.98073879811,8910.70146323111,0,8838.95866752074,0,0,0,0,0,0,0,4594.58022353129,0,3470.24794547535,6721.25474848034,0,0,0,1072.48848999229,0,0,110481.21875,7489.2724609375
"NGA",3,1,"LSMS-ISA2015",2015,6,30,3015,1688,0,300192,2,0,0,0,0,0,0,0,0,0,0,0,0,0,0,0,0,0,0,0,2359.46459960938,0,0,0,0,0,0,0,0,0,0,0,0,13035.7138671875,0,0,0,2346.42858886719,0,0,0,0,0,0,0,0,4345.23828125,7354.4677734375,4330.3828125,0,0,0,0,0,0,0,0,2867.85717773438,0,4679.755859375,0,0,0,0,130.684677124023,0,0,41449.99609375,7489.2724609375
"NGA",3,1,"LSMS-ISA2015",2015,1,23,2308,0,1,300193,4,0,6000,0,0,0,4562.5,0,0,5050,773.511901855469,0,0,18250,0,5214.28564453125,0,8516.6669921875,7754.16650390625,0,10837.2109375,0,0,0,1955.35717773438,0,0,0,0,4041.07153320313,0,0,10428.5712890625,0,16685.7143554688,3258.92846679688,0,5475.00012207031,3910.71435546875,1303.57141113281,7560.71423339844,0,56966.0708007813,2998.21429443359,0,0,0,7555.73193359375,21563.25390625,0,0,0,0,0,0,2607.14282226563,0,1825,0,0,0,0,0,0,0,0,0,215093.40625,7489.2724609375
"NGA",3,1,"LSMS-ISA2015",2015,6,30,3015,1688,0,300194,7,0,0,0,0,0,0,0,0,4314.28571428571,85.7142868041992,0,0,0,0,2979.591796875,0,2085.71435546875,0,0,1141.71997070313,0,0,0,0,0,0,0,0,0,0,0,0,0,0,744.89794921875,0,0,1787.75516183036,595.918387276786,0,0,0,744.897984095982,2001.61118861607,0,3387.4921875,4767.34709821429,0,4728.96372767857,0,0,0,0,0,8938.77566964286,0,1638.77553013393,0,2953.92016601563,0,0,0,0,0,0,0,42897.37890625,7489.2724609375
"NGA",3,1,"LSMS-ISA2015",2015,6,30,3015,1688,0,300195,6,0,0,0,0,0,0,0,0,3833.33333333333,80.555549621582,0,0,0,0,0,0,1622.22216796875,0,0,1763.25439453125,0,0,0,0,0,0,0,0,0,0,0,0,0,0,3476.1904296875,0,0,0,0,0,0,0,6778.57145182292,3502.8193359375,0,1507.30305989583,8342.857421875,11141.63671875,0,0,0,0,0,2896.82552083333,6746.55338541667,0,0,0,5840.31966145833,2172.61897786458,0,0,0,0,0,0,59705.0625,7489.2724609375
"NGA",3,1,"LSMS-ISA2015",2015,6,30,3015,1688,0,300196,3,0,0,0,0,0,0,0,0,44333.3333333333,1666.66662597656,0,0,20277.77734375,0,0,0,32444.4453125,0,0,1751.02734375,0,0,0,0,6083.33333333333,0,1738.09521484375,0,0,0,0,0,0,0,26071.4290364583,0,1042.85717773438,4171.4287109375,695.238118489583,0,0,0,2607.14282226563,0,0,3476.19010416667,0,0,5517.12434895833,0,0,0,0,0,0,2085.71435546875,0,0,1430.97701009115,0,0,0,0,0,0,0,155392.78125,7489.2724609375
"NGA",3,1,"LSMS-ISA2015",2015,6,30,3015,1688,0,300197,8,0,0,0,0,0,0,0,0,400,0,0,0,3041.66674804688,0,0,0,7604.16650390625,0,0,696.651428222656,0,0,0,0,0,0,0,0,2281.25,0,0,13035.7138671875,6517.85693359375,0,0,0,782.142883300781,0,260.714294433594,0,0,3258.92846679688,0,0,0,4433.57373046875,8342.857421875,0,10162.6931762695,0,0,0,0,0,0,0,3584.82153320313,0,2664.13305664063,3146.4677734375,0,0,0,815.141540527344,0,0,71028.7734375,7489.2724609375
"NGA",3,1,"LSMS-ISA2015",2015,1,23,2308,0,1,300198,3,0,4000,0,0,0,2838.88899739583,4055.5556640625,0,1666.66666666667,1618.25390625,0,0,20277.77734375,0,12166.6666666667,0,12977.77734375,2000,0,14449.6142578125,0,4171.4287109375,0,0,13035.71484375,0,0,0,4171.4287109375,0,0,8690.47591145833,5214.28580729167,9385.71435546875,3476.1904296875,0,7995.23819986979,8342.857421875,1738.09521484375,9385.71419270833,0,28504.7625325521,3302.38098144531,0,0,0,0,23475.5319010417,1280.29345703125,0,0,0,0,0,0,0,1668.57145182292,0,0,0,0,0,0,0,0,0,209889.90625,7489.2724609375
"NGA",3,1,"LSMS-ISA2015",2015,1,23,2308,0,1,300199,6,0,1000,0,0,0,2027.77783203125,0,0,3566.66666666667,1389.28576660156,0,0,0,0,0,0,8111.111328125,2333.33325195313,0,2063.06201171875,0,0,0,0,4345.23795572917,0,0,0,4171.4287109375,0,0,5214.28580729167,3041.66666666667,3650,1738.09521484375,0,2520.23815917969,0,434.523803710938,1042.85717773438,0,24333.3339029948,608.333333333333,0,0,0,0,26863.4954427083,0,0,0,0,0,0,0,0,0,0,0,0,0,0,0,0,0,0,98454.734375,7489.2724609375
"NGA",3,1,"LSMS-ISA2015",2015,6,30,3015,1688,0,300200,4,0,0,0,0,0,0,0,0,6600,200,0,0,6083.33349609375,0,0,0,18250,0,0,1313.2705078125,0,0,0,0,9125,0,1303.57141113281,0,0,0,0,0,3258.92846679688,0,0,0,1303.57141113281,3258.92846679688,2607.14282226563,2346.42846679688,0,0,4171.42858886719,0,0,13065.3408203125,0,16177.65625,1034.46081542969,0,0,0,0,0,0,0,2867.85717773438,0,1373.49359130859,0,0,0,0,0,0,0,94340.421875,7489.2724609375
"NGA",3,1,"LSMS-ISA2015",2015,6,30,3032,1088,1,300201,8,0,0,0,0,1216.66662597656,2281.25,0,0,2650,425.892852783203,0,0,5322.91650390625,0,0,0,21291.666015625,760.416687011719,0,4997.74560546875,0,0,0,782.142883300781,4562.5,13687.4997558594,651.785705566406,0,0,0,0,9776.7861328125,0,1303.57141113281,2867.85717773438,0,1368.75001525879,1629.46423339844,4562.5,391.071441650391,0,0,17076.7848815918,0,0,0,0,0,0,0,0,0,0,0,0,0,1433.92858886719,0,0,0,0,0,0,0,0,0,99041.1875,11475.498046875
"NGA",3,1,"LSMS-ISA2015",2015,6,30,3032,1088,1,300202,7,5214.28564453125,0,2433.33342633929,0,0,608.333356584821,0,0,3971.42857142857,3691.66674804688,0,0,6952.38113839286,0,0,869.047642299107,20857.142578125,7238.09521484375,0,10079.4541015625,0,0,0,2979.591796875,0,4469.38783482143,1117.34695870536,0,372.448974609375,0,0,14897.9587053571,8938.77566964286,0,0,0,4096.93872070313,0,0,0,0,10056.1227678571,0,0,0,0,19069.3883928571,14324.9620535714,0,0,0,0,0,0,0,14196.8780691964,5134.83000837054,2234.69391741071,1191.83666992188,5535.69810267857,665.83056640625,2234.69391741071,0,2407.96023123605,0,869.047668457031,176709.5625,11475.498046875
"NGA",3,1,"LSMS-ISA2015",2015,6,30,3032,1088,1,300203,6,0,0,0,10138.888671875,0,2433.33333333333,0,0,5500,1135.71423339844,0,0,11152.77734375,0,0,0,10138.888671875,0,0,969.398376464844,0,0,0,869.047607421875,16425,23464.2864583333,869.047607421875,0,2085.71435546875,0,0,4345.23795572917,1738.09521484375,0,5214.28580729167,0,2607.14286295573,8690.47591145833,695.238118489583,0,0,0,4866.66670735677,0,0,0,0,0,0,0,5974.70247395833,0,0,0,0,0,0,0,0,0,0,0,0,0,0,1013.88891601563,120327.8359375,11475.498046875
"NGA",3,1,"LSMS-ISA2015",2015,6,30,3032,1088,1,300204,4,0,1500,0,0,1520.83337402344,0,0,0,8850,180.41667175293,0,0,608333.3125,0,3650,0,7300,60833.33203125,0,2400,0,0,0,0,0,0,0,0,2085.71435546875,0,0,0,19553.572265625,1825,0,0,2737.5,0,260.714294433594,0,0,45103.5712280273,0,0,0,0,4136.88818359375,4178.11376953125,639.410034179688,0,0,0,0,0,0,0,2389.88098144531,0,0,2167.41625976563,0,1173.21423339844,0,456.413780212402,0,2433.33325195313,783708.625,11475.498046875
"NGA",3,1,"LSMS-ISA2015",2015,6,30,3032,1088,1,300207,4,608.333312988281,6000,0,0,0,5475,0,0,6750,4822.91650390625,0,0,24333.333984375,0,3910.71435546875,1520.83337402344,24333.333984375,300,0,42672.4296875,0,0,0,0,0,10428.5712890625,0,0,6517.85693359375,0,8473.2138671875,14339.2861328125,0,0,0,1303.57141113281,7039.28564453125,10428.5712890625,521.428588867188,0,0,20857.142578125,651.785705566406,0,0,0,12514.2861328125,12534.341796875,1388.82604980469,6713.39282226563,0,12642.1845703125,0,0,0,1955.35693359375,8412.38104248047,0,1564.28564453125,0,5149.107421875,3910.71435546875,0,2591.73699951172,0,0,270664.21875,11475.498046875
"NGA",3,1,"LSMS-ISA2015",2015,6,30,3032,1088,1,300208,9,0,1633.33337402344,0,0,540.74072265625,0,0,0,4000,27.037036895752,0,0,10814.8151041667,0,8690.4765625,0,27037.037109375,1351.85192871094,0,8551.0244140625,0,0,0,2896.82530381944,0,0,0,0,6373.01567925347,0,11587.3012152778,17380.953125,11587.3012152778,0,0,2027.77780490451,5503.96815321181,0,231.746039496528,0,0,179139.680881076,0,0,0,2512.171875,12977.7795138889,18333.6781684028,568.364474826389,0,0,0,0,0,0,2172.61892361111,4461.11105685764,0,3476.19053819444,0,0,0,0,1072.33487955729,0,0,344949.125,11475.498046875
"NGA",3,1,"LSMS-ISA2015",2015,6,30,3032,1088,1,300209,4,0,0,0,0,2433.33325195313,1216.66662597656,0,0,9250,1044.04760742188,0,0,1825,0,0,0,6083.33349609375,0,0,2020.89685058594,0,0,0,0,24767.857421875,28678.5708007813,0,0,0,0,0,0,0,0,2607.14282226563,0,0,0,1042.85717773438,0,0,15642.8571777344,3389.28570556641,0,0,637.220947265625,0,1854.42846679688,0,0,0,0,0,10863.0947265625,0,1955.35693359375,0,439.406127929688,5124.59387207031,1748.03759765625,0,0,0,0,0,0,122623.9921875,11475.498046875
"NGA",3,1,"LSMS-ISA2015",2015,6,30,3032,1088,1,300210,5,0,3840,0,0,2433.3333984375,949,0,0,6720,3845.47607421875,0,0,7300,0,31285.715625,0,29200,400,0,18036.931640625,0,0,0,0,0,10428.57109375,3128.571484375,0,10428.57109375,0,0,20857.1421875,0,0,0,0,5214.28564453125,0,0,0,0,50057.144921875,0,0,0,0,20022.8578125,13369.9640625,0,0,0,0,0,8690.47578125,0,4866.6662109375,6118.0953125,0,3291.95229492187,5214.285546875,233.040698242187,3128.571484375,0,1512.66687011719,0,1460,272033.3125,11475.498046875
"NGA",3,1,"LSMS-ISA2015",2015,6,30,3032,520,0,300211,9,0,0,0,0,0,0,0,0,2111.11111111111,27.037036895752,0,0,4055.55555555556,0,8690.4765625,0,3244.4443359375,0,0,524.325439453125,0,0,0,0,0,0,0,0,0,0,0,0,0,0,0,0,0,0,0,0,0,0,0,0,0,3862.43419709741,1180.87157954429,32335.0569730451,0,0,0,0,13302.222805359,4400.94680751004,0,0,1911.90481471599,0,2846.95552844937,0,0,0,0,492.751472881396,0,0,78986.09375,8052.98095703125
"NGA",3,1,"LSMS-ISA2015",2015,6,30,3032,520,0,300213,7,0,0,0,0,0,0,0,0,6214.28571428571,142.857147216797,0,0,3128.57142857143,0,0,0,13904.7626953125,0,0,1073.48193359375,0,0,0,0,0,0,0,0,0,0,0,0,0,0,5959.18359375,0,0,2979.591796875,0,0,0,8342.85714285714,1378.06126185826,2001.61118861607,0,1739.4375,6003.65513392857,9878.72572544643,1182.24093191964,0,0,0,19069.3883928571,0,0,1787.75516183036,0,0,2840.48597935268,0,665.83056640625,0,0,0,0,0,88292.7890625,8052.98095703125
"NGA",3,1,"LSMS-ISA2015",2015,6,30,3032,520,0,300214,1,0,0,0,0,0,0,0,0,11000,1473.33325195313,0,0,36500,0,0,0,0,0,0,3839.81909179688,0,0,0,0,0,0,0,0,4171.4287109375,0,0,0,15642.857421875,0,13035.7138671875,0,0,0,0,0,0,0,1042.85717773438,0,0,6952.380859375,0,37687.904296875,4137.84326171875,0,0,0,0,0,0,3128.57153320313,0,0,5530.658203125,0,0,0,0,0.651785671710968,0,0,144144.015625,8052.98095703125
"NGA",3,1,"LSMS-ISA2015",2015,6,30,3032,520,0,300217,6,0,0,0,0,0,0,0,0,2500,405.555541992188,0,0,1054.44441731771,0,2607.14290364583,1216.66666666667,0,0,0,1302.84680175781,0,0,0,0,0,0,0,0,2172.61897786458,0,0,0,0,0,0,0,1042.85717773438,0,0,0,0,2607.14290364583,0,0,0,1932.11702473958,8342.857421875,18516.326171875,925.884033203125,0,1248.68416341146,0,13904.76171875,5281.1357421875,0,0,2549.20638020833,0,6529.26684570313,4345.23795572917,194.20058186849,0,0,1814.94778442383,0,0,80493.890625,8052.98095703125
"NGA",3,1,"LSMS-ISA2015",2015,6,30,3032,520,0,300218,5,0,0,0,0,0,0,0,0,2560,0,0,0,0,0,0,0,0,0,0,1502.87475585938,0,0,0,0,3128.571484375,0,0,0,0,0,0,0,0,0,2607.1427734375,0,1772.85717773438,2607.1427734375,0,0,0,2607.1427734375,0,1401.12783203125,0,2595.491015625,0,4878.4705078125,0,0,0,0,16685.7140625,0,0,0,0,0,7302.89169921875,0,0,0,0,52.2738708496094,0,0,49701.69921875,8052.98095703125
"NGA",3,1,"LSMS-ISA2015",2015,6,30,3032,520,0,300220,6,0,0,0,0,0,0,0,0,0,133.33332824707,0,0,0,0,0,0,12166.6669921875,500,0,1252.39562988281,0,0,0,0,6517.857421875,0,0,0,0,0,0,0,2607.14290364583,1738.09521484375,4779.76188151042,0,869.047607421875,0,0,0,0,0,2172.61905924479,0,0,2172.61897786458,0,16919.2102864583,0,0,0,0,0,0,0,0,4106.81315104167,0,1763.02189127604,1306.83846028646,0,0,0,0,0,0,59005.41796875,8052.98095703125
"NGA",3,1,"LSMS-ISA2015",2015,6,30,3019,0,0,300221,6,0,1000,0,0,2027.77783203125,2027.77783203125,0,0,4400,4912.5,0,0,8111.111328125,0,0,3041.66666666667,8111.111328125,0,0,3000,0,0,0,0,0,0,0,0,4692.85713704427,8690.47591145833,0,5214.28580729167,0,0,0,0,869.047607421875,0,0,0,0,0,434.523803710938,0,0,0,9125,21125.447265625,0,0,0,0,6952.380859375,0,0,6257.142578125,2867.85717773438,4180.22916666667,5299.58333333333,2908.30533854167,121.375356038411,2172.61897786458,0,52.1428578694661,0,3041.66674804688,120636.875,6442.384765625
"NGA",3,1,"LSMS-ISA2015",2015,6,30,3004,216,0,300222,1,0,0,0,0,0,0,0,0,8000,2164.28564453125,0,0,0,0,0,0,0,10000,0,3839.81909179688,0,0,0,0,15642.857421875,28678.5712890625,4171.4287109375,0,0,0,0,26071.427734375,0,0,12514.2861328125,0,6778.57141113281,0,0,0,0,31285.71484375,9907.14282226563,0,0,13035.7138671875,0,0,0,0,11046.052734375,0,0,0,0,0,57357.14453125,0,0,0,0,0,0,0,0,0,240493,6442.384765625
"NGA",3,1,"LSMS-ISA2015",2015,6,30,3004,0,0,300223,4,0,3000,0,0,2129.16674804688,608.333312988281,0,0,3450,10608.3330078125,0,0,3650,0,5866.0712890625,4562.5,2433.33325195313,0,0,3000,0,0,0,0,0,0,0,0,3267.25811789307,5445.42993066884,0,6806.78727825834,6806.78727825834,0,0,2722.71496533442,9529.50251374817,0,0,544.543019106871,0,19059.0050274963,680.678741333605,0,0,4660.5029376357,7875.49538194212,63286.3812635835,706.508102670573,0,0,0,0,0,0,8168.14413756659,5785.76953121793,6393.51855147372,1758.42013134867,7644.72264343893,190.133714271474,2836.16133175457,0,347.962959705935,0,5475,209299.15625,6442.384765625
"NGA",3,1,"LSMS-ISA2015",2015,6,30,3004,216,0,300225,6,0,0,0,0,0,0,0,0,12766.6666666667,473.809539794922,0,0,3041.66666666667,0,17380.9518229167,0,20277.77734375,0,0,1252.39562988281,0,0,0,0,0,0,0,0,0,0,0,0,0,0,0,0,0,0,1042.85717773438,0,0,7560.71419270833,2520.23819986979,2335.21305338542,0,2254.826171875,11123.8098958333,17479.5416666667,0,0,1248.68416341146,0,25028.5703125,5281.1357421875,2698.62141927083,498.424397786458,4461.11116536458,0,2173.541015625,6458.314453125,0,869.047526041667,0,139.39697265625,0,0,148367.3125,6442.384765625
"NGA",3,1,"LSMS-ISA2015",2015,6,30,3004,216,0,300226,12,0,0,0,0,0,912.5,0,0,5833.33333333333,1051.78576660156,0,0,6083.33333333333,0,0,0,3650,0,869.047607421875,842.92578125,0,0,0,0,0,0,1042.85717773438,0,4779.7617594401,0,0,0,0,0,1086.30948893229,0,0,2172.61897786458,0,0,0,23464.2858072917,217.261901855469,0,0,6536.65405273438,13904.7630208333,33345.3072916667,3448.20247395833,0,0,0,0,7921.703125,0,664.565836588542,4602.61295572917,0,10747.2223307292,0,194.20058186849,1303.57145182292,0,2281.2499593099,0,0,136956.078125,6442.384765625
"NGA",3,1,"LSMS-ISA2015",2015,6,30,3004,216,0,300227,3,0,0,0,0,0,0,0,0,8866.66666666667,81.1111068725586,0,0,0,0,0,0,4217.77783203125,0,0,1572.97644042969,0,0,0,0,8864.28580729167,0,0,0,0,0,0,8690.47591145833,12166.6666666667,7821.4287109375,9733.33333333333,869.047607421875,1738.09521484375,1564.28564453125,1390.47623697917,1738.09521484375,0,19814.2853190104,0,0,0,5793.65104166667,0,37687.9049479167,1989.27571614583,0,0,0,0,0,0,0,0,0,4699.49729410807,0,0,0,0,7561.15118408203,0,0,146860.484375,6442.384765625
"NGA",3,1,"LSMS-ISA2015",2015,6,30,3004,216,0,300228,1,0,0,0,3650,0,17033.333984375,0,0,11200,3720.71435546875,0,0,0,0,0,0,9733.3330078125,2000,0,6987.38037109375,0,0,0,0,15642.857421875,20857.142578125,0,0,9385.7138671875,0,0,0,20857.142578125,0,0,2607.14282226563,2085.71435546875,0,0,0,0,93857.140625,2607.14282226563,0,0,0,12870.318359375,16712.455078125,0,0,0,0,0,0,0,6778.5712890625,3059.04760742188,0,14514.0720214844,0,233.04069519043,0,0,261.369354248047,0,0,276653.65625,6442.384765625
"NGA",3,1,"LSMS-ISA2015",2015,6,30,3004,216,0,300229,1,0,1200,0,608.333312988281,0,0,0,0,0,0,0,0,0,0,0,0,0,0,0,5042.5068359375,0,0,0,0,0,0,0,0,0,0,0,0,25925.0398713149,0,0,0,4536.88218952387,0,0,0,0,0,0,0,0,4320.8399614086,9141.466506902,25383.3102979756,0,0,0,0,0,0,0,0,71293.861676069,0,0,0,0,0,0,649.754471896053,0,0,148101.984375,6442.384765625
"NGA",3,1,"LSMS-ISA2015",2015,6,30,3004,216,0,300230,1,0,0,0,0,0,0,0,0,5000,1721.42858886719,0,0,0,0,0,0,0,0,0,4370.20654296875,0,0,0,0,0,0,0,0,0,0,0,0,15642.857421875,0,0,0,0,13035.7138671875,0,0,0,36500,0,0,0,5214.28564453125,9193.083984375,54054.3359375,0,0,0,0,0,19012.08984375,0,0,12505.8369140625,0,18110.7490234375,6992.150390625,0,0,0,52595.9267272949,0,0,253948.625,6442.384765625
"NGA",3,1,"LSMS-ISA2015",2015,1,31,3105,2914,1,310001,4,0,0,0,1520.83337402344,0,760.416687011719,0,0,0,1145.11901855469,0,0,0,0,0,0,2433.33325195313,2250,0,13068.607421875,0,2607.14282226563,0,31285.71484375,11732.142578125,0,0,0,1303.57141113281,0,0,3910.71435546875,1303.57141113281,651.785705566406,2867.85717773438,0,10428.5713500977,0,651.785705566406,0,0,1303.57141113281,651.785705566406,0,0,0,0,0,0,0,0,0,0,0,0,0,0,0,0,0,0,0,0,0,0,60.8333320617676,89937.359375,20853.494140625
"NGA",3,1,"LSMS-ISA2015",2015,1,31,3105,2914,1,310002,11,0,3054.54541015625,0,0,0,1548.48490767045,0,0,0,241.883117675781,0,0,0,0,0,0,2212.12133789063,1181.81823730469,0,5077.388671875,0,0,0,4740.25958806818,3318.18181818182,0,0,0,0,2370.12979403409,0,0,1422.07790305398,0,1137.66237571023,0,3555.19471324574,0,474.025967684659,0,474.025967684659,3555.19477982955,94.8051979758523,0,0,7661.82954545455,2270.87801846591,0,0,0,0,0,0,0,0,0,0,0,1224.56711647727,0,0,0,0,0,0,0,45615.0703125,20853.494140625
"NGA",3,1,"LSMS-ISA2015",2015,1,31,3105,2914,1,310003,11,0,436.363647460938,0,0,0,1327.27272727273,0,0,1090.90909090909,810.064880371094,0,0,2212.12127130682,0,948.051935369318,0,7742.423828125,454.545440673828,0,2727.27270507813,0,0,0,1965.40318983826,4422.15713545619,4913.50788039865,0,0,0,4913.50788039865,0,4422.15713545619,1965.40323422747,0,3635.99591278793,0,3439.45557950766,2456.75394019932,2456.75394019932,0,0,3930.80637967653,245.675398729783,0,0,0,0,0,0,0,0,0,0,0,0,0,0,0,2484.88209231046,0,0,0,0,0,0,2765.1513671875,61766.64453125,20853.494140625
"NGA",3,1,"LSMS-ISA2015",2015,1,31,3105,2914,1,310004,1,4866.66650390625,9600,0,0,0,0,0,0,10000,1408.33325195313,0,0,0,0,62571.4296875,0,24333.333984375,0,0,184634.234375,0,0,0,0,104285.7109375,0,6257.14306640625,0,26071.427734375,65178.5703125,0,26071.427734375,0,78214.28515625,13035.7138671875,0,41714.2856445313,52142.85546875,13035.7138671875,0,0,83428.5703125,2085.71435546875,0,0,0,0,0,0,0,0,0,0,0,0,0,0,0,0,0,0,0,0,0,0,4866.66650390625,813802.125,20853.494140625
"NGA",3,1,"LSMS-ISA2015",2015,1,31,3105,2914,1,310005,4,0,6000,0,3041.66674804688,0,608.333312988281,0,0,0,499.761901855469,0,0,0,0,19553.572265625,0,12775,0,0,10133.4931640625,0,0,0,32589.28515625,19553.572265625,0,3128.57153320313,0,0,2607.14282226563,0,0,2607.14282226563,651.785705566406,3258.92846679688,0,4562.49993896484,2607.14282226563,651.785705566406,0,0,18250.0002441406,521.428588867188,0,0,3601.27807617188,0,0,0,0,0,0,0,0,0,0,0,0,0,0,0,0,0,0,0,0,147202.40625,20853.494140625
"NGA",3,1,"LSMS-ISA2015",2015,1,31,3105,2914,1,310006,4,5475,3900,0,0,4562.5,5170.83349609375,0,0,27250,25068.51171875,0,0,0,0,2607.14282226563,0,12166.6669921875,12500,0,44981.921875,0,0,0,0,0,0,3258.92846679688,0,0,7821.4287109375,0,3910.71435546875,5214.28564453125,7821.42846679688,11406.25,4562.49987792969,6257.14282226563,5214.28564453125,1955.35717773438,14730.3571777344,0,11080.3571166992,325.892852783203,0,0,0,0,0,0,0,0,0,0,0,0,0,0,0,0,0,0,0,0,0,0,608.333312988281,227849.84375,20853.494140625
"NGA",3,1,"LSMS-ISA2015",2015,1,31,3105,2914,1,310007,7,0,5142.85693359375,0,3476.19056919643,0,0,0,0,1314.28571428571,591.156433105469,0,0,0,0,3724.48967633929,0,2433.33349609375,57.1428565979004,0,16777.03515625,0,0,0,11085.4564020244,5542.72820101219,0,1293.30321969154,0,0,5542.72820101219,0,0,0,0,4341.80358627211,0,1570.43965497355,0,0,0,0,0,461.893999743952,0,0,0,0,0,0,0,0,0,0,0,0,0,0,0,0,0,0,0,0,0,0,0,63354.83984375,20853.494140625
"NGA",3,1,"LSMS-ISA2015",2015,1,31,3105,2914,1,310008,7,0,4285.71435546875,0,1738.09528459821,0,1216.66671316964,0,0,0,1365.64636230469,0,0,0,0,2234.69391741071,0,2607.14282226563,0,0,19431.306640625,0,1489.7958984375,0,0,6704.08147321429,0,1787.75516183036,0,3724.48967633929,0,0,3352.04073660714,4841.83649553571,0,5586.73451450893,893.877580915179,5214.28574916295,0,0,0,0,2979.59186662946,0,0,0,11173.4698660714,0,0,0,0,0,23456.984375,0,0,0,2482.99330357143,0,0,0,2462.25613839286,416.144077845982,1253.91169084821,0,446.938790457589,0,0,111146.4453125,20853.494140625
"NGA",3,1,"LSMS-ISA2015",2015,1,31,3105,2914,1,310009,2,0,3000,0,0,0,4258.33349609375,0,0,16000,1816.66662597656,0,0,0,0,11732.142578125,0,12166.6669921875,0,0,9402.7763671875,0,0,0,3978.21632183927,15912.8652873571,9282.5045753732,5304.28850536936,0,19891.0820897828,15912.8652873571,0,11934.6484541521,7956.43264367855,15912.8652873571,13260.7204012364,6630.36044475883,21217.1532890556,5304.28826122874,3978.21632183927,795.643275997775,31825.7305747142,53042.8828256488,1326.07206530718,0,0,0,0,0,0,0,0,0,0,0,0,0,0,0,0,0,0,0,0,0,0,0,301843.40625,20853.494140625
"NGA",3,1,"LSMS-ISA2015",2015,1,31,3105,2914,1,310010,7,0,3428.57153320313,0,1738.09528459821,0,6952.38113839286,2085.71428571429,0,1142.85714285714,1057.14282226563,0,0,0,0,0,0,17380.951171875,0,0,13542.9140625,0,2663.17645697397,0,8877.2544025444,12206.224982639,0,554.828400159025,0,0,11096.5679949348,0,5548.2839974674,4438.6272012722,554.828400159025,6103.11249131952,221.931371414498,4993.45567800145,5104.42155141062,2996.07336127102,0,0,5548.2839974674,554.828400159025,0,0,0,0,0,0,0,0,0,0,0,0,0,0,0,0,0,0,0,0,0,0,0,118790.53125,20853.494140625
"NGA",3,1,"LSMS-ISA2015",2015,1,31,3101,604,0,310011,6,0,4116,3041.66666666667,0,0,1216.66666666667,0,0,3300,808.452392578125,0,0,10138.888671875,0,3476.1904296875,0,6083.33349609375,8277.7783203125,0,33765.97265625,0,0,0,0,7821.42838541667,0,2607.14290364583,0,3476.1904296875,0,0,7821.42838541667,5214.28580729167,0,4171.4287109375,0,4345.23803710938,1738.09521484375,1738.09521484375,0,0,9124.99975585938,1998.80950927734,0,0,960.3408203125,0,0,0,0,0,17721.7578125,0,0,0,0,0,0,561.259928385417,0,0,0,0,0,0,0,143525.453125,3461.51123046875
"NGA",3,1,"LSMS-ISA2015",2015,1,31,3101,604,0,310012,7,0,0,0,0,0,86.9047589983259,0,0,0,245.918365478516,0,0,0,0,0,0,869.047668457031,57.1428565979004,0,2571.42846679688,0,0,0,0,0,0,893.877580915179,0,0,0,0,0,5214.28571428571,0,3724.48967633929,0,3352.04080636161,0,893.877580915179,186.224487304688,0,7448.97956194196,372.448974609375,0,0,0,0,0,0,0,0,0,0,0,0,0,0,0,0,0,0,186.224487304688,0,0,0,0,26102.888671875,3461.51123046875
"NGA",3,1,"LSMS-ISA2015",2015,1,31,3101,604,0,310013,4,0,6000,10645.8330078125,0,0,0,0,0,0,1520.83337402344,0,0,12166.6669921875,0,5214.28564453125,0,21291.666015625,0,0,32259.873046875,0,0,0,9125,11732.142578125,0,0,0,3258.92846679688,0,0,6517.85693359375,0,7300,6517.85693359375,0,5214.28570556641,0,3258.92846679688,0,0,10428.5711669922,651.785705566406,0,0,9125,0,0,0,0,0,4997.0234375,0,0,0,0,0,0,1303.57141113281,0,0,0,0,0,0,0,168530.109375,3461.51123046875
"NGA",3,1,"LSMS-ISA2015",2015,1,31,3101,604,0,310014,10,0,2400,0,1216.66669921875,0,973.33330078125,0,0,900,2500,0,0,3650,0,0,0,12166.6669921875,0,0,12841.841796875,0,0,0,0,13035.7140625,0,0,0,5214.285546875,13035.7140625,0,5214.285546875,0,0,41714.284375,0,2085.7142578125,0,4171.428515625,0,0,6778.57143554688,260.714282226562,0,0,0,0,0,0,0,0,0,0,0,0,0,0,0,0,0,0,0,0,0,0,0,128159.2109375,3461.51123046875
"NGA",3,1,"LSMS-ISA2015",2015,1,31,3101,604,0,310015,3,0,4000,0,0,0,2838.88899739583,0,0,7466.66666666667,3129.365234375,0,0,0,0,12166.6666666667,0,8111.111328125,0,0,4000,0,1564.28564453125,0,3476.1904296875,5214.28580729167,6083.33333333333,3476.19059244792,0,8690.47591145833,1738.09521484375,0,7821.42838541667,17380.9524739583,6083.33333333333,14773.8095703125,0,12688.0952148438,3476.1904296875,5214.28580729167,5214.28580729167,0,16511.9047851563,3476.19051106771,0,0,0,0,0,0,0,0,36488.640625,0,0,0,0,0,0,0,0,0,0,0,0,0,1419.44445800781,202504.109375,3461.51123046875
"NGA",3,1,"LSMS-ISA2015",2015,1,31,3101,604,0,310016,3,0,7000,0,0,0,2433.33333333333,0,0,1866.66666666667,1325.79357910156,0,0,0,0,13904.76171875,0,8111.111328125,400,0,4000,0,0,0,3128.5712890625,10428.5716145833,0,0,0,3476.1904296875,0,0,15642.8567708333,10428.5716145833,0,2954.76204427083,0,6430.95239257813,3476.1904296875,0,0,1738.09521484375,18249.9996744792,347.619059244792,0,0,0,0,0,0,0,0,35443.515625,0,0,0,0,0,0,0,0,0,0,0,0,0,4055.5556640625,154843.125,3461.51123046875
"NGA",3,1,"LSMS-ISA2015",2015,1,31,3101,604,0,310017,4,0,0,0,608.333312988281,0,395.416656494141,760.416687011719,0,0,525,0,0,0,0,0,0,12166.6669921875,0,0,68053.984375,0,0,0,0,3910.71435546875,0,0,0,2607.14282226563,0,0,0,0,782.142883300781,651.785705566406,260.714294433594,1303.57141113281,0,0,0,0,9124.99975585938,0,0,0,4214.00634765625,0,0,0,0,0,0,0,0,0,0,0,0,0,0,0,0,0,0,0,0,105364.890625,3461.51123046875
"NGA",3,1,"LSMS-ISA2015",2015,1,31,3101,604,0,310018,2,0,0,0,0,0,4258.33349609375,0,0,4000,2694.04760742188,0,0,0,0,0,0,18250,0,5214.28564453125,2400,0,0,0,0,0,7821.4287109375,0,0,0,26071.427734375,0,20857.142578125,18250,0,6517.85693359375,0,16946.4287109375,10428.5712890625,0,0,15642.857421875,31285.7133789063,1303.57141113281,0,0,0,0,0,0,0,0,0,0,0,0,0,0,0,0,0,0,0,0,0,0,0,191941.65625,3461.51123046875
"NGA",3,1,"LSMS-ISA2015",2015,1,31,3101,604,0,310019,8,0,450,0,760.416687011719,0,912.5,0,0,162.5,1370.29760742188,22812.5,0,1672.91662597656,0,1303.57141113281,760.416687011719,3954.16674804688,150,0,30854.63671875,0,656.189120761424,0,0,1968.56742331943,0,0,0,0,0,0,13123.7821656564,3937.13484663886,0,1574.85396347696,656.189120761424,10499.0260542531,1312.37824152285,1312.37824152285,0,0,2296.66195250364,1640.47280190356,0,0,5303.0946991677,0,0,0,0,0,10035.8356215922,0,0,0,0,0,0,0,0,0,0,0,0,0,456.25,119936.734375,3461.51123046875
"NGA",3,1,"LSMS-ISA2015",2015,1,31,3101,604,0,310020,7,0,957.142883300781,0,3476.19056919643,0,2433.33342633929,0,0,8571.42857142857,12266.3271484375,0,0,60833.3348214286,0,0,0,14252.380859375,31214.28515625,0,64981.50390625,0,0,0,0,78214.2857142857,0,0,0,11918.3671875,0,0,14897.9587053571,14897.9587053571,7895.91824776786,108010.200892857,16387.7555803571,12663.2651367188,0,1638.77553013393,1340.81626674107,0,167453.059151786,372.448974609375,8147.36495535714,0,4115.74637276786,7068.42020089286,0,0,0,0,6728.42466517857,0,0,0,0,0,0,744.898018973214,0,0,74.4897984095982,0,0,0,2607.14282226563,664163.25,3461.51123046875
"NGA",3,1,"LSMS-ISA2015",2015,1,31,3115,680,0,310021,5,0,2880,3650,0,0,1460,486.666650390625,0,2880,2916.8095703125,0,0,12166.66640625,4866.666796875,0,0,14600,5666.6669921875,0,40519.16796875,0,0,0,0,6257.14296875,0,0,0,8760,0,0,5214.285546875,2085.7142578125,2502.8572265625,5214.285546875,0,7300,4171.428515625,3128.571484375,730,0,13974.285546875,208.571435546875,0,0,2881.0224609375,0,0,0,0,0,15949.5828125,0,0,0,0,0,0,0,0,0,0,0,0,0,0,170470.390625,3545.93823242188
"NGA",3,1,"LSMS-ISA2015",2015,1,31,3115,680,0,310022,9,0,0,0,0,0,270.370361328125,0,0,444.444444444444,115.873016357422,0,0,0,0,579.365071614583,0,4055.5556640625,0,0,2710.2021484375,0,1265.25312526499,1807.50449680354,0,3615.00899360708,0,0,0,6025.01469468594,0,0,0,0,4157.26036514563,5121.26266727857,1205.00295904638,3795.75932714386,2410.00591809275,602.501479523189,421.751042086705,0,15665.0386383243,903.752221275034,0,0,3012.50734734297,0,0,0,0,0,3651.4134562516,0,0,0,0,0,0,0,1991.56538499363,0,0,0,0,0,0,63826.41796875,3545.93823242188
"NGA",3,1,"LSMS-ISA2015",2015,1,31,3115,680,0,310023,8,0,0,0,0,0,0,0,0,300,65.1785736083984,0,0,0,0,651.785705566406,0,3041.66674804688,4000,0,49011.953125,0,0,0,0,3910.71435546875,0,0,0,0,0,0,0,1303.57141113281,0,3910.71435546875,0,2607.14282226563,0,0,0,0,130.357147216797,325.892852783203,0,2309.701171875,3258.92846679688,0,0,0,0,0,12941.80859375,0,0,0,0,0,0,3811.28955078125,0,0,0,0,0,0,0,91580.703125,3545.93823242188
"NGA",3,1,"LSMS-ISA2015",2015,1,31,3115,680,0,310024,6,0,0,0,0,0,506.944458007813,0,0,166.666666666667,310.119049072266,0,0,0,0,0,0,22305.5546875,0,0,6087.943359375,0,0,0,0,13904.76171875,0,0,0,0,0,0,4345.23795572917,0,0,5431.54752604167,1738.09521484375,2780.95235188802,0,0,0,0,1129.76194254557,43.452382405599,0,0,7023.34375,0,0,0,0,0,22720.203125,0,0,0,0,0,0,0,0,0,0,0,0,0,0,88494.5859375,3545.93823242188
"NGA",3,1,"LSMS-ISA2015",2015,1,31,3115,680,0,310025,5,0,0,0,0,0,1946.6666015625,0,0,0,104.285720825195,0,0,2433.3333984375,0,0,0,7300,1200,0,8162.3935546875,0,0,0,0,3128.571484375,0,0,0,0,0,0,0,0,0,6257.14296875,0,3649.99995117188,5840,521.428564453125,0,0,1251.42858886719,521.428564453125,0,0,5214.285546875,0,0,0,0,0,21266.109375,0,0,0,0,0,0,0,0,0,0,0,0,0,0,68797.0703125,3545.93823242188
"NGA",3,1,"LSMS-ISA2015",2015,1,31,3115,680,0,310026,7,0,0,0,0,0,347.619035993304,0,0,342.857142857143,1271.63269042969,0,0,0,0,0,0,0,200,0,1208.83276367188,0,0,6640.58515930256,0,9485.01409153873,0,0,0,5928.13388336726,0,0,1693.75249550191,2540.62889236343,0,6775.00998200766,0,6775.00998200766,0,0,0,0,6775.01001688489,846.876247750957,0,6002.06807636223,9358.40365755658,0,0,0,0,0,10162.5158484716,0,0,0,0,0,0,0,0,0,0,0,0,0,260.714294433594,76614.671875,3545.93823242188
"NGA",3,1,"LSMS-ISA2015",2015,1,31,3115,680,0,310027,5,0,0,0,0,0,292,0,0,840,0,0,0,0,0,0,0,0,0,0,2506.65380859375,0,0,0,0,2607.1427734375,0,0,0,0,0,0,0,0,0,2607.1427734375,0,2085.7142578125,0,0,0,0,2085.7142578125,521.428564453125,0,0,8428.0125,0,0,0,0,0,20448.1796875,0,0,0,0,0,0,0,0,0,0,0,0,0,0,42421.98828125,3545.93823242188
"NGA",3,1,"LSMS-ISA2015",2015,1,31,3115,680,0,310028,6,0,0,0,405.555541992188,0,304.166666666667,0,0,0,872.023742675781,0,0,0,0,0,0,5069.44482421875,1666.66662597656,0,1410.30480957031,0,0,0,0,0,0,0,0,0,0,0,0,869.047607421875,0,15642.857421875,0,5214.28556315104,3823.8095703125,0,0,0,1738.09521484375,1303.57145182292,0,0,960.3408203125,0,0,0,0,0,6162.85481770833,0,0,0,0,0,0,0,0,0,0,0,785.619059244792,0,0,46228.64453125,3545.93823242188
"NGA",3,1,"LSMS-ISA2015",2015,1,31,3115,680,0,310029,10,0,3600,0,3650,0,730,0,0,144,662.738098144531,0,0,0,0,521.428564453125,0,3285,240,0,6072.6201171875,0,0,0,0,4721.61311921439,0,0,0,0,0,0,0,0,0,1331.73701286258,0,1452.80397873352,0,0,0,0,302.667495036453,121.067003798279,0,0,3344.62630964277,0,0,0,0,0,6172.04397734127,0,0,0,0,0,0,0,0,0,0,0,0,0,0,36352.34375,3545.93823242188
"NGA",3,1,"LSMS-ISA2015",2015,1,31,3115,680,0,310030,7,0,0,0,0,0,1390.47614397321,0,0,342.857142857143,122.959182739258,0,0,0,0,7448.97935267857,0,10428.5712890625,0,0,13507.8427734375,0,0,0,0,6760.72478805112,0,0,0,0,0,0,3755.95818354919,0,0,4507.150047811,0,4882.74573270293,0,0,0,0,0,375.595825562741,0,0,9713.39616440603,0,0,0,0,0,19639.0010743982,0,0,0,0,0,0,0,0,0,0,0,0,0,0,82876.2578125,3545.93823242188
"NGA",3,1,"LSMS-ISA2015",2015,1,31,3111,2966,0,310031,7,0,0,0,0,0,608.333356584821,0,6.9523811340332,85.7142857142857,0,0,0,869.047642299107,260.714285714286,0,0,2607.14282226563,0,0,14081.1005859375,0,0,0,0,4171.42857142857,0,0,0,0,0,0,3724.48967633929,0,0,3352.04073660714,0,1489.7958984375,0,0,0,0,2607.14285714286,372.448974609375,0,0,12040.0178571429,0,0,0,0,0,15637.9888392857,0,0,0,0,0,0,0,0,0,0,0,0,0,0,61914.36328125,3545.93823242188
"NGA",3,1,"LSMS-ISA2015",2015,1,31,3111,2966,0,310032,5,0,0,0,0,0,292,0,0,1280,552.142883300781,0,0,0,0,0,0,4866.6669921875,80,0,16473.54296875,0,0,0,0,4588.571484375,0,0,0,0,0,0,0,0,0,4171.428515625,0,2085.7142578125,1877.1427734375,0,1042.85712890625,0,4171.42861328125,521.428564453125,0,0,10428.57109375,0,0,0,0,0,0,0,0,0,0,0,0,521.42861328125,0,0,0,0,0,0,0,52952.921875,3545.93823242188
"NGA",3,1,"LSMS-ISA2015",2015,1,31,3111,2966,0,310033,10,0,0,0,0,0,0,0,0,400,667.738098144531,0,0,3041.6666015625,0,1564.2857421875,0,4623.33349609375,400,0,1936.3427734375,0,0,1470.19598216102,0,4410.58807454868,0,0,0,1470.19598216102,0,0,6248.33317870854,2205.29403727434,0,0,0,3307.94098266932,0,1617.21561271494,0,0,1470.19598216102,514.568609282449,0,0,3340.82290192646,0,0,0,0,0,22485.3547328675,0,0,0,0,0,0,3221.64674373008,4404.49827954178,0,0,0,0,0,0,68800.21875,3545.93823242188
"NGA",3,1,"LSMS-ISA2015",2015,1,31,3111,2966,0,310034,7,0,0,0,0,0,0,0,0,671.428571428571,735.340148925781,0,0,3476.19056919643,0,2234.69391741071,0,5214.28564453125,485.714294433594,0,10248,0,0,0,0,7913.27577065217,0,0,0,1318.87923024721,0,0,0,3297.19797832579,0,6594.39595665157,0,6726.2840078061,0,5934.9565220402,0,0,2637.75846049442,1186.99132533438,0,0,5993.95170251445,0,0,0,0,0,33618.4922065804,11869.9130440804,0,0,0,0,0,7666.40918361658,7902.34954190311,0,0,0,0,0,0,125726.515625,3545.93823242188
"NGA",3,1,"LSMS-ISA2015",2015,1,31,3111,2966,0,310035,5,0,0,0,0,0,0,0,0,1220,2132.14282226563,0,0,0,0,3128.571484375,0,0,800,0,3872.685546875,0,0,0,0,9767.969692158,0,0,0,0,0,0,14651.954147612,0,0,8139.97429018599,0,13023.9593291273,0,6511.97966456367,0,0,0,1465.19546334431,0,0,5919.03947249725,0,0,0,0,0,41497.9120305811,0,0,0,0,0,0,0,43061.7151958847,0,0,0,0,0,0,155193.109375,3545.93823242188
"NGA",3,1,"LSMS-ISA2015",2015,1,31,3111,2966,0,310036,7,0,0,0,0,0,260.714285714286,0,0,0,464.489807128906,0,0,869.047642299107,0,0,0,4171.4287109375,8747.619140625,0,8795.556640625,0,2979.591796875,0,0,7448.97935267857,0,0,0,1489.7958984375,0,0,0,0,0,4469.38783482143,0,744.89794921875,0,1489.7958984375,372.448974609375,0,2234.69384765625,372.448974609375,0,0,12347.2388392857,0,0,0,0,0,0,0,0,0,0,0,0,3354.18073381696,0,0,0,0,0,0,0,60612.3125,3545.93823242188
"NGA",3,1,"LSMS-ISA2015",2015,1,31,3111,2966,0,310037,9,0,0,0,0,0,0,0,0,0,169.047622680664,0,0,0,0,1738.09526909722,0,0,0,0,3570.0302734375,0,0,0,0,0,0,695.238118489583,0,0,0,0,0,3765.87282986111,0,3476.19053819444,0,579.365071614583,0,579.365071614583,0,0,1738.09524197049,289.682535807292,0,0,11587.3012152778,0,0,567.832085503472,0,0,23629.0104166667,0,0,0,0,0,0,11227.7989366319,0,0,0,0,0,0,0,63612.92578125,3545.93823242188
"NGA",3,1,"LSMS-ISA2015",2015,1,31,3111,2966,0,310038,5,0,0,0,0,0,486.666650390625,0,0,5400,747.619018554688,0,0,4866.666796875,0,3128.571484375,0,2433.33349609375,973.333312988281,0,6903.47265625,0,0,0,0,0,0,1251.42861328125,0,0,0,0,0,6257.14296875,0,6257.14296875,0,5214.285546875,4171.428515625,1564.2857421875,0,0,2085.7142578125,521.428564453125,1520.8416015625,0,5214.285546875,3958.315234375,0,0,0,0,10633.0546875,0,0,0,0,0,0,23731.1541015625,0,0,0,0,0,0,0,97320.171875,3545.93823242188
"NGA",3,1,"LSMS-ISA2015",2015,1,31,3111,2966,0,310039,8,0,0,0,0,0,0,0,0,500,1564.58337402344,0,0,3041.66674804688,0,3910.71435546875,0,10645.8330078125,0,0,26552.81640625,0,0,0,0,9776.7861328125,0,0,0,0,0,0,6517.85693359375,0,0,3910.71435546875,0,6843.75,0,0,0,0,3910.71423339844,325.892852783203,0,0,13035.7138671875,0,0,0,0,0,13291.318359375,0,0,0,0,0,0,10199.1325683594,0,0,0,0,0,0,0,114027.484375,3545.93823242188
"NGA",3,1,"LSMS-ISA2015",2015,1,31,3111,2966,0,310040,6,0,0,0,0,0,101.388885498047,0,0,0,107.182548522949,0,0,648.888875325521,0,0,0,1216.66662597656,0,0,2761.53002929688,0,869.047607421875,0,0,1911.90478515625,0,608.333333333333,3215.47623697917,1738.09527587891,0,0,0,0,0,56488.09375,0,2607.14282226563,3476.1904296875,434.523803710938,86.9047648111979,0,1303.57145182292,434.523803710938,0,0,3361.19270833333,0,0,0,0,0,27366.4817708333,0,0,0,0,0,0,3281.34790039063,0,0,0,0,0,0,0,112018.4921875,3545.93823242188
"NGA",3,1,"LSMS-ISA2015",2015,1,31,3107,1092,0,310041,7,0,0,0,0,0,0,0,0,842.857142857143,467.006805419922,0,0,0,0,2234.69391741071,0,4345.23828125,857.142883300781,0,2175.06909179688,0,2229.96687009124,2229.96687009124,0,3185.66691741351,0,0,0,0,0,0,0,3185.66691741351,0,1991.04178083538,0,5574.9171208153,0,1752.11685410094,0,0,2787.45859528488,398.208364676688,0,0,2171.69991510276,0,0,0,0,0,0,0,0,0,0,0,0,2057.40994031415,4267.39325786532,0,0,0,0,0,0,42753.52734375,3799.21948242188
"NGA",3,1,"LSMS-ISA2015",2015,1,31,3107,1092,0,310042,5,0,0,0,0,0,0,0,0,1080,1053.8095703125,0,0,0,0,3128.571484375,0,1216.66674804688,1600,0,2133.98364257813,0,0,0,0,4171.428515625,0,0,0,0,0,0,0,8342.85703125,0,2607.1427734375,0,10428.5713867188,0,2294.2857421875,0,0,4171.42856445312,260.714282226562,3188.6353515625,4171.428515625,15038.0203125,0,0,0,0,0,0,0,0,0,0,4692.856640625,0,521.428515625,5587.88046875,0,0,0,0,0,0,75689.7109375,3799.21948242188
"NGA",3,1,"LSMS-ISA2015",2015,1,31,3107,1092,0,310043,14,0,0,0,0,0,43.4523794991629,0,0,0,18.6224498748779,0,0,0,0,0,0,0,0,0,1830.09643554688,0,0,0,0,0,0,0,0,0,0,0,0,0,0,931.122419084821,0,148.979596819196,0,372.448974609375,0,0,744.89794921875,186.224487304688,3258.94614955357,791.8974609375,2057.87318638393,0,0,0,0,0,0,0,0,0,0,0,0,1076.81783621652,3077.81975446429,0,0,0,0,0,0,14539.19921875,3799.21948242188
"NGA",3,1,"LSMS-ISA2015",2015,1,31,3107,1092,0,310044,5,0,0,0,0,0,0,0,0,1520,536.476196289063,0,0,0,0,0,0,1946.66662597656,0,0,5689.40185546875,0,0,0,0,2085.7142578125,0,0,0,521.428564453125,0,0,0,1042.85712890625,1042.85712890625,1877.14291992188,0,2294.28569335937,0,521.428564453125,0,0,0,1564.2857421875,2281.2623046875,1478.20859375,2881.0224609375,0,0,0,0,0,0,0,0,0,0,590.95234375,0,4972.19401855469,6812.8734375,0,0,0,707.057080078125,0,48.6666641235352,40414.78125,3799.21948242188
"NGA",3,1,"LSMS-ISA2015",2015,1,31,3107,1092,0,310045,15,0,0,0,0,0,0,0,0,233.333333333333,177.380950927734,0,0,0,0,1042.85716145833,0,0,2666.66674804688,0,1215.24475097656,0,0,0,0,3479.11905508791,0,0,0,0,0,0,6958.23811017582,0,0,2174.44936860994,0,6436.37024860547,0,3914.00899432975,0,0,2609.3393566799,4348.89875349592,3545.91338123304,2609.33937295595,3162.33217113324,0,0,0,0,0,0,0,0,0,0,0,0,0,4660.49014186954,0,0,0,0,0,0,49233.984375,3799.21948242188
"NGA",3,1,"LSMS-ISA2015",2015,1,31,3107,1092,0,310046,11,0,0,0,2212.12127130682,0,884.848455255682,0,0,545.454545454546,142.640686035156,0,0,0,0,1422.07794744318,0,2212.12133789063,0,0,9348.9052734375,0,0,0,0,1706.49343039773,0,0,0,0,0,0,0,2370.12979403409,0,3318.18181818182,0,1896.10387073864,0,0,568.831187855114,0,3792.20769708807,331.818181818182,0,0,15323.6590909091,0,0,0,0,0,0,0,0,0,0,0,0,0,0,0,0,0,0,0,0,46075.59375,3799.21948242188
"NGA",3,1,"LSMS-ISA2015",2015,1,31,3107,1092,0,310047,4,0,0,0,0,0,2129.16674804688,0,0,3850,1000,0,0,0,0,0,0,0,0,0,10432.75390625,0,0,0,0,0,0,0,0,0,8566.18109887268,0,0,9993.87777120585,0,8566.18109887268,0,4425.86010407878,0,7138.48389410268,0,0,4283.09054943634,713.848402721189,3123.10364701462,0,14276.9677882054,0,0,0,0,0,0,0,0,0,0,0,0,0,7078.86554504174,0,0,0,0,0,0,85578.375,3799.21948242188
"NGA",3,1,"LSMS-ISA2015",2015,1,31,3107,1092,0,310048,13,0,0,0,0,0,748.717923677885,0,0,538.461538461538,485.164825439453,0,0,0,0,0,0,0,0,0,10596.6181640625,0,0,0,0,2406.59344951923,0,0,0,0,0,0,0,2406.59344951923,0,2406.59344951923,0,1804.94504957933,0,0,0,0,2005.49451622596,200.549447866587,6131.99098557692,4010.98918269231,0,0,0,0,0,0,0,0,0,0,0,0,0,0,0,0,0,0,0,0,0,33742.7109375,3799.21948242188
"NGA",3,1,"LSMS-ISA2015",2015,1,31,3107,1092,0,310049,13,0,0,0,0,0,0,0,0,4307.69230769231,40.1098899841309,0,0,1216.66669170673,0,0,0,1684.61535644531,0,0,6073.814453125,0,0,0,0,0,0,0,0,0,3114.06376844351,0,0,0,0,3114.06376844351,0,2076.04243700896,0,2595.05298979616,0,0,1557.03188422175,259.50530462612,6433.60344339108,0,15570.3191426983,0,0,0,0,0,0,0,0,0,0,0,0,1377.37443726317,8577.93263849161,0,0,0,0,0,0,57997.890625,3799.21948242188
"NGA",3,1,"LSMS-ISA2015",2015,1,31,3107,1092,0,310050,8,0,0,0,0,0,0,0,0,0,130.386901855469,0,0,0,0,0,0,912.5,250,0,5073.81103515625,0,0,0,0,0,0,0,0,651.785705566406,0,0,3258.92846679688,651.785705566406,0,782.142883300781,0,1629.46426391602,0,0,0,0,0,325.892852783203,2851.57788085938,2309.701171875,3601.27807617188,0,0,0,0,0,0,0,0,0,0,1477.380859375,0,1303.57144165039,3231.7109375,0,0,0,820.129211425781,0,30.4166660308838,29292.462890625,3799.21948242188
"NGA",3,1,"LSMS-ISA2015",2015,1,31,3107,724,1,310051,2,0,0,0,7300,0,4562.5,6083.33349609375,0,1800,1873.57141113281,0,0,0,0,0,0,12166.6669921875,2000,0,10889.181640625,0,0,0,9125,15642.857421875,0,0,0,3910.71435546875,0,0,13035.7138671875,0,0,18250,0,5214.28564453125,5996.4287109375,0,0,0,10428.5712890625,1825,0,0,0,0,0,0,0,0,0,0,0,0,0,0,0,0,0,0,0,0,0,0,0,130103.8203125,3039.37573242188
"NGA",3,1,"LSMS-ISA2015",2015,1,31,3107,724,1,310052,5,0,0,0,2433.3333984375,0,730,2433.3333984375,0,2000,1200.8095703125,730,0,0,0,0,0,9733.3330078125,800,0,4272.8037109375,0,0,0,7300,6257.14296875,0,0,0,0,0,0,5214.285546875,0,0,4171.428515625,0,2398.57141113281,3337.14296875,5631.428515625,0,0,10428.5712890625,521.428564453125,0,0,0,0,0,0,0,0,0,0,0,0,0,0,0,0,0,0,0,0,0,0,0,69593.609375,3039.37573242188
"NGA",3,1,"LSMS-ISA2015",2015,1,31,3107,724,1,310053,1,0,0,0,3650,0,0,0,0,5200,2704.04760742188,0,0,0,0,10428.5712890625,0,0,300,0,10238.111328125,0,0,0,3650,9385.7138671875,0,0,0,0,0,0,15642.857421875,0,0,13035.7138671875,0,13035.7141113281,7821.4287109375,0,0,0,11992.8570556641,2607.14282226563,0,0,0,0,0,0,0,0,0,0,0,0,0,0,0,0,0,0,0,0,0,0,0,109692.15625,3039.37573242188
"NGA",3,1,"LSMS-ISA2015",2015,1,31,3107,724,1,310054,8,4562.5,0,0,0,0,0,0,0,3375,1586.01196289063,0,0,760.416687011719,0,0,0,9125,0,0,3711.77856445313,0,5316.99908312666,3797.85636831801,10633.9981662533,12912.7123780342,0,0,0,0,7595.71273663603,0,3418.07075939979,0,0,9114.85573058041,759.57128762039,5316.99889106613,0,1898.92818415901,0,0,3038.28515048156,379.785643810195,0,0,0,0,0,0,0,0,0,0,0,0,0,0,0,2015.78550258535,0,0,0,0,0,0,0,89320.2734375,3039.37573242188
"NGA",3,1,"LSMS-ISA2015",2015,1,31,3107,724,1,310055,13,0,1384.61535644531,0,561.538461538462,0,0,0,0,2153.84615384615,2784.94506835938,0,0,1216.66669170673,0,0,0,4492.3076171875,8338.4619140625,0,3447.7724609375,0,2807.69230769231,721.977989783654,5615.38461538462,7219.78004807692,0,0,0,3609.89006159856,120.329674353966,0,4010.98888221154,2005.49444110577,802.197791466346,16043.9561298077,0,4412.087890625,1443.95597956731,1403.84615384615,0,0,16645.6048302284,360.988994891827,0,0,0,0,0,0,0,0,0,0,0,0,0,0,0,0,0,0,0,0,0,0,655.128234863281,92259.453125,3039.37573242188
"NGA",3,1,"LSMS-ISA2015",2015,1,31,3107,724,1,310056,1,0,0,0,0,0,0,0,0,3200,1000,0,0,0,0,0,0,0,0,0,5518.76611328125,0,0,0,0,0,0,0,0,0,0,0,0,0,0,0,0,0,0,0,0,0,114714.285644531,0,0,0,0,0,0,0,0,0,0,0,0,0,0,0,0,0,0,0,0,0,0,0,0,124433.0546875,3039.37573242188
"NGA",3,1,"LSMS-ISA2015",2015,1,31,3107,724,1,310057,7,0,857.142883300781,0,521.428571428571,0,0,0,0,0,1363.67358398438,0,0,5214.28571428571,0,0,0,3476.19067382813,1142.85717773438,0,6403.00634765625,0,4469.38783482143,3724.48967633929,15642.8571428571,40224.4910714286,0,0,0,2979.591796875,0,0,7448.97935267857,7448.97935267857,744.89794921875,8938.77566964286,0,1266.32652064732,0,2607.14285714286,2458.16329520089,0,7374.48981584821,372.448974609375,0,0,0,0,0,0,0,0,0,0,0,0,0,964.703194754464,0,0,6155.63950892857,0,0,0,0,0,0,131799.9375,3039.37573242188
"NGA",3,1,"LSMS-ISA2015",2015,1,31,3107,724,1,310058,16,0,0,0,1520.83337402344,0,0,0,0,1537.5,970.461303710938,0,0,15208.3330078125,3802.08325195313,0,0,3802.08349609375,8041.66650390625,0,1956.73193359375,0,0,986.291431904938,1761.23463867289,2817.97547379928,0,1056.74083512639,0,1056.74083512639,0,0,3170.22236783622,2817.97547379928,0,3522.46927734579,0,5565.50157489469,2113.48167025278,1585.11118391811,0,0,1127.19020783026,176.123467112455,0,0,0,0,0,0,0,0,0,0,0,0,0,0,0,0,0,0,0,0,0,0,0,64596.74609375,3039.37573242188
"NGA",3,1,"LSMS-ISA2015",2015,1,31,3107,724,1,310059,12,0,3000,0,1013.88891601563,0,0,0,0,1166.66666666667,539.78173828125,0,0,2027.77783203125,0,0,0,4562.5,3333.33325195313,0,3806.10424804688,0,0,0,1216.66666666667,2607.14290364583,0,0,0,869.047607421875,0,0,3910.71419270833,43452.3802083333,0,4345.23795572917,0,6952.3809000651,2607.14290364583,1955.35709635417,0,0,2389.88094075521,217.261901855469,0,0,0,0,0,0,0,0,0,0,0,0,0,0,0,0,0,0,0,0,0,0,0,89973.28125,3039.37573242188
"NGA",3,1,"LSMS-ISA2015",2015,1,31,3107,724,1,310060,7,0,0,0,0,0,0,0,0,4000,769.727905273438,0,0,5214.28571428571,0,0,0,3476.19067382813,2607.14282226563,0,6061.8857421875,0,0,0,0,4196.73843655456,0,0,0,0,0,0,0,1554.34756561238,0,1554.34756561238,0,3885.86898998964,2331.52142024111,1942.93441696806,0,0,1554.34756561238,388.586891403095,0,0,7771.73766787223,0,0,0,0,0,0,0,0,0,0,0,0,1554.34756561238,0,0,0,0,0,0,0,48864.015625,3039.37573242188
"NGA",3,1,"LSMS-ISA2015",2015,1,31,3113,332,0,310061,1,0,0,0,3650,0,3041.66674804688,0,0,4000,4904.0478515625,0,0,0,0,0,0,0,2400,0,1901648.875,0,0,0,0,31285.71484375,0,0,0,0,15642.857421875,0,31285.71484375,0,0,20857.142578125,0,10428.5712890625,0,23464.28515625,15642.857421875,0,13035.7141113281,2607.14282226563,0,11086.564453125,16856.025390625,0,0,0,0,0,0,0,0,0,0,0,0,7821.42846679688,0,0,0,0,0,0,0,2119658.5,2110.67749023438
"NGA",3,1,"LSMS-ISA2015",2015,1,31,3113,332,0,310062,6,0,0,0,0,0,0,0,0,700,476.785736083984,0,0,0,0,0,0,4055.5556640625,500,0,6044.61181640625,0,0,0,0,7883.0351495723,0,0,0,0,0,0,3153.21407610496,1576.60703805248,0,7883.0351495723,0,6306.42815220992,0,0,0,6306.42815220992,17342.6780419569,2207.24991154242,6427.50268726536,6306.42815220992,8598.3064759435,0,0,0,0,0,0,0,0,0,0,0,0,0,18893.1636587926,0,0,0,0,0,0,104661.0234375,2110.67749023438
"NGA",3,1,"LSMS-ISA2015",2015,1,31,3113,332,0,310063,6,0,0,0,0,0,0,0,0,0,0,0,0,0,0,0,0,0,0,0,5102.13134765625,0,0,0,0,0,0,0,0,0,0,0,0,2607.14290364583,0,2607.14290364583,0,2607.14282226563,0,0,0,0,869.047607421875,434.523803710938,1267.36800130208,1231.84049479167,13035.71484375,0,0,0,0,0,0,0,0,0,0,0,0,0,0,0,0,0,0,0,0,29762.052734375,2110.67749023438
"NGA",3,1,"LSMS-ISA2015",2015,1,31,3113,332,0,310064,5,0,0,0,0,0,0,0,0,5400,870.952331542969,0,0,4866.666796875,0,0,0,1216.66674804688,0,0,9916.7041015625,0,0,0,0,0,0,0,0,0,0,0,0,6257.14296875,0,6257.14296875,0,5735.7142578125,0,0,0,0,2085.7142578125,521.428564453125,7604.2078125,7391.04375,5214.285546875,0,0,0,0,0,0,9385.7140625,0,0,0,0,0,0,3447.15859375,0,0,0,0,0,0,76170.5390625,2110.67749023438
"NGA",3,1,"LSMS-ISA2015",2015,1,31,3113,332,0,310065,5,0,0,0,0,0,365,0,0,0,361.619049072266,0,0,0,0,0,0,0,80,0,3361.82177734375,0,0,0,0,0,0,0,0,1042.85712890625,0,0,0,1042.85712890625,0,1042.85712890625,0,2085.7142578125,0,521.428564453125,1407.85712890625,4588.57158203125,13557.1426757813,521.428564453125,3802.10390625,2217.312890625,5762.044921875,0,0,0,0,0,0,0,0,0,0,0,0,2366.48359375,0,0,0,0,0,0,0,44127.09765625,2110.67749023438
"NGA",3,1,"LSMS-ISA2015",2015,1,31,3113,332,0,310066,5,0,0,0,0,0,0,0,0,2480,1052.14282226563,0,0,0,0,0,0,9733.333984375,600,0,7253.5341796875,0,0,0,0,3438.17175651839,0,0,0,0,0,0,9626.88122037402,2750.53745556847,0,3438.17175651839,0,2062.90310579042,0,0,0,2750.53745556847,11002.1497246176,1237.74189429675,5606.68783709344,5501.07491113694,3750.13594655459,3294.19453873823,0,0,0,0,0,0,0,0,0,0,0,0,8240.21945441796,0,0,0,0,0,0,83818.4140625,2110.67749023438
"NGA",3,1,"LSMS-ISA2015",2015,1,31,3113,332,0,310067,4,0,0,0,1216.66662597656,0,1064.58337402344,0,0,650,965.178588867188,0,0,0,0,0,0,3041.66674804688,50,0,4498.7734375,0,0,0,0,7821.4287109375,0,0,0,0,0,0,3910.71435546875,0,0,6517.85693359375,651.785705566406,3258.92852783203,0,0,0,0,6517.85693359375,651.785705566406,0,4619.40234375,6517.85693359375,0,0,0,0,0,0,0,0,0,0,7821.4287109375,0,0,0,0,0,0,0,0,0,59775.9140625,2110.67749023438
"NGA",3,1,"LSMS-ISA2015",2015,1,31,3113,332,0,310068,4,0,0,0,0,0,304.166656494141,0,0,0,370.595245361328,0,0,0,0,0,0,4258.33349609375,0,0,1622.13208007813,0,0,0,0,5214.28564453125,0,0,0,0,0,0,0,0,0,3258.92846679688,0,0,0,1955.35717773438,0,0,4171.42858886719,651.785705566406,5703.15576171875,2771.64111328125,3601.27807617188,0,0,0,4656.357421875,0,0,0,0,0,0,0,0,0,6364.673828125,0,0,0,0,0,0,44904.1171875,2110.67749023438
"NGA",3,1,"LSMS-ISA2015",2015,1,31,3113,332,0,310069,7,0,0,0,0,0,0,0,0,0,160.204086303711,0,0,0,0,1862.24483816964,0,1042.85717773438,857.142883300781,0,1669.69323730469,0,0,0,893.877580915179,0,0,0,0,0,0,0,0,0,0,893.877580915179,0,372.448974609375,0,0,0,0,0,372.448974609375,2715.78850446429,1055.86328125,0,0,0,0,0,0,0,0,0,0,0,0,0,0,0,0,0,0,0,0,0,11896.447265625,2110.67749023438
"NGA",3,1,"LSMS-ISA2015",2015,1,31,3113,332,0,310070,2,0,0,0,608.333312988281,0,730,0,0,1200,1756.42858886719,0,0,0,0,0,0,0,100,0,12636.25,0,0,0,0,7821.4287109375,0,0,0,0,0,0,15642.857421875,0,0,9125,0,3910.71423339844,0,0,0,0,5214.28564453125,1303.57141113281,0,5214.28564453125,12642.0185546875,0,0,0,0,0,0,0,0,0,0,0,0,2607.14282226563,0,0,0,0,0,0,0,80512.3203125,2110.67749023438
"NGA",3,1,"LSMS-ISA2015",2015,1,31,3109,1026,0,310071,10,0,0,0,0,0,0,0,0,0,52.1428604125977,0,0,0,0,0,0,0,0,0,6674.6103515625,0,0,0,0,0,0,0,0,0,0,0,0,0,0,1303.57138671875,0,0,0,521.428564453125,0,1564.2857421875,4171.428515625,260.714282226562,4182.313671875,1478.20859375,10428.57109375,1979.1576171875,0,0,0,0,0,2158.7142578125,0,0,0,2701.1689453125,0,2085.71435546875,1723.579296875,0,0,0,0,0,0,41285.609375,1941.82336425781
"NGA",3,1,"LSMS-ISA2015",2015,1,31,3109,1026,0,310072,11,0,0,0,0,0,0,0,0,345.454545454545,150.974029541016,0,0,0,0,0,0,0,181.818176269531,0,1117.83850097656,0,0,0,0,0,0,0,0,0,0,0,3328.34357018163,0,0,1188.69409409831,0,950.955293206609,0,0,0,950.955293206609,1901.91058641322,237.738823301652,1453.81835206791,950.955293206609,1296.55082378444,0,0,0,0,0,0,0,0,0,0,2852.86561242319,0,0,3821.58634920791,0,0,0,0,0,0,20730.458984375,1941.82336425781
"NGA",3,1,"LSMS-ISA2015",2015,1,31,3109,1026,0,310073,9,0,0,0,0,0,0,0,0,0,289.682525634766,0,0,0,0,0,0,675.925964355469,0,0,4103.3115234375,0,0,0,0,0,0,0,0,0,0,0,0,0,0,1461.99844647027,0,1754.39816858733,0,0,0,1754.3982228408,5263.19456137007,292.399694820997,2984.92965464637,1657.85985365308,14619.984687135,3329.53624789079,0,0,0,0,0,4842.13894644167,0,0,0,0,0,1169.59888846823,0,0,0,0,0,0,0,44199.359375,1941.82336425781
"NGA",3,1,"LSMS-ISA2015",2015,1,31,3109,1026,0,310074,7,0,0,0,0,0,208.571428571429,0,0,100,372.448974609375,0,0,0,0,0,0,0,0,0,8988.1201171875,0,0,0,0,0,0,0,0,0,0,0,0,0,0,2234.69391741071,0,1489.7958984375,0,0,0,0,10428.5714285714,446.938790457589,5974.73381696429,0,7448.97935267857,2827.36802455357,0,0,0,0,0,0,0,0,0,0,0,0,0,0,0,0,0,0,0,40520.22265625,1941.82336425781
"NGA",3,1,"LSMS-ISA2015",2015,1,31,3109,1026,0,310075,17,0,0,0,0,0,143.13725011489,0,0,0,30.672269821167,0,0,0,0,0,0,1431.37255859375,0,0,2106.57397460938,0,0,0,0,0,0,0,0,0,0,0,3067.22679227941,613.445369944853,0,828.151252297794,0,920.168054917279,0,0,0,0,0,153.361342486213,3242.97081801471,3152.06227022059,4236.79779411765,4074.73621323529,0,0,0,0,0,0,0,0,0,0,0,804.211942784926,1762.65533088235,0,0,0,1579.08042279412,0,0,28146.623046875,1941.82336425781
"NGA",3,1,"LSMS-ISA2015",2015,1,31,3109,1026,0,310076,11,0,0,0,0,0,0,0,0,216.363636363636,41.8831176757813,0,0,0,0,0,0,221.212112426758,363.636352539063,0,3310.04760742188,0,0,0,0,2844.15589488636,0,0,0,0,0,0,0,948.051935369318,0,1185.06489701705,0,474.025967684659,0,0,0,948.051935369318,2370.1298384233,237.01298384233,1449.37970525568,1896.10387073864,1723.45649857955,0,0,0,0,0,0,0,0,0,0,2844.15553977273,0,2471.01260653409,2539.94566761364,0,0,0,0,0,0,26083.689453125,1941.82336425781
"NGA",3,1,"LSMS-ISA2015",2015,1,31,3109,1026,0,310077,7,0,0,0,0,0,0,0,0,0,114.285713195801,0,0,0,0,0,0,695.238098144531,0,0,862.358032226563,0,0,0,0,0,0,0,0,0,0,0,0,372.448974609375,0,893.877580915179,0,1117.34692382813,0,0,0,0,0,1117.34695870536,2715.78850446429,0,6173.61941964286,8482.10435267857,0,0,0,0,0,0,0,0,0,0,0,3648.09029715402,0,0,0,0,0,0,0,26192.50390625,1941.82336425781
"NGA",3,1,"LSMS-ISA2015",2015,1,31,3109,1026,0,310078,2,0,0,0,0,0,730,0,0,0,630.357177734375,0,0,0,0,0,0,0,500,0,5006.169921875,0,0,0,0,7821.4287109375,0,0,0,0,0,0,0,0,0,7821.4287109375,0,5214.28564453125,0,11732.142578125,0,5214.28564453125,7821.42846679688,1825,3802.10400390625,0,5214.28564453125,0,0,0,0,0,0,0,0,0,0,0,0,1683.77978515625,4308.9482421875,0,0,0,0,0,0,69325.6484375,1941.82336425781
"NGA",3,1,"LSMS-ISA2015",2015,1,31,3109,1026,0,310079,5,0,0,0,0,0,0,0,0,1520,400,0,0,0,0,0,0,0,0,0,7385.9609375,0,0,0,0,0,0,0,0,0,0,0,0,3428.46586460582,0,4285.58215908341,0,5142.69871501157,0,1714.23293230291,0,2571.34948823107,5142.69897646214,857.116466151454,24999.3659295992,8504.50003472236,22285.0273859651,13013.2384949028,0,0,0,0,0,0,0,0,0,4440.14097902965,0,1714.23307090774,14165.9673312433,0,0,0,0,0,0,121570.5859375,1941.82336425781
"NGA",3,1,"LSMS-ISA2015",2015,1,31,3109,1026,0,310080,12,0,0,0,0,0,0,0,0,350,230.059524536133,0,0,0,0,0,0,0,833.333312988281,0,4014.12084960938,0,0,0,0,869.047607421875,0,0,0,0,0,0,3041.66666666667,0,0,1086.30948893229,0,869.047607421875,0,0,0,869.047607421875,2607.14282226563,217.261901855469,1771.46419270833,2172.619140625,1579.83512369792,0,0,0,0,0,0,0,0,0,0,2607.142578125,0,0,2328.28352864583,0,0,0,0,0,0,25446.380859375,1941.82336425781
"NGA",3,1,"LSMS-ISA2015",2015,1,31,3112,350,0,310081,4,0,0,0,0,0,2190,0,0,500,1276.78564453125,0,0,1520.83337402344,0,0,0,3041.66674804688,100,0,5093.70068359375,0,0,0,0,3910.71435546875,0,0,0,0,0,0,6517.85693359375,3910.71435546875,0,13035.7138671875,0,3258.92858886719,0,0,1303.57141113281,0,10428.5714111328,651.785705566406,1901.05200195313,1847.7607421875,3910.71435546875,0,0,0,0,0,0,0,0,0,0,0,0,1562.18316650391,4308.9482421875,0,0,0,0,0,0,70271.5,2363.95874023438
"NGA",3,1,"LSMS-ISA2015",2015,1,31,3112,350,0,310082,9,0,0,0,0,0,0,0,0,544.444444444444,430.820098876953,0,0,0,0,0,0,1351.85192871094,444.444458007813,0,1366.2470703125,0,0,0,0,2317.46028645833,0,0,0,0,0,0,4634.92057291667,0,0,1448.41265190972,0,1158.73014322917,0,0,0,1158.73014322917,3765.87299262153,289.682535807292,2361.95225694444,1738.09526909722,1579.83506944444,0,16760.2552083333,0,0,0,0,0,0,0,0,2607.142578125,0,3100.2509765625,1552.18901909722,0,0,0,0,0,0,48611.33984375,2363.95874023438
"NGA",3,1,"LSMS-ISA2015",2015,1,31,3112,350,0,310083,3,0,0,0,0,0,486.666666666667,0,0,0,86.9047622680664,405.555541992188,0,0,0,0,0,0,0,0,4098.7412109375,0,0,0,0,4345.23795572917,0,0,0,0,0,0,0,0,0,6083.33333333333,0,2607.14282226563,0,5214.28580729167,0,0,12166.6663411458,869.047607421875,3802.10384114583,3695.521484375,0,0,0,0,0,0,0,0,0,0,0,0,0,1738.09521484375,0,0,0,0,0,0,0,45599.30859375,2363.95874023438
"NGA",3,1,"LSMS-ISA2015",2015,1,31,3112,350,0,310084,16,0,0,0,0,0,0,0,0,475,166.294647216797,0,0,0,0,0,0,1520.83337402344,118.75,0,2446.82958984375,0,0,0,0,651.785705566406,0,0,0,0,0,0,2607.14282226563,0,0,814.732116699219,0,651.785705566406,0,0,0,651.785705566406,1955.35711669922,162.946426391602,1328.59814453125,977.678588867188,1184.87634277344,0,2613.79370117188,0,0,0,0,0,0,0,0,0,0,841.889892578125,1746.21264648438,0,0,0,0,0,0,20916.29296875,2363.95874023438
"NGA",3,1,"LSMS-ISA2015",2015,1,31,3112,350,0,310085,5,0,0,0,0,0,292,0,0,0,380.809509277344,0,0,0,0,0,0,2433.33349609375,200,0,2645.9462890625,0,0,0,0,2085.7142578125,0,0,0,0,0,0,0,0,0,6257.14296875,0,2085.71430664063,0,2607.1427734375,0,0,9385.7140625,1042.85712890625,3802.10390625,0,6257.14296875,0,0,0,0,0,0,0,0,0,0,0,0,521.42861328125,0,0,0,0,0,0,0,39997.046875,2363.95874023438
"NGA",3,1,"LSMS-ISA2015",2015,1,31,3112,350,0,310086,5,0,0,0,0,0,973.33330078125,0,0,3200,1503.8095703125,0,0,0,0,0,0,730,0,0,1712.37866210938,0,0,0,0,0,0,0,0,0,0,0,0,0,0,6257.14296875,0,1042.85712890625,0,1042.85712890625,0,2085.7142578125,7300,521.428564453125,3041.683203125,2217.312890625,3128.571484375,3958.315234375,0,0,0,0,0,4317.428515625,0,0,0,8878.528515625,0,2644.38793945313,6894.3171875,0,0,0,0,0,0,61450.0625,2363.95874023438
"NGA",3,1,"LSMS-ISA2015",2015,1,31,3112,350,0,310087,7,0,0,0,0,0,0,0,0,2857.14285714286,1092.85717773438,0,0,3476.19056919643,0,0,0,5214.28564453125,521.428588867188,0,1229.708984375,0,0,0,0,2979.591796875,0,0,0,0,0,0,1489.7958984375,1117.34695870536,0,3724.48967633929,0,2234.69384765625,0,372.448974609375,0,0,3724.48967633929,372.448974609375,5431.57700892857,3167.58984375,7448.97935267857,0,0,0,0,0,0,0,0,0,0,0,0,2234.69398716518,0,0,0,0,0,0,0,48689.7578125,2363.95874023438
"NGA",3,1,"LSMS-ISA2015",2015,1,31,3112,350,0,310088,8,0,0,0,0,0,0,0,0,0,95.0892868041992,0,0,0,0,0,0,0,0,0,864.900695800781,0,0,0,0,1173.21423339844,0,0,0,0,0,0,0,0,0,391.071441650391,0,325.892852783203,0,0,0,0,0,325.892852783203,1901.05200195313,1847.7607421875,1800.63903808594,0,0,0,0,0,0,0,0,0,0,0,0,651.785766601563,0,0,0,0,0,0,0,9377.2978515625,2363.95874023438
"NGA",3,1,"LSMS-ISA2015",2015,1,31,3112,350,0,310089,9,0,0,0,0,0,0,0,0,0,67.1164016723633,0,0,0,0,0,0,0,0,0,1112.48217773438,0,0,0,0,0,0,0,0,0,0,0,1448.41265190972,0,0,347.619059244792,0,753.174601236979,0,0,0,0,0,289.682535807292,2112.27994791667,2053.06770833333,1600.56803385417,0,0,0,0,0,0,0,0,0,0,0,0,1827.22843424479,0,0,0,0,0,0,0,11611.630859375,2363.95874023438
"NGA",3,1,"LSMS-ISA2015",2015,1,31,3112,350,0,310090,11,0,0,0,0,0,0,0,0,0,12.7272729873657,0,0,0,0,0,0,884.848449707031,0,0,910.212707519531,0,0,0,1659.09090909091,0,0,0,0,284.415593927557,0,0,0,0,474.025967684659,568.831187855114,0,237.01298384233,0,0,0,0,0,237.01298384233,5875.97833806818,3359.56534090909,0,0,0,0,0,0,0,0,0,0,0,0,0,2151.34876598011,0,0,0,0,0,0,0,16655.0703125,2363.95874023438
"NGA",3,1,"LSMS-ISA2015",2015,1,31,3116,1344,0,310091,11,0,0,0,0,0,0,0,0,709.090909090909,516.125549316406,0,0,0,0,0,0,1106.06066894531,2727.27270507813,0,1549.31799316406,0,0,0,0,4483.12509190416,0,0,0,0,0,0,4483.12509190416,3362.34392978746,0,6724.68785957493,0,6164.29705679789,4931.43757459746,2465.71878729873,0,6724.68785957493,12328.5940248174,1120.78127297604,4569.19463196585,4483.12509190416,0,0,0,0,0,0,0,0,0,0,0,0,0,0,0,0,0,0,0,0,0,68448.984375,1688.5419921875
"NGA",3,1,"LSMS-ISA2015",2015,1,31,3116,1344,0,310092,10,0,0,0,0,0,0,0,0,2440,326.904754638672,0,0,0,0,0,0,1216.66674804688,1200,0,541.326232910156,0,0,0,0,2118.12337032668,0,0,0,529.530842581669,0,0,4501.01233850989,1059.06168516334,0,1323.82708174183,0,2647.65421231179,0,0,0,1059.06168516334,3441.95050328285,264.765421290835,5396.97088432493,5295.3087271372,1925.26029038412,0,0,0,0,0,0,4384.51537769417,0,0,0,0,0,5078.92104770598,2837.35419776759,0,0,0,0,0,0,47588.22265625,1688.5419921875
"NGA",3,1,"LSMS-ISA2015",2015,1,31,3116,1344,0,310093,7,0,0,0,0,0,0,0,0,3571.42857142857,1664.45581054688,0,0,8690.47600446429,0,0,0,10428.5712890625,1000,0,35451.30078125,0,0,0,0,0,0,0,0,0,0,0,0,2234.69391741071,0,1862.24483816964,0,2234.69384765625,0,744.89794921875,0,0,2979.591796875,372.448974609375,1629.47307477679,0,36500,0,0,0,0,0,7595.0390625,3083.87751116071,0,0,0,0,0,1489.79603794643,0,0,0,0,0,0,0,121532.984375,1688.5419921875
"NGA",3,1,"LSMS-ISA2015",2015,1,31,3116,1344,0,310094,5,0,0,0,0,0,0,0,0,0,432,0,0,0,0,0,0,9733.333984375,800,0,1808.2080078125,0,0,0,6050.36995093112,2057.12594507991,0,0,0,2420.14800830951,0,0,0,0,0,1573.0961928542,0,3630.22204027786,4840.29601661903,605.037002077379,0,0,0,605.037002077379,13235.2553721858,4288.08018337816,0,2296.50556413765,0,0,0,0,0,0,0,0,0,9402.86350973472,0,3025.18507312181,0,0,0,0,0,0,48.6666641235352,66851.4296875,1688.5419921875
"NGA",3,1,"LSMS-ISA2015",2015,1,31,3116,1344,0,310095,10,0,0,0,0,0,0,0,0,0,134.309524536133,0,0,0,0,0,0,2920,0,0,1174.78735351563,0,0,0,0,3128.571484375,0,156.428576660156,0,782.142846679688,0,0,0,0,0,677.85712890625,0,521.428564453125,1251.42861328125,625.714306640625,521.428564453125,0,1042.85712890625,260.714282226562,7604.2078125,3695.521875,1440.51123046875,0,0,0,0,0,0,0,0,0,0,0,0,3323.00258789062,0,0,0,0,0,0,48.6666641235352,29309.576171875,1688.5419921875
"NGA",3,1,"LSMS-ISA2015",2015,1,31,3116,1344,0,310096,8,0,0,0,0,0,0,0,0,2375,565.178588867188,0,0,4562.5,0,0,0,0,684.375,0,3169.07470703125,0,0,0,0,1955.35717773438,0,0,0,0,0,0,0,4236.60693359375,0,3780.35717773438,0,1955.35711669922,0,0,0,1955.35717773438,4562.5,325.892852783203,4752.6298828125,2309.701171875,6517.85693359375,0,0,0,0,0,0,0,0,0,0,0,0,3258.92858886719,2154.47412109375,0,0,0,0,0,0,49121.14453125,1688.5419921875
"NGA",3,1,"LSMS-ISA2015",2015,1,31,3116,1344,0,310097,6,0,0,0,0,0,0,0,0,0,1007.14288330078,0,0,3041.66666666667,0,1738.09521484375,0,3650,0,0,3721.71948242188,0,0,0,0,7821.42838541667,0,0,0,0,0,0,1738.09521484375,5648.80924479167,0,5040.47623697917,0,1303.57141113281,0,2172.61897786458,0,3041.66666666667,6952.380859375,434.523803710938,3168.419921875,1231.84049479167,8690.47591145833,0,0,0,0,0,0,0,0,0,0,0,0,3910.71443684896,2872.63216145833,0,0,0,0,0,0,67186.28125,1688.5419921875
"NGA",3,1,"LSMS-ISA2015",2015,1,31,3116,1344,0,310098,1,0,0,0,0,0,8516.6669921875,0,0,7000,4450.47607421875,0,0,0,0,0,0,0,6000,0,34517.36328125,0,0,0,0,15773.1222227012,0,23659.6843375044,0,0,0,0,39432.8052401955,0,0,47319.3686750088,0,11829.841581164,0,23659.6843375044,0,31546.2444454024,55205.9278063442,3943.28055567529,0,0,15773.1222227012,0,0,0,0,0,0,0,0,0,0,0,0,3943.28097153971,0,0,0,0,0,0,0,332570.875,1688.5419921875
"NGA",3,1,"LSMS-ISA2015",2015,1,31,3116,1344,0,310099,10,0,0,0,0,0,0,0,0,0,356.071441650391,0,0,3041.6666015625,0,0,0,3650,600,0,5370.8876953125,0,0,0,0,0,0,0,0,0,0,0,0,6924.98020766871,0,4154.98844876085,0,12464.9643308546,0,4154.98844876085,0,0,0,1246.49646823679,21173.7895058863,20774.9424391167,0,9952.4840021411,0,0,0,0,0,0,0,0,0,0,0,0,7421.14364815522,0,0,0,0,0,0,101287.40625,1688.5419921875
"NGA",3,1,"LSMS-ISA2015",2015,1,31,3116,1344,0,310100,7,0,0,0,0,0,0,0,0,428.571428571429,1801.02038574219,0,0,0,0,0,0,1738.09533691406,142.857147216797,0,2434.642578125,0,0,0,0,6247.95301113878,0,0,0,0,0,0,5206.62721888846,0,0,3644.63919955645,0,2603.31374182787,0,3123.97650556939,0,5206.62721888846,9892.59198080519,520.662728864292,5306.58717969075,0,8415.63416996489,0,0,0,0,0,0,0,0,0,0,0,0,520.662728864292,8369.51047800408,0,0,0,0,0,0,65603.96875,1688.5419921875
"NGA",3,1,"LSMS-ISA2015",2015,1,31,3103,874,0,310101,6,0,0,0,0,0,243.333333333333,0,0,833.333333333333,723.869079589844,0,0,0,0,0,0,0,333.333343505859,0,1957.97900390625,0,0,0,0,4345.23795572917,0,0,0,0,0,0,0,0,0,2607.14290364583,0,1303.57141113281,0,1303.57145182292,0,0,3476.1904296875,434.523803710938,0,1231.84049479167,7023.34375,0,0,0,0,0,18244.3203125,0,0,0,0,0,0,434.523844401042,4243.11588541667,0,0,0,0,0,0,48739.2265625,8105.00146484375
"NGA",3,1,"LSMS-ISA2015",2015,1,31,3103,874,0,310102,3,0,0,0,0,0,0,0,0,0,586.90478515625,0,0,0,0,3476.1904296875,0,0,0,0,2757.03930664063,0,0,0,0,3476.1904296875,0,2085.71435546875,0,0,0,0,0,0,0,5214.28580729167,0,2607.14282226563,6952.380859375,0,0,0,2607.14282226563,869.047607421875,2534.73600260417,0,13904.76171875,0,0,0,0,0,17721.7578125,0,0,0,0,0,0,6952.38118489583,0,0,0,0,0,0,0,71745.6796875,8105.00146484375
"NGA",3,1,"LSMS-ISA2015",2015,1,31,3103,874,0,310103,10,0,0,0,0,0,0,0,0,400,286.071441650391,243.33332824707,0,1825,0,0,0,1216.66674804688,300,0,3478.16162109375,0,0,0,0,4171.428515625,0,0,0,2607.1427734375,0,0,0,2607.1427734375,0,3910.714453125,0,1564.28571777344,0,1564.2857421875,0,0,1564.28569335938,260.714282226562,0,0,8428.0125,0,0,0,0,0,2239.07578125,0,0,0,0,0,0,521.42861328125,1723.579296875,0,0,0,0,0,0,38911.328125,8105.00146484375
"NGA",3,1,"LSMS-ISA2015",2015,1,31,3103,874,0,310104,6,0,0,0,0,0,1419.44449869792,0,0,3400,420.238128662109,0,0,0,0,1738.09521484375,0,0,0,0,6007.44140625,0,0,0,0,1911.90478515625,0,1042.85717773438,0,0,0,0,0,7821.42822265625,0,7386.90478515625,0,2172.61905924479,0,1738.09521484375,0,0,9124.9999593099,434.523803710938,1901.05192057292,2463.68098958333,5956.59733072917,0,0,0,0,0,18244.3203125,0,0,0,14078.5712890625,4550.0849609375,0,1510.20127360026,0,0,0,0,0,0,0,93323.0625,8105.00146484375
"NGA",3,1,"LSMS-ISA2015",2015,1,31,3103,874,0,310105,10,0,0,0,0,0,60.8333312988281,0,0,0,168.642852783203,0,0,0,0,0,0,0,200,0,1157.53735351563,0,0,0,0,2815.7142578125,0,0,0,0,0,0,0,0,0,1303.57138671875,0,0,0,1825,0,0,0,260.714282226562,1901.051953125,0,5762.044921875,0,0,0,7450.171875,0,0,0,0,0,0,2730.0509765625,0,1527.28107910156,0,0,0,0,0,0,0,27162.615234375,8105.00146484375
"NGA",3,1,"LSMS-ISA2015",2015,1,31,3103,874,0,310106,6,0,0,0,0,0,0,0,0,3500,1216.66662597656,0,0,0,0,1738.09521484375,0,1013.88891601563,0,0,10761.96484375,0,0,0,0,3476.1904296875,0,0,0,0,0,0,0,0,0,5214.28580729167,0,7386.90470377604,5214.28580729167,0,0,0,1738.09521484375,434.523803710938,3168.419921875,1847.7607421875,13035.71484375,0,0,0,0,0,17721.7578125,0,0,0,0,0,0,0,0,0,0,0,0,0,0,77468.5625,8105.00146484375
"NGA",3,1,"LSMS-ISA2015",2015,1,31,3103,874,0,310107,3,0,0,0,0,0,0,0,0,666.666666666667,486.90478515625,0,0,0,0,3476.1904296875,0,0,1000,0,2584.41284179688,0,0,0,0,7406.63355825869,0,0,0,0,0,0,19751.0223879954,0,0,12344.3888297367,0,14813.2667909965,9875.51119399769,11109.9498259813,0,4937.75559699885,6172.19457762877,1481.32672792778,5032.55349599414,0,6732.23137864492,0,0,0,6270.94980675624,0,50345.749840653,0,0,0,0,0,0,12303.2414395146,0,0,0,0,0,0,0,176790.9375,8105.00146484375
"NGA",3,1,"LSMS-ISA2015",2015,1,31,3103,874,0,310108,7,0,0,0,0,0,260.714285714286,0,0,0,54.6258506774902,0,0,0,0,0,0,0,0,0,1653.62475585938,0,0,0,0,0,0,893.877580915179,0,744.89794921875,0,0,0,0,0,0,0,1489.7958984375,0,372.448974609375,0,0,744.89794921875,372.448974609375,1629.47307477679,0,4527.32114955357,0,0,0,6651.93861607143,0,5696.27957589286,0,0,0,0,357.551025390625,0,0,3636.95647321429,0,0,0,0,0,0,29086.8515625,8105.00146484375
"NGA",3,1,"LSMS-ISA2015",2015,1,31,3103,874,0,310109,9,0,0,0,0,0,0,0,0,144.444444444444,240.079376220703,0,0,0,0,1738.09526909722,337.962972005208,0,333.333343505859,0,1214.32434082031,0,0,0,0,1738.09526909722,0,0,0,0,0,0,0,1738.09526909722,0,2896.82530381944,0,3476.1904296875,0,2607.14279513889,0,1158.73014322917,1158.73014322917,289.682535807292,1771.46408420139,0,0,0,0,0,4414.76171875,0,8860.87934027778,0,0,0,0,0,0,2455.0595703125,10216.4348958333,0,0,0,0,0,0,46790.328125,8105.00146484375
"NGA",3,1,"LSMS-ISA2015",2015,1,31,3103,874,0,310110,7,0,0,0,0,0,0,0,0,0,181.292510986328,0,0,0,0,0,0,0,0,0,1409.68395996094,0,0,0,0,2234.69391741071,0,372.448974609375,0,1638.77553013393,0,0,0,0,0,372.448974609375,0,223.469395228795,0,372.448974609375,1676.02038574219,0,1862.24487304688,372.448974609375,5431.57700892857,0,4115.74637276786,0,0,0,4656.35686383929,0,37089.4202008929,0,0,0,0,0,0,3304.06856863839,0,0,0,0,0,0,0,65313.1484375,8105.00146484375
"NGA",3,1,"LSMS-ISA2015",2015,5,32,3215,2978,1,320001,8,0,3000,2737.5,0,0,760.416687011719,0,0,1375,3952.38110351563,304.166656494141,0,4562.5,0,0,0,16729.16796875,6072.91650390625,0,219716.671875,0,0,0,0,10591.5301286146,7414.07133612735,8473.22426695644,0,8473.22472106921,5295.76506430731,10591.5301286146,12709.8364443856,15887.2964234075,12815.7523910408,6354.9183442631,4766.18882594915,4024.78159272368,5825.3418178134,0,2330.13675153942,0,0,317.745929542467,0,0,0,0,0,0,0,0,0,0,0,0,0,0,0,0,0,0,0,0,0,0,1216.66662597656,376298.75,9862.4423828125
"NGA",3,1,"LSMS-ISA2015",2015,5,32,3215,0,1,320002,7,0,4285.71435546875,6952.38113839286,0,0,260.714285714286,0,0,11971.4285714286,13384.013671875,0,0,10428.5714285714,0,22346.9397321429,0,13904.7626953125,34285.71484375,0,57142.85546875,0,0,0,0,6704.08147321429,13408.1629464286,5959.18359375,0,7076.53083147321,11918.3671875,12663.265625,34637.7554408482,20112.2452566964,7448.97977120536,3352.04073660714,7448.97963169643,13408.1632254464,6704.08147321429,0,5959.18359375,0,16387.7550223214,1489.79593331473,0,0,0,0,0,0,0,0,0,0,0,0,0,0,0,0,0,0,0,0,0,0,1042.85717773438,350684.5,9862.4423828125
"NGA",3,1,"LSMS-ISA2015",2015,5,32,3215,2978,1,320006,6,0,4000,10138.888671875,0,0,2027.77783203125,0,0,0,2259.52368164063,0,0,30416.6666666667,40555.5546875,26071.4296875,0,20277.77734375,0,0,50000,0,0,0,0,10894.5402589225,9805.08628232043,4357.81615285919,0,34862.5300181924,0,0,32683.6222277487,22878.5351454886,14707.6299908317,5991.99728052267,5447.27012946123,13618.1756480187,8715.63230571839,653.672463156903,15688.138550725,0,19610.1725646409,9914.03173509846,0,0,0,0,0,0,0,0,0,0,0,0,0,0,0,0,0,0,0,0,0,0,0,395576.5,9862.4423828125
"NGA",3,1,"LSMS-ISA2015",2015,4,14,1404,0,1,320007,5,1581.66674804688,6000,7300,0,0,0,0,730,18200,25972.953125,0,0,0,0,8342.85703125,0,14600,9600,0,43200,0,0,0,0,0,0,0,0,2607.14287109375,11471.4282226563,0,38064.2848144531,0,0,8551.42861328125,10428.5712890625,10115.7143554688,0,312.857153320312,3337.14296875,0,81342.855078125,7717.14291992187,0,0,0,14944.3828125,4171.42890625,1140.28872680664,0,0,143.137255859375,0,0,25028.571875,5492.38125,4797.14296875,0,2502.8572265625,2429.1609375,145.650415039062,2172.6189453125,0,0,0,526573.375,899017,9862.4423828125
"NGA",3,1,"LSMS-ISA2015",2015,5,32,3215,0,1,320008,6,2433.33325195313,4000,0,0,0,6083.33333333333,0,0,11166.6666666667,5816.46826171875,0,0,6083.33333333333,0,13035.71484375,0,16222.22265625,10000,0,20105.86328125,0,0,0,0,0,4345.23795572917,3910.71419270833,6517.857421875,3476.1904296875,6952.380859375,15642.8567708333,0,13035.71484375,0,1738.09521484375,0,10863.0950520833,6517.857421875,0,2607.14290364583,0,2172.61901855469,3910.71419270833,0,0,0,1814.986328125,0,0,0,0,0,0,0,0,0,2085.71435546875,0,0,0,0,0,0,777.176900227865,0,0,181315.265625,9862.4423828125
"NGA",3,1,"LSMS-ISA2015",2015,5,32,3215,0,1,320009,4,2433.33325195313,7500,12166.6669921875,0,0,6083.33349609375,0,6083.33349609375,28500,46592.859375,0,0,15208.3330078125,0,13035.7138671875,0,60833.33203125,21291.666015625,0,54083.01171875,0,0,0,0,0,0,0,19553.572265625,9125,22160.7150878906,35196.4296875,0,29982.1420898438,0,0,26723.2139892578,16294.6425170898,0,2867.85717773438,13035.7143554688,0,41714.2849121094,19553.5717773438,0,0,0,4719.4267578125,5187.81787109375,1964.08642578125,0,0,0,0,0,0,8473.21435546875,5527.14294433594,0,1108.03573608398,4157.94384765625,3432.73828125,8147.3212890625,0,1553.11228942871,0,0,554289.625,9862.4423828125
"NGA",3,1,"LSMS-ISA2015",2015,5,32,3215,2978,1,320010,6,0,6000,0,0,0,0,0,0,0,7061.11083984375,0,0,2433.33333333333,0,8690.47591145833,811.111083984375,12166.6669921875,9111.111328125,0,60000,0,0,0,0,12661.9137291225,18088.4472152605,18088.4472152605,0,7235.37935424418,0,28941.5174169767,63309.5679196324,30750.3618331232,1447.07586897538,7235.37935424418,0,28941.5174169767,21706.1389514728,0,8682.45575833716,0,0,9405.99311233351,0,0,0,0,0,0,0,0,0,0,0,0,0,0,0,0,0,0,0,0,0,0,62556.9453125,425324.96875,9862.4423828125
"NGA",3,1,"LSMS-ISA2015",2015,5,32,3222,2780,1,320011,10,0,1200,0,0,0,730,0,0,100,295.476165771484,0,0,2433.3333984375,0,1564.2857421875,0,7300,300,0,14671.845703125,0,0,0,0,6915.86729016413,4149.52061757155,5532.69399747938,0,2074.76030878578,2766.34699873969,0,0,0,5878.48758138038,3112.14034371665,0,2074.76025995765,1728.96682254103,0,0,0,13140.148298528,207.476033319984,0,0,0,0,0,0,0,0,0,0,0,0,0,0,0,0,0,0,0,0,0,0,0,76176.109375,5428.05078125
"NGA",3,1,"LSMS-ISA2015",2015,5,32,3222,2780,1,320012,4,2433.33325195313,3000,0,0,0,5475,0,0,3250,7172.619140625,0,0,12166.6669921875,0,28678.572265625,0,21291.666015625,4000,0,18861.4296875,0,0,0,0,11732.142578125,19553.572265625,15642.857421875,0,8473.21411132813,10428.5712890625,0,31285.71484375,40410.71484375,11601.7855224609,2607.14282226563,5214.28576660156,19553.5714111328,7039.28564453125,0,12383.9288330078,0,28678.5712890625,5866.0712890625,0,0,0,0,0,0,0,0,0,0,0,0,0,4345.23828125,0,0,0,0,0,0,0,0,1825,342970.96875,5428.05078125
"NGA",3,1,"LSMS-ISA2015",2015,5,32,3222,2780,1,320013,5,0,1440,4380,0,0,1216.66669921875,0,0,1480,1560.95239257813,0,0,4866.666796875,0,10428.57109375,0,6083.33349609375,600,0,6704.54052734375,0,0,0,0,10428.57109375,6257.14296875,10428.57109375,0,5005.7142578125,5214.285546875,0,10428.57109375,2085.7142578125,11471.428515625,4692.85703125,2085.7142578125,1877.14284667969,2607.1427734375,2085.7142578125,1042.85712890625,0,13035.7142578125,1355.71428222656,0,0,0,0,0,0,0,0,0,0,6517.85703125,0,0,0,0,0,0,0,0,0,0,0,730,136111.4375,5428.05078125
"NGA",3,1,"LSMS-ISA2015",2015,5,32,3222,2780,1,320015,7,2085.71435546875,18000,6952.38113839286,2607.14285714286,0,6952.38113839286,0,0,5000,19708.162109375,0,0,10428.5714285714,0,37244.8973214286,0,52142.85546875,2857.14282226563,0,77010.4921875,0,0,0,0,37244.8973214286,0,89387.7589285714,0,5959.18359375,4469.38783482143,11173.4698660714,33520.4084821429,54377.55078125,7076.53055245536,0,2234.69384765625,10428.5714983259,11173.4698660714,1638.77553013393,24209.1841517857,0,13408.1632254464,6704.08175223214,0,0,0,0,5187.81752232143,0,0,0,0,0,0,0,0,4469.38783482143,2234.69391741071,0,0,50.901362827846,0,0,0,0,347.619049072266,566286.25,5428.05078125
"NGA",3,1,"LSMS-ISA2015",2015,5,32,3222,2780,1,320016,7,0,15428.5712890625,0,4171.42857142857,0,14947.6194196429,0,0,2285.71428571429,1291.15637207031,0,0,0,0,1489.7958984375,0,29547.619140625,0,0,26474.806640625,0,0,0,0,7448.97935267857,5959.18359375,9683.67299107143,0,3426.53058733259,0,0,8193.87751116071,3724.48967633929,670.408133370536,3352.04073660714,0,15642.8570033482,0,0,0,0,12663.2650669643,2607.14289202009,0,0,0,0,0,0,0,0,0,0,0,65106.9464285714,0,0,0,0,0,0,0,0,0,0,869.047668457031,234985.1875,5428.05078125
"NGA",3,1,"LSMS-ISA2015",2015,5,32,3222,2780,1,320017,7,0,5142.85693359375,2607.14285714286,0,0,869.047642299107,0,0,1714.28571428571,3002.04077148438,0,0,3476.19056919643,0,3724.48967633929,0,37369.046875,0,0,116713.2109375,0,0,0,0,7448.97935267857,8938.77566964286,5959.18359375,0,2234.69391741071,3724.48967633929,7448.97935267857,0,0,5959.18359375,3724.48981584821,1489.7958984375,1564.28571428571,1862.24483816964,0,595.918387276786,0,11173.4693080357,223.469395228795,0,0,0,0,0,0,0,0,0,0,0,0,0,0,0,0,0,0,0,0,0,0,1390.47619628906,238356.75,5428.05078125
"NGA",3,1,"LSMS-ISA2015",2015,5,32,3222,2780,1,320018,5,0,43800,0,0,0,2920,0,0,1080,4632.380859375,0,0,0,0,13557.1421875,0,2433.33349609375,1600,0,8263.70703125,0,0,0,0,12281.1375872984,0,20468.5614398647,0,0,16374.8503642758,0,20468.5614398647,69593.1117890582,0,21287.3041868111,0,22924.7896318758,12281.1375872984,0,0,0,0,8596.79660443924,0,0,0,0,0,0,0,0,0,0,0,0,0,0,0,0,0,0,0,0,0,0,0,282562.84375,5428.05078125
"NGA",3,1,"LSMS-ISA2015",2015,5,32,3222,2780,1,320019,10,365,2400,0,0,0,2433.3333984375,0,0,240,2478.09521484375,608.333374023438,0,0,0,2607.1427734375,0,7300,0,0,7200,0,0,0,0,4263.19152329029,4263.19141977997,5595.43881060576,0,1332.24729316954,0,0,0,6661.23656935802,0,1065.79785494499,0,3250.68347493817,4849.38030252499,0,0,0,4369.77128588745,852.638299482542,0,0,0,0,0,0,0,0,0,0,0,0,0,0,0,0,0,0,0,0,0,0,7300,69435.484375,5428.05078125
"NGA",3,1,"LSMS-ISA2015",2015,5,32,3222,2780,1,320020,7,0,13714.2861328125,0,0,0,1042.85714285714,0,0,0,2935.37426757813,0,0,869.047642299107,0,0,0,30416.66796875,0,0,5902.64794921875,0,0,0,0,14332.1829151532,0,35830.4572878831,0,5118.63654079588,12796.5915093691,0,12796.5915093691,35830.4572878831,16635.5686967674,11516.9318412127,0,14076.2503736217,7677.95510808212,0,0,0,0,1279.65913519897,0,0,0,0,0,0,0,0,0,0,0,0,0,0,0,0,4112.53420958222,0,0,0,0,0,0,226884.6875,5428.05078125
"NGA",3,1,"LSMS-ISA2015",2015,5,32,3218,0,0,320021,8,0,3000,6083.33349609375,0,0,3802.08325195313,0,0,2625,10651.7861328125,0,0,3802.08325195313,0,4562.5,0,16729.166015625,0,0,16163.2431640625,0,3258.92846679688,0,0,65178.5703125,6517.85693359375,9776.7861328125,3258.92846679688,5214.28576660156,0,9776.7861328125,0,118625.003051758,0,0,1955.35711669922,6517.85699462891,4562.5,0,0,0,15642.8571777344,4562.5,0,0,0,0,0,0,1767.57177734375,0,1414.25207519531,0,0,0,4345.23828125,1955.35717773438,57.7503204345703,1493.67559814453,1009.21661376953,2574.5537109375,5431.54736328125,0,310.994911193848,0,0,342627.625,2684.77587890625
"NGA",3,1,"LSMS-ISA2015",2015,5,32,3218,296,0,320022,11,0,1090.90905761719,0,0,0,0,0,0,818.181818181818,1229.43725585938,0,0,0,0,4740.25958806818,0,5530.30322265625,363.636352539063,0,4431.20458984375,0,0,0,0,21000.150518588,16800.1214823303,13650.0982820337,0,7350.0528593275,0,0,14700.1057630442,6300.04560026306,0,2100.01518529129,0,8400.06074116515,12600.0912005261,0,0,0,0,1260.00912449153,0,0,0,0,0,0,0,0,3794.69719063719,0,0,0,0,0,0,0,0,0,0,0,0,0,0,126159.375,2684.77587890625
"NGA",3,1,"LSMS-ISA2015",2015,5,32,3218,296,0,320024,6,0,2000,0,0,0,0,0,10.1388883590698,666.666666666667,3534.52368164063,0,0,0,0,0,0,3244.4443359375,500,0,4000,0,0,0,0,13700.6824241009,11743.4422808394,10764.8222092086,0,7828.96128368122,7828.96128368122,0,8807.58135531199,0,0,8807.58135531199,0,5871.72105903947,13700.6824241009,0,0,0,0,3914.48068253071,0,0,0,0,0,0,0,0,0,0,0,0,0,0,0,0,0,0,0,0,0,0,4055.5556640625,110980.25,2684.77587890625
"NGA",3,1,"LSMS-ISA2015",2015,5,32,3218,0,0,320025,6,0,1000,0,0,0,2838.88899739583,0,0,0,2201.58740234375,0,0,0,0,2607.14290364583,0,12166.6669921875,0,0,3092.49243164063,0,0,0,0,8690.47591145833,10428.5716145833,11297.6184895833,0,3476.1904296875,8690.47591145833,0,2607.14290364583,7821.42838541667,9994.04736328125,5214.28580729167,0,6170.23807779948,6952.380859375,608.333333333333,13296.4287109375,8690.47591145833,14773.8092447917,3910.71423339844,0,0,0,0,0,0,0,0,0,0,0,0,0,0,0,0,0,0,0,0,0,0,3447.22216796875,149976.625,2684.77587890625
"NGA",3,1,"LSMS-ISA2015",2015,5,32,3218,296,0,320026,4,0,600,0,0,0,3650,0,0,2000,2087.20239257813,0,0,6083.33349609375,0,6517.85693359375,0,2433.33325195313,1000,0,6000,0,0,0,0,15563.4557404856,14590.739116615,12969.545878666,0,9727.15940899949,9727.15977832623,0,21075.5113172946,22696.7057821783,0,6484.77293933299,9727.15965625591,18157.3646257427,12969.545878666,0,0,0,11348.3526469485,6484.77300036815,0,0,0,0,0,0,0,0,0,0,0,0,0,0,0,0,0,0,0,0,0,0,7300,209193.953125,2684.77587890625
"NGA",3,1,"LSMS-ISA2015",2015,5,32,3218,296,0,320027,11,0,1090.90905761719,0,0,0,1106.06063565341,0,0,2000,413.982696533203,0,0,0,0,2370.12979403409,0,2212.12133789063,0,0,1657.95324707031,0,0,0,0,10454.4340239001,5227.21701195005,10454.4340239001,0,6795.38243756503,0,0,0,7840.82554698629,7056.74332932665,3659.05204396033,0,5227.21705633926,4181.77368058277,1306.80425298751,6115.84429526578,0,13068.0427364932,2352.24770985841,0,0,0,0,0,0,0,0,0,0,0,0,0,0,0,0,0,0,0,0,0,0,0,94591.1875,2684.77587890625
"NGA",3,1,"LSMS-ISA2015",2015,5,32,3218,0,0,320028,6,0,1200,0,0,0,2636.11116536458,0,0,0,737.301574707031,0,0,1216.66666666667,0,4345.23795572917,0,12166.6669921875,0,0,25000,0,0,0,2172.61897786458,7821.42838541667,12166.6666666667,5214.28580729167,4345.23795572917,4779.76188151042,6952.380859375,0,21726.1901041667,17380.9518229167,7821.42887369792,5214.28564453125,6083.33325195313,12166.6665852865,5648.80924479167,869.047607421875,6517.857421875,0,13035.7141927083,2172.61901855469,0,0,0,0,0,0,0,0,0,0,0,0,0,0,1808.04947916667,0,0,0,0,0,0,0,28000,219199.3125,2684.77587890625
"NGA",3,1,"LSMS-ISA2015",2015,5,32,3218,296,0,320029,6,0,3200,0,0,0,1013.88891601563,0,0,1333.33333333333,729.365051269531,0,0,0,0,4345.23795572917,0,9125,0,0,41229.10546875,0,0,0,0,4345.23795572917,0,1738.09521484375,0,2607.14290364583,0,0,8690.47591145833,30416.6666666667,0,4345.23811848958,0,1303.57141113281,2780.95247395833,0,869.047607421875,0,1738.09521484375,2259.52380371094,0,0,0,0,0,0,0,0,0,0,0,0,0,0,0,0,0,0,0,0,0,0,0,122069.96875,2684.77587890625
"NGA",3,1,"LSMS-ISA2015",2015,5,32,3218,296,0,320030,6,0,8000,0,0,0,1216.66666666667,0,0,833.333333333333,1184.92053222656,0,0,0,0,1738.09521484375,0,4055.5556640625,0,0,41229.10546875,0,0,0,0,2795.24387934567,5590.48775869135,4472.39029948252,0,5590.48792145176,0,0,0,27952.4397700192,9503.82972265349,5590.48792145176,0,2907.05373964666,2683.4342910584,0,1118.09757487063,0,12299.073520619,2124.38550041884,0,0,0,0,0,0,0,0,0,0,0,0,0,0,0,0,0,0,0,0,0,0,0,140885.078125,2684.77587890625
"NGA",3,1,"LSMS-ISA2015",2015,5,32,3223,578,0,320031,11,0,0,0,0,0,663.636363636364,0,0,109.090909090909,176.623382568359,0,0,0,0,1422.07794744318,0,1659.09094238281,90.9090881347656,0,2016.10278320313,0,0,0,0,8979.46654374762,0,0,0,5836.65351097061,0,0,8979.46654374762,2693.84007116378,0,4040.75992542535,897.946691015174,1436.71468192428,4489.73327187381,0,2334.66144140501,0,4489.73331626301,2065.27735434942,0,0,0,0,40808.71340232,16776.3684951428,0,0,0,0,0,0,0,3.59178686210296,0,1405.48172832069,0,0,0,0,0,0,0,111375.9375,612.196472167969
"NGA",3,1,"LSMS-ISA2015",2015,5,32,3223,578,0,320032,6,0,0,0,0,0,811.111083984375,0,0,0,373.809539794922,0,0,0,0,1738.09521484375,608.333333333333,4258.33349609375,166.66667175293,1738.09521484375,2104.04125976563,0,0,0,0,10648.194650902,0,0,0,3194.45857870002,0,0,0,0,851.855632470951,4791.68764826701,1064.81949277076,1916.67511573794,2662.04866272549,0,1064.81949277076,2129.63898554152,0,319.445860988636,0,0,0,0,64523.3791440458,9947.02975365636,0,0,0,0,0,0,0,4.25927812504373,1056.89270801941,1736.11867785746,0,0,0,1490.74711298263,3605.17471137573,0,0,122805.734375,612.196472167969
"NGA",3,1,"LSMS-ISA2015",2015,5,32,3223,578,0,320033,7,0,0,0,0,0,869.047642299107,0,0,0,74.4897994995117,0,0,0,0,2234.69391741071,0,1129.76196289063,0,0,764.049194335938,0,0,0,0,0,0,0,0,0,0,0,0,3957.67492284532,0,1978.83746142266,791.535000857069,0,0,0,0,0,0,474.921022609138,0,0,0,0,0,7394.13794058843,0,0,0,0,0,53809.1592434067,0,0,0,1238.92433755225,0,0,0,0,1339.95573095511,0,0,76057.1953125,612.196472167969
"NGA",3,1,"LSMS-ISA2015",2015,5,32,3223,578,0,320034,2,0,0,0,0,0,3041.66674804688,0,0,0,260.714294433594,0,0,0,0,0,0,23116.666015625,0,18250,7952.14404296875,0,0,0,0,0,0,0,0,0,0,0,0,38246.0889388528,0,6374.34796252963,0,0,0,0,0,0,0,1912.30448539014,0,0,0,0,55775.5453994311,14886.5205269428,0,0,10417.3367281635,0,0,0,0,0,0,4988.62006428046,0,0,0,0,5395.43041009852,0,0,190617.40625,612.196472167969
"NGA",3,1,"LSMS-ISA2015",2015,5,32,3223,578,0,320035,6,202.777770996094,0,0,0,0,405.555541992188,0,0,816.666666666667,356.349212646484,0,0,912.5,0,1738.09521484375,0,2838.88891601563,0,0,1376.81945800781,0,0,0,0,3910.71419270833,0,0,0,1738.09521484375,0,0,0,6952.380859375,260.714294433594,3476.1904296875,0,2085.71427408854,1738.09521484375,0,0,0,1738.09521484375,608.333333333333,0,0,1122.28466796875,0,9125,4059.11165364583,0,0,3186.90006510417,0,0,0,0,0,2847.68758138021,710.075480143229,0,0,0,0,0,0,0,52207.046875,612.196472167969
"NGA",3,1,"LSMS-ISA2015",2015,5,32,3223,578,0,320036,2,0,0,0,0,0,608.333312988281,0,0,200,560.714294433594,0,0,0,0,6517.85693359375,0,2433.33325195313,0,0,2710.71508789063,0,0,0,0,5214.28564453125,0,0,0,0,0,0,0,10428.5712890625,1564.28576660156,10428.5712890625,0,3650,2607.14282226563,0,0,0,2607.14282226563,1564.28570556641,0,0,0,0,18250,12177.3349609375,0,4307.45361328125,8521.494140625,0,0,0,0,0,13140.6455078125,3770.21813964844,0,0,0,0,0,0,0,111262.390625,612.196472167969
"NGA",3,1,"LSMS-ISA2015",2015,5,32,3223,578,0,320037,2,0,0,0,0,0,3041.66674804688,0,0,0,2485.71435546875,0,0,0,0,7821.4287109375,0,0,0,0,3102.01098632813,0,0,0,0,10603.4209757096,26508.5515968658,21206.8419514191,0,15905.131707705,0,0,0,15905.131707705,0,23857.6961758749,0,13784.4469827041,13254.2757984329,0,6892.22385152098,0,0,10073.2502186844,0,0,0,0,0,0,0,0,0,0,0,0,0,0,0,0,0,0,0,0,0,0,0,174441.796875,612.196472167969
"NGA",3,1,"LSMS-ISA2015",2015,5,32,3223,578,0,320038,1,0,0,0,0,0,608.333312988281,0,0,0,521.428588867188,0,0,0,0,0,0,0,0,0,5348.34423828125,0,0,0,0,0,0,0,0,0,0,0,0,0,0,0,0,0,0,0,0,0,0,0,0,0,0,0,12907.783203125,12177.3349609375,0,0,0,0,0,34192.0390625,0,4866.66650390625,0,2824.40478515625,8378.765625,0,0,0,1147.14282226563,0,0,82972.25,612.196472167969
"NGA",3,1,"LSMS-ISA2015",2015,5,32,3209,0,1,320039,5,730,2400,0,0,0,4866.666796875,0,0,0,451.90478515625,0,0,0,0,0,0,9733.333984375,0,0,8400,0,0,0,0,0,0,15642.8578125,0,2085.7142578125,0,0,7300,12514.2856445313,0,0,0,1564.28569335938,0,0,0,0,11992.857421875,417.14287109375,0,0,0,0,6257.14296875,0,0,0,20227.4953125,0,0,0,0,2023.14287109375,0,0,2825.8064453125,0,0,0,125.142858886719,0,0,109557.7734375,612.196472167969
"NGA",3,1,"LSMS-ISA2015",2015,5,32,3223,578,0,320040,16,0,0,0,0,0,114.0625,152.08332824707,0,625,488.839263916016,0,0,0,0,0,0,1520.83337402344,375,0,1037.33618164063,0,0,0,0,0,0,0,0,0,0,0,0,1955.35717773438,8473.2138671875,0,0,162.946426391602,1955.35717773438,0,391.071441650391,0,0,162.946426391602,0,0,0,0,0,3044.33374023438,0,0,1065.18676757813,0,0,0,0,651.785705566406,0,325.892852783203,0,0,0,0,0,0,0,22501.248046875,612.196472167969
"NGA",3,1,"LSMS-ISA2015",2015,5,32,3209,1208,1,320041,6,0,6000,0,0,0,2027.77783203125,0,0,833.333333333333,3994.84155273438,0,0,4055.5556640625,0,4345.23795572917,0,12166.6669921875,333.333343505859,0,16000,0,0,0,0,12169.471837407,7301.68355804251,9735.57760013392,0,9735.57795807599,0,10344.0516801547,0,6084.73591870349,0,5476.26235938522,1216.94720001674,1947.11554444085,6084.73591870349,0,7058.29387402938,0,12169.4721629278,2312.19980613842,0,0,0,0,0,0,0,0,0,0,0,0,0,0,0,0,0,0,0,0,0,0,17236.111328125,158628.984375,7287.2490234375
"NGA",3,1,"LSMS-ISA2015",2015,5,32,3209,1208,1,320042,4,0,6000,0,0,0,1825,0,0,1000,6296.4287109375,0,0,6083.33349609375,0,5214.28564453125,0,18250,1000,0,24000,0,0,0,0,6312.88575232369,12625.7715046474,10100.6174994229,0,12625.7722439098,5050.30874971143,21463.8132324219,5050.30874971143,0,25251.5444878195,13888.3488768908,2525.15437485572,6565.40141124596,7575.46324663746,0,2525.15437485572,0,0,5807.85520425913,0,0,0,0,0,0,0,0,0,0,0,0,0,0,0,0,0,0,0,0,0,0,26158.333984375,233195.765625,7287.2490234375
"NGA",3,1,"LSMS-ISA2015",2015,5,32,3209,1208,1,320043,6,0,2000,0,0,0,2027.77783203125,0,0,0,4055.5556640625,0,0,6083.33333333333,0,17380.9518229167,0,49680.55078125,0,0,14482.7880859375,0,0,0,0,8690.47591145833,0,5214.28580729167,4345.23795572917,2607.14290364583,8690.47591145833,0,1738.09521484375,13904.76171875,18684.5232747396,4345.23811848958,4345.23795572917,9646.42846679688,6952.380859375,0,17554.7619628906,0,65178.5712890625,4779.76192220052,0,0,0,0,0,0,0,0,0,0,0,0,0,0,0,0,0,0,0,0,0,0,0,272388.34375,7287.2490234375
"NGA",3,1,"LSMS-ISA2015",2015,5,32,3209,1208,1,320044,8,4562.5,22812.5,0,3041.66674804688,0,4562.5,0,0,8500,3106.84521484375,0,0,0,0,13035.7138671875,0,9125,0,0,5947.9287109375,0,0,0,0,0,0,15642.857421875,0,521.428588867188,0,0,0,19553.572265625,2607.14288330078,1303.57141113281,0,3063.39282226563,20857.142578125,325.892852783203,1564.28570556641,0,15642.8576660156,325.892852783203,0,0,0,0,0,0,0,0,0,0,0,0,0,0,0,0,0,0,0,0,0,0,0,156102.6875,7287.2490234375
"NGA",3,1,"LSMS-ISA2015",2015,5,32,3209,1208,1,320045,6,0,2000,0,0,0,2433.33333333333,0,0,3133.33333333333,2143.25390625,4055.5556640625,0,4055.5556640625,0,8690.47591145833,0,12166.6669921875,1166.66662597656,0,10000,0,0,0,0,5481.72558782192,5481.72558782192,3654.48359794419,0,4568.10450212111,3654.48359794419,0,21926.9023512877,10049.8298458024,8222.58852572983,3654.48359794419,4568.1046022648,9501.65738218903,4568.1044207409,456.810449743024,6852.15713815608,0,7308.96719588839,3289.03529979602,0,0,0,0,0,0,0,0,0,0,0,0,0,0,0,0,0,0,0,0,0,0,0,153084.03125,7287.2490234375
"NGA",3,1,"LSMS-ISA2015",2015,5,32,3209,1208,1,320047,12,304.166656494141,0,0,0,0,608.333333333333,101.388885498047,0,500,2851.98413085938,0,0,0,0,0,0,5069.4443359375,416.666656494141,0,3511.86596679688,0,0,0,0,6161.1858463624,0,0,0,0,11460.6200547965,0,61611.861482867,14376.1001207319,0,2053.72850938735,0,2567.16063673419,0,0,0,0,0,513.432127346838,0,0,0,0,0,0,0,0,11460.6200547965,0,0,0,0,0,0,0,0,0,0,0,0,0,0,123568.5625,7287.2490234375
"NGA",3,1,"LSMS-ISA2015",2015,5,32,3209,1208,1,320048,7,2085.71435546875,1714.28576660156,0,0,0,434.523821149554,0,0,0,2998.63940429688,0,0,4345.23800223214,0,0,869.047642299107,8690.4755859375,714.285705566406,0,5579.88720703125,0,0,0,0,11147.8390768667,18579.732614998,0,0,10838.1774926467,0,0,12386.4886777943,34062.8436630876,4644.93315374951,13934.7993217396,0,18579.7324754891,6193.24433889716,0,3715.94669931121,0,0,10838.1775275239,0,0,0,0,0,28927.149414273,0,0,17444.9541776923,0,0,0,0,0,0,0,0,0,0,0,0,0,0,218726.109375,7287.2490234375
"NGA",3,1,"LSMS-ISA2015",2015,5,32,3209,1208,1,320049,6,0,600,9125,0,0,6083.33333333333,0,0,10333.3333333333,6056.74609375,0,0,8111.111328125,0,21726.1901041667,0,10138.888671875,6833.33349609375,0,89845.5703125,0,0,0,0,76852.0847492764,0,0,0,0,0,64043.4011451875,102469.443519826,19213.0211059389,44830.3820672755,19213.0211059389,12808.6804399782,48032.5518729041,16010.8502862969,12808.6804399782,15370.4173391846,0,0,41628.212261647,0,0,0,0,0,59826.2549613391,0,0,20932.7032630829,0,0,0,0,0,0,0,0,0,0,0,0,0,0,722893.1875,7287.2490234375
"NGA",3,1,"LSMS-ISA2015",2015,5,32,3209,1208,1,320050,7,2780.95239257813,8571.4287109375,0,0,0,6083.33314732143,0,695.238098144531,6571.42857142857,11091.4970703125,0,0,17380.9520089286,0,148979.589285714,0,52142.85546875,0,0,88831.1328125,0,0,0,0,0,2234.69391741071,0,0,30540.8162667411,0,0,40969.3869977679,44693.8794642857,1117.34695870536,18622.4486607143,7448.97963169643,10801.0202287946,0,0,16760.2039620536,0,55867.3470982143,7076.53036063058,0,0,0,12668.6473214286,0,10437.7165178571,0,0,8392.82924107143,0,0,0,7262.75502232143,7448.97935267857,3353.40548270089,1117.34695870536,7701.62555803571,5090.13616071429,4655.61216517857,0,0,0,2607.14282226563,649997.25,7287.2490234375
"NGA",3,1,"LSMS-ISA2015",2015,5,32,3213,128,0,320051,5,0,0,0,0,0,973.33330078125,0,0,0,1277.61901855469,0,0,0,0,0,0,7300,0,0,4547.1181640625,0,0,0,0,0,0,0,0,0,0,0,38197.7526078984,63662.9186250098,0,7639.5511013072,0,12732.5839041135,19098.8763039492,0,0,0,0,3183.14597602838,0,0,0,0,0,59470.8265818924,0,0,20808.3426822843,0,0,0,0,0,0,0,0,0,0,0,0,0,0,238892.078125,8284.451171875
"NGA",3,1,"LSMS-ISA2015",2015,5,32,3213,128,0,320052,12,0,0,0,0,0,405.555541992188,101.388885498047,0,1250,4468.84912109375,0,0,25347.2213541667,0,8690.47591145833,0,8111.111328125,3041.66674804688,0,20388.302734375,0,0,0,0,5999.82205370864,11999.6441074173,0,0,6856.93925613885,0,0,29999.1110981895,13713.8784715876,5142.70454835306,2057.08192446037,0,5999.82203336359,10285.4090967061,1714.23480894845,0,0,0,857.117404474224,0,0,0,0,0,16013.5538124098,0,0,5603.00791716659,0,0,0,0,0,0,0,0,0,0,0,0,0,709.722229003906,188756.609375,8284.451171875
"NGA",3,1,"LSMS-ISA2015",2015,5,32,3213,128,0,320053,8,0,3000,0,0,0,3041.66674804688,3041.66674804688,0,3000,2020.53576660156,0,0,6083.33349609375,0,9125,0,3041.66674804688,0,0,18750,0,0,0,0,13212.9279763299,0,7927.75717642292,0,0,0,0,0,16516.1606977013,11230.9894197789,3303.23211615278,0,5219.10669135031,5285.17128818819,0,9249.04987639965,0,28407.7954755075,2378.32716005696,0,0,0,0,0,0,0,0,0,0,0,0,0,0,0,0,0,0,0,0,0,0,0,153834.390625,8284.451171875
"NGA",3,1,"LSMS-ISA2015",2015,5,32,3215,0,1,320054,4,2433.33325195313,3000,0,0,0,912.5,0,0,1500,3064.28564453125,0,0,0,0,0,0,18250,0,0,625,0,0,0,0,10428.5712890625,0,0,0,1303.57141113281,0,0,13035.7138671875,13035.7139892578,0,651.785705566406,1303.57141113281,8473.21417236328,3258.92846679688,0,2607.14282226563,0,19553.5717773438,3258.92846679688,1696.51220703125,0,0,3777.86596679688,20857.14453125,4788.32958984375,0,0,19590.466796875,0,0,0,0,4953.57153320313,0,7091.59643554688,0,0,0,0,1165.7653503418,0,7604.16650390625,178221.25,19971.4453125
"NGA",3,1,"LSMS-ISA2015",2015,5,32,3215,4712,1,320055,6,0,7000,8111.111328125,0,0,6083.33333333333,0,1013.88891601563,4666.66666666667,3505.15893554688,0,0,10138.888671875,0,8690.47591145833,0,10138.888671875,6666.66650390625,0,28800.181640625,0,0,0,0,22160.7135416667,0,15642.8567708333,0,13470.2379557292,0,10428.5716145833,13035.71484375,24767.8566080729,0,14773.8100585938,4345.23795572917,16772.6190592448,6517.857421875,1911.90478515625,0,10428.5716145833,62571.4296875,14947.6193847656,0,0,0,0,26330.2317708333,0,0,0,2840.498046875,0,4345.23795572917,0,2541.96435546875,2172.61897786458,0,0,0,296.924621582031,4345.23795572917,0,0,0,0,369462.9375,19971.4453125
"NGA",3,1,"LSMS-ISA2015",2015,5,32,3215,4712,1,320056,2,0,12000,24333.333984375,0,0,18250,0,85166.6640625,24000,782.142883300781,0,0,9125,0,26071.427734375,0,54750,0,0,131239.359375,0,0,0,0,130357.140625,0,0,78214.2890625,27375,44321.4301757813,62571.4296875,18250,26071.427734375,19553.572265625,31285.71484375,6517.85693359375,38064.2863769531,36500,0,0,0,384553.583984375,18771.4283447266,0,0,0,0,27375,12177.3349609375,0,0,0,0,0,38355.0859375,5083.9287109375,5214.28564453125,14178.9096679688,0,8315.8876953125,0,13761.9897460938,0,7542.09228515625,0,0,1440129.625,19971.4453125
"NGA",3,1,"LSMS-ISA2015",2015,5,32,3215,0,1,320057,6,2433.33325195313,4000,0,0,0,6083.33333333333,0,0,0,5237.30126953125,0,0,8111.111328125,0,4345.23795572917,0,2027.77783203125,0,0,36055.33984375,0,0,0,0,0,8690.47591145833,14773.8098958333,13035.71484375,7821.42838541667,6952.380859375,31285.7135416667,8690.47623697917,16946.4280598958,0,0,3476.19051106771,7821.42854817708,6517.857421875,0,2607.14290364583,0,26940.476155599,6083.33333333333,0,0,0,4719.4267578125,0,0,0,0,0,0,0,10754.4641927083,3997.619140625,3980.23811848958,1303.57145182292,1991.56750488281,2354.83870442708,2288.4921875,3621.03157552083,0,777.176900227865,0,0,265724.6875,19971.4453125
"NGA",3,1,"LSMS-ISA2015",2015,5,32,3215,4712,1,320061,7,1390.47619628906,3428.57153320313,6083.33314732143,0,0,0,1042.85714285714,0,4285.71428571429,871.428588867188,0,0,17380.9520089286,0,1489.7958984375,0,41714.28515625,0,0,49491.69140625,0,0,0,0,3352.04073660714,0,4841.83677455357,3724.48967633929,10428.5712890625,5959.18359375,8938.77566964286,23464.2866908482,7448.9794921875,21229.591796875,4841.83666992188,2607.14285714286,7821.42864118304,446.938790457589,0,4841.83677455357,11173.4698660714,134826.528738839,1862.24490792411,0,0,0,0,0,0,0,0,0,0,0,0,0,0,0,0,0,0,0,0,0,0,1042.85717773438,386031.09375,19971.4453125
"NGA",3,1,"LSMS-ISA2015",2015,4,16,1611,0,0,320062,4,2220.41674804688,0,0,0,0,1216.66662597656,0,0,2000,5157.857421875,0,0,1520.83337402344,0,0,0,9125,1500,0,33008.26953125,0,0,0,0,11732.142578125,7169.64306640625,7821.4287109375,0,4692.85693359375,5214.28564453125,22160.71484375,9125,31285.71484375,3128.57153320313,7951.78564453125,5214.28564453125,9124.99987792969,0,0,17467.8571777344,0,0,11341.0714416504,0,0,0,0,0,0,0,0,0,0,0,0,0,0,0,0,0,0,0,0,0,0,0,209179.40625,19971.4453125
"NGA",3,1,"LSMS-ISA2015",2015,5,32,3215,4712,1,320063,6,0,0,0,0,0,12166.6666666667,0,0,16666.6666666667,1977.77770996094,4055.5556640625,0,16222.22265625,0,13035.71484375,0,14194.4453125,2333.33325195313,0,16728.623046875,0,0,0,0,0,0,0,0,18656.360468875,10660.7771793667,15991.1662534957,3331.49280799641,55969.078995904,4930.60951510975,30649.7349186918,13325.9713133658,17057.2435195389,3997.79156337392,0,0,0,14658.5684210555,0,0,0,0,13229.6703531066,27842.4869800506,2447.47398701067,0,0,0,0,0,0,3118.27764545513,0,0,0,0,0,3997.79156337392,0,5416.62358907214,0,1216.66662597656,343878.8125,19971.4453125
"NGA",3,1,"LSMS-ISA2015",2015,5,32,3215,1896,1,320065,1,1825,3000,0,0,0,7300,0,0,11000,4276.1904296875,0,0,6083.33349609375,0,26071.427734375,0,12166.6669921875,6000,0,36000,0,0,0,0,0,18250,0,0,10428.5712890625,0,0,57357.14453125,104285.716796875,0,0,0,18249.9997558594,0,0,0,0,15642.857421875,7821.4287109375,0,0,0,7913.03173828125,0,7856.345703125,0,0,0,0,0,0,0,11732.142578125,0,8482.08813476563,4117.56494140625,712.619079589844,4171.42858886719,0,860.357116699219,0,38933.33203125,430537.28125,5753.09130859375
"NGA",3,1,"LSMS-ISA2015",2015,5,32,3215,1896,1,320066,7,0,12857.142578125,0,0,0,5214.28571428571,0,869.047668457031,342.857142857143,3215.47631835938,3476.19067382813,0,26071.4285714286,0,11173.4698660714,0,34761.90234375,44880.94921875,0,59861.37109375,0,0,0,0,0,0,0,0,5214.28557477679,1862.24483816964,0,0,81938.7739955357,8193.87779017857,3724.48967633929,0,10577.5509207589,0,0,0,0,0,372.448974609375,0,0,0,5652.16573660714,0,0,0,0,0,14153.0613839286,0,0,0,3352.04073660714,0,0,5091.35993303571,0,0,0,0,0,0,342856.40625,5753.09130859375
"NGA",3,1,"LSMS-ISA2015",2015,5,32,3215,1896,1,320067,6,0,4000,0,0,0,8111.111328125,0,1013.88891601563,1000,8350,0,0,3041.66666666667,0,28678.5703125,0,4055.5556640625,0,0,14482.7880859375,0,0,0,0,0,20012.2351093574,0,5003.05877733935,26682.9809435598,10006.1181326461,0,12229.6995265396,5558.95435168478,2445.93986910212,11673.8038259709,12229.6996079198,10562.0132145573,0,0,6670.74533761522,0,5003.05881802945,6781.92425468001,0,0,0,9271.78656182271,0,2223.58171443299,0,0,3633.90882646274,0,0,0,0,0,0,0,5197.48562182843,0,0,0,0,0,2027.77783203125,229948.34375,5753.09130859375
"NGA",3,1,"LSMS-ISA2015",2015,5,32,3215,1896,1,320068,7,0,8571.4287109375,6952.38113839286,0,0,0,0,0,36142.8571428571,15333.333984375,0,0,26071.4285714286,0,14897.9587053571,0,20857.142578125,34761.90234375,0,37496.9609375,0,0,0,0,6704.08147321429,0,0,0,18250.0005580357,0,17877.5513392857,12663.265625,45438.7767857143,12663.265625,24581.6326729911,14897.9588448661,17356.1223493304,0,12812.2453962054,33892.8572823661,0,22346.9397321429,12514.2858537946,0,0,0,0,0,12430.8537946429,0,0,0,14153.0613839286,0,43547.8800223214,2712.30480303083,5214.28557477679,4469.38783482143,1489.7958984375,6561.9189453125,509.013636997768,12727.1138392857,0,7542.09207589286,0,0,564442,5753.09130859375
"NGA",3,1,"LSMS-ISA2015",2015,5,32,3215,1896,1,320069,4,0,1050,0,0,0,4562.5,0,1520.83337402344,8301,7130.9521484375,0,0,14600,0,2607.14282226563,0,4562.5,2000,0,3000,0,0,0,0,3650,13687.5,0,0,5214.28564453125,2607.14282226563,0,2607.14282226563,6387.5,1173.21423339844,6517.85693359375,3910.71423339844,8994.64288330078,0,260.714294433594,3258.92852783203,0,24767.8564453125,2607.14288330078,0,0,0,0,0,2770.54809570313,0,0,0,0,0,0,0,0,0,1947.50439453125,2019.88110351563,0,0,0,0,0,3041.66674804688,144759.1875,5753.09130859375
"NGA",3,1,"LSMS-ISA2015",2015,5,32,3215,1896,1,320070,6,608.333312988281,300,0,0,0,608.333333333333,0,0,1833.33333333333,1494.84130859375,0,0,0,0,869.047607421875,0,2027.77783203125,3000,0,12000,0,0,0,0,17183.7866333629,5467.56835098495,7810.81173627339,0,16402.7050529548,0,11716.218282378,10154.0552843222,3905.40586813669,0,24994.5980716432,10154.0552843222,11091.3524433657,3749.18974736758,0,3905.4059495169,0,7029.73056276635,6248.64949756576,0,0,0,0,10935.1367019699,14592.9666018504,0,0,5105.95632146404,0,0,56500.6387826479,0,0,2575.5354352328,0,0,0,0,0,0,0,14194.4453125,266459.875,5753.09130859375
"NGA",3,1,"LSMS-ISA2015",2015,5,32,3215,1896,1,320071,1,0,12000,0,0,0,18250,0,0,0,12514.2861328125,0,0,8516.6669921875,0,26071.427734375,0,36500,0,0,60000,0,0,0,0,44321.4296875,0,31285.71484375,0,18250,20857.142578125,0,104285.71484375,26071.427734375,0,10428.5712890625,20857.142578125,1042.85717773438,15642.857421875,0,5214.28564453125,0,307642.84765625,28678.5710449219,0,0,0,13188.3876953125,0,13093.9091796875,0,0,0,0,0,0,0,0,0,0,0,0,0,0,0,0,60833.33203125,895546.625,5753.09130859375
"NGA",3,1,"LSMS-ISA2015",2015,5,32,3215,1896,1,320072,5,730,3840,0,0,0,730,0,2433.33349609375,16920,4597.4287109375,0,0,0,0,16685.7140625,0,14600,2000,0,14823.9609375,0,0,0,3128.571484375,7300,17728.571875,5214.285546875,0,8342.8572265625,4171.428515625,0,8342.85703125,10428.571484375,16685.71484375,7404.28559570313,2085.7142578125,11471.4286621094,1355.7142578125,8864.2857421875,9594.28605957031,0,67785.713671875,14078.5713867188,0,0,0,0,0,9156.03671875,0,0,0,0,0,1196.7212890625,0,0,0,0,0,0,0,0,0,0,1703.33337402344,293399.40625,5753.09130859375
"NGA",3,1,"LSMS-ISA2015",2015,5,32,3215,1896,1,320073,5,730,3600,0,0,0,851.66669921875,0,2433.33349609375,18760,4310.09521484375,0,0,1095,0,3128.571484375,0,26766.66796875,1200,0,6000,0,2085.7142578125,0,0,9385.7140625,14600,6257.14296875,0,7300,4171.428515625,12514.2859375,15642.8578125,10428.571484375,30242.8578125,9072.85703125,7299.99990234375,12514.2855957031,7300,2607.1427734375,18145.7146484375,0,105328.573242188,11471.4285644531,0,0,0,3165.2126953125,0,3833.6015625,0,0,0,0,0,0,29200,0,0,0,1005.451953125,0,0,0,0,0,8273.3330078125,400721.5,5753.09130859375
"NGA",3,1,"LSMS-ISA2015",2015,5,32,3206,276,0,320074,7,0,1371.42858886719,0,3476.19056919643,0,5214.28571428571,0,0,3571.42857142857,19146.37109375,0,0,608.333356584821,0,0,0,17380.951171875,14285.7138671875,0,41676.26171875,0,0,0,0,22346.9397321429,0,14897.9587053571,14897.9587053571,16015.3060825893,0,0,3724.48967633929,56612.2455357143,0,14897.958984375,7448.97963169643,18622.4487304688,11918.3671875,0,7448.97935267857,0,16387.7555803571,7076.53044782366,0,0,0,0,0,0,0,0,8392.82924107143,0,0,0,8100.76534598214,0,3352.041015625,0,0,0,5586.73493303571,0,12344.0237165179,0,0,356803.25,2416.29833984375
"NGA",3,1,"LSMS-ISA2015",2015,5,32,3206,276,0,320075,5,0,960,0,0,0,7300,0,0,20800,23528.095703125,0,0,9733.33359375,0,15642.8578125,0,34066.66796875,5600,5214.285546875,17016.984375,0,0,0,0,0,26071.428125,0,0,14600,0,41714.284375,19292.8578125,37542.85625,7300,19814.286328125,9907.1431640625,8968.571484375,7821.42890625,0,2085.7142578125,0,69871.427734375,5735.71416015625,0,0,0,10353.20859375,0,3830.663671875,0,0,11749.9609375,0,0,0,8134.2859375,0,5094.82578125,0,2882.2953125,0,9125,0,5558.42839355469,0,0,467316.5625,2416.29833984375
"NGA",3,1,"LSMS-ISA2015",2015,5,32,3206,276,0,320076,4,0,3000,0,3041.66674804688,0,2433.33325195313,0,0,1500,1333.03564453125,0,0,0,0,2607.14282226563,0,7908.3330078125,1000,0,2711.83349609375,0,0,0,0,6908.92846679688,10428.5712890625,6517.85693359375,0,7169.64263916016,0,19553.572265625,0,5214.28564453125,3128.57153320313,7169.64282226563,1303.57141113281,5735.71429443359,2346.42846679688,0,3389.28576660156,0,7039.28564453125,2737.50006103516,0,0,0,0,0,0,0,0,4260.7470703125,0,0,98494.85546875,0,0,3910.71435546875,0,0,0,0,0,0,0,1520.83337402344,222365.34375,2416.29833984375
"NGA",3,1,"LSMS-ISA2015",2015,5,32,3206,276,0,320077,2,0,6000,0,0,0,3041.66674804688,0,0,2800,310.714294433594,0,0,0,0,0,0,2433.33325195313,0,0,13328.7578125,0,0,0,0,0,31285.71484375,13035.7138671875,0,15642.857421875,0,0,7821.4287109375,0,7821.4287109375,20857.1428222656,14339.2854003906,11210.7142333984,9385.7138671875,0,6517.85693359375,0,8864.28564453125,9124.99987792969,0,0,0,21742.283203125,0,0,0,0,29374.90234375,0,0,139807.337890625,2346.42846679688,0,0,0,0,0,0,0,2607.14282226563,0,0,379699.75,2416.29833984375
"NGA",3,1,"LSMS-ISA2015",2015,5,32,3206,276,0,320078,4,0,900,0,0,0,9125,0,0,11250,12396.130859375,0,0,4562.5,0,0,0,36500,1500,0,9959.9794921875,0,0,0,0,0,7169.64306640625,6517.85693359375,0,6517.85693359375,5214.28564453125,15642.857421875,0,19553.572265625,0,2607.14282226563,6517.85717773438,6517.85711669922,0,0,0,0,27375,3910.71435546875,0,0,0,3297.09692382813,0,0,0,0,0,0,0,16445.0546875,50.8392868041992,1629.46423339844,0,2925.08715820313,3088.17407226563,445.386932373047,977.678466796875,0,0.358482152223587,0,4106.25,226703.625,2416.29833984375
"NGA",3,1,"LSMS-ISA2015",2015,5,32,3206,276,0,320079,7,0,342.857147216797,0,0,0,5214.28571428571,0,0,8571.42857142857,479.217712402344,0,0,0,0,18622.4486607143,0,13035.7138671875,1685.71423339844,0,3470.55029296875,0,0,0,0,0,4947.15888007056,4947.15888007056,0,3463.01134018563,0,0,4947.15888007056,0,0,3957.72718681394,4947.15901957949,5639.76134944777,0,0,0,0,13456.272603526,0,0,0,0,1001.01994303783,0,0,0,0,0,0,0,19217.8109150016,0,2473.57944003528,0,2099.52601343665,1171.98703183238,0,702.496580110577,0,217.674992147664,0,0,124611.71875,2416.29833984375
"NGA",3,1,"LSMS-ISA2015",2015,5,32,3206,276,0,320080,1,0,0,0,6083.33349609375,0,3650,0,0,16600,7797.97607421875,0,0,0,0,5214.28564453125,0,42583.33203125,0,0,12000,0,0,0,0,3654.5797221206,78312.4259635562,57429.1096368252,0,7831.24240084866,52208.2800668612,0,2610.41405231704,73091.5944404672,5220.82810463408,10441.6562092682,31324.9696033946,27148.3064349268,3132.49700941067,0,0,0,36545.7972202336,18272.8983659762,0,0,0,0,0,9343.10720344864,0,0,0,0,0,0,0,0,0,0,0,0,0,0,0,0,12166.6669921875,522663.3125,2416.29833984375
"NGA",3,1,"LSMS-ISA2015",2015,5,32,3206,276,0,320081,2,0,6000,0,0,0,9125,0,0,0,7473.8095703125,0,0,0,0,18250,0,0,0,0,15000,0,0,0,0,15642.857421875,39107.14453125,26071.427734375,0,2607.14282226563,0,0,0,72999.998046875,0,5214.28564453125,18249.9995117188,12514.2856445313,7821.4287109375,0,2607.14282226563,15642.857421875,57357.1416015625,5214.28576660156,0,0,0,0,0,0,0,0,14687.451171875,0,0,0,12709.8212890625,0,0,0,0,0,19553.572265625,0,417.142852783203,0,0,384266.78125,2416.29833984375
"NGA",3,1,"LSMS-ISA2015",2015,5,32,3206,276,0,320082,3,0,2000,0,4055.5556640625,0,1216.66666666667,811.111083984375,0,14000,5149.04736328125,0,0,0,0,6952.380859375,0,16222.22265625,4000,0,15709.984375,0,0,0,0,2085.71435546875,8690.47591145833,10428.5716145833,0,5214.28580729167,6952.380859375,31285.7135416667,11297.6188151042,17380.9518229167,31285.7154947917,6952.380859375,6952.380859375,8169.04760742188,4345.23811848958,0,6344.04768880208,0,16338.0950520833,7821.42846679688,0,0,0,0,0,1745.85465494792,0,0,0,0,0,0,0,0,0,0,0,0,0,0,0,0,2027.77783203125,255434.65625,2416.29833984375
"NGA",3,1,"LSMS-ISA2015",2015,5,32,3206,276,0,320083,4,0,10500,0,0,0,6083.33349609375,0,1825,18000,9919.345703125,3041.66674804688,0,15208.3330078125,0,13035.7138671875,0,33458.33203125,2500,0,540000,0,0,0,0,12383.9287109375,5866.0712890625,6517.85693359375,0,9124.99975585938,0,0,10428.5712890625,19553.5712890625,0,2607.14282226563,11080.3571777344,11341.071472168,10428.5712890625,0,0,0,2607.14282226563,3910.71435546875,0,0,0,0,0,0,0,0,0,0,0,0,305.035705566406,5866.0712890625,0,0,3088.17407226563,0,0,0,358.482147216797,0,48818.75,817858.25,2416.29833984375
"NGA",3,1,"LSMS-ISA2015",2015,5,32,3208,2244,0,320084,1,0,4800,0,0,0,6083.33349609375,0,0,0,1042.85717773438,0,0,0,0,0,0,48666.66796875,7000,0,35289.17578125,0,0,0,0,0,0,0,0,10733.2545298746,0,0,0,0,0,10733.2545298746,0,12343.242782598,0,0,5366.62726493729,0,0,2683.31363246865,0,0,0,16288.4409474462,18783.1957041025,25066.2209123638,0,1397.55913984363,59895.8198500313,0,0,82460.2995442738,15697.3854133518,0,8049.94115788722,0,12713.5951672919,0,26833.1358364052,0,0,0,0,411927.3125,5177.7822265625
"NGA",3,1,"LSMS-ISA2015",2015,5,32,3208,2244,0,320085,1,0,4800,0,0,0,18250,0,0,14000,2780.95239257813,0,0,0,0,0,0,97333.328125,0,0,46298.1796875,0,0,0,0,0,130357.140625,0,0,26071.427734375,0,0,0,52142.85546875,0,0,20857.142578125,9385.71435546875,0,0,10428.5712890625,0,0,2607.14282226563,0,0,0,18463.7421875,0,48709.33984375,0,0,29374.90234375,0,19553.572265625,57616.873046875,30503.572265625,10428.5712890625,7821.4287109375,3027.64990234375,10293.9130859375,0,32589.28515625,0,0,0,0,703695.25,5177.7822265625
"NGA",3,1,"LSMS-ISA2015",2015,5,32,3208,2244,0,320086,9,0,533.333312988281,0,0,0,1351.85188802083,0,0,0,1941.53430175781,0,0,0,0,5793.65060763889,0,9057.4072265625,666.666687011719,0,2252.03857421875,0,0,0,2437.26200324976,2924.71454002667,0,6093.15490454964,0,3046.57745227482,0,0,0,6093.15512156353,609.315500812441,1218.63100162488,1218.63100162488,2802.85131952005,4752.66110411573,0,0,0,0,2132.60431079615,0,0,0,0,0,0,0,0,0,0,0,10053.7064132141,2970.4130790993,0,1892.9601766142,1053.60808128285,0,0,4569.86651379742,0,0,0,0,75466.6015625,5177.7822265625
"NGA",3,1,"LSMS-ISA2015",2015,5,32,3208,2244,0,320087,2,3041.66674804688,0,0,0,0,3650,0,0,16500,7002.26171875,1216.66662597656,0,0,0,13035.7138671875,0,60833.3359375,5000,0,13235.265625,0,0,0,0,6778.5712890625,0,13035.7138671875,0,7821.4287109375,0,0,5214.28564453125,28678.5712890625,27374.9995117188,16424.9998779297,1303.57141113281,11471.4284667969,0,0,2607.14282226563,5214.28564453125,16946.4282226563,24767.8565673828,0,0,0,3196.3974609375,18157.361328125,40057.66015625,0,0,28266.41796875,0,0,0,0,0,6170.841796875,0,28684.0390625,0,32589.28515625,0,0,0,3041.66674804688,451317.875,5177.7822265625
"NGA",3,1,"LSMS-ISA2015",2015,5,32,3208,2244,0,320088,3,0,0,0,0,0,6083.33333333333,0,0,12000,9545.6357421875,0,0,12166.6666666667,0,43452.3802083333,0,44611.109375,6750,0,82458.2109375,0,0,0,0,0,19278.7888325759,0,0,17350.9105590561,7711.51570724116,0,50124.8512305112,42413.3383474491,20049.9416544282,9639.39441628794,11567.2738863826,10603.3341513353,4626.90964165843,4819.69720814397,7325.94011236595,0,44341.2153188855,6747.57643409798,0,0,0,5851.37376287571,0,16086.2177155665,4356.83112335455,0,0,0,0,0,0,0,0,11933.838381258,0,0,0,5141.01045315974,0,0,2027.77783203125,519065.0625,5177.7822265625
"NGA",3,1,"LSMS-ISA2015",2015,5,32,3208,2244,0,320089,2,0,3000,0,0,0,6083.33349609375,0,0,17500,20017.857421875,0,0,12166.6669921875,0,26071.427734375,0,30416.66796875,3000,0,13024.1826171875,0,0,0,0,9125,13035.7138671875,52142.85546875,0,13035.7143554688,10428.5712890625,0,41714.28515625,26071.427734375,0,18249.9995117188,5214.28564453125,14339.2855224609,7821.4287109375,6517.85693359375,14078.5717773438,0,49535.712890625,9125.00012207031,0,0,0,0,0,0,0,0,0,0,0,0,0,0,0,0,0,890.773864746094,0,0,0,0,3954.16674804688,426560.78125,5177.7822265625
"NGA",3,1,"LSMS-ISA2015",2015,5,32,3208,2244,0,320090,2,1216.66662597656,0,0,0,0,3406.66674804688,0,0,8001,16616.19140625,3041.66674804688,0,1825,0,13035.7138671875,9125,48666.66796875,1400,0,12000,0,0,0,0,15642.857421875,0,15642.857421875,0,3389.28564453125,13035.7138671875,0,23464.28515625,15642.857421875,20857.142578125,15642.8569335938,11732.1429443359,10428.5712890625,20857.142578125,0,31285.7141113281,5214.28564453125,140785.71875,22160.7137451172,0,0,0,0,0,2607.14282226563,0,0,0,0,0,0,0,0,0,0,5939.91943359375,0,0,0,0,0,608.333312988281,493272.0625,5177.7822265625
"NGA",3,1,"LSMS-ISA2015",2015,5,32,3208,2244,0,320091,3,0,0,0,0,0,2027.77783203125,0,0,1833.33333333333,1248.8095703125,0,0,8111.111328125,0,5214.28580729167,0,0,0,0,8000,0,0,0,0,16685.71484375,12166.6666666667,8690.47591145833,0,12166.6668294271,6952.380859375,57357.140625,0,41714.2845052083,2085.71435546875,5214.28564453125,3476.1904296875,5214.28564453125,13904.76171875,0,0,3476.1904296875,15816.6665039063,4519.04752604167,0,0,0,0,0,0,0,0,0,0,0,132964.28125,0,0,0,0,0,0,0,0,0.955952405929565,0,8111.111328125,376952.1875,5177.7822265625
"NGA",3,1,"LSMS-ISA2015",2015,5,32,3208,2244,0,320092,4,912.5,0,0,0,0,1977.08337402344,0,0,18200,9731.845703125,0,0,0,0,1303.57141113281,0,49275,2000,0,11782.48828125,0,0,0,0,13035.7138671875,7821.4287109375,14339.2856445313,0,4432.14294433594,10428.5712890625,0,7299.99981689453,5214.28564453125,11080.357421875,6517.85699462891,1955.35711669922,5214.28564453125,10428.5712890625,1303.57141113281,2085.71429443359,1564.28576660156,23464.2856445313,9776.78558349609,0,0,0,2663.66479492188,6453.8916015625,3499.27453613281,0,0,0,0,0,0,0,0,0,0,2827.83374023438,0,6517.85693359375,0,0,0,730,253837.515625,5177.7822265625
"NGA",3,1,"LSMS-ISA2015",2015,5,32,3208,2244,0,320093,1,0,0,0,0,0,6083.33349609375,0,0,1000,661.428588867188,0,0,0,0,15642.857421875,0,0,0,0,13851.5693359375,0,0,0,0,0,31285.71484375,0,0,5214.28564453125,0,0,0,0,0,5214.28564453125,0,0,10428.5712890625,0,0,10428.5712890625,10428.5712890625,0,0,0,0,11214.2446289063,0,10047.3828125,0,0,17042.98828125,0,0,275209.57421875,0,35457.1435546875,6900.6904296875,20911.51171875,0,0,0,0,0,0,0,487022.71875,5177.7822265625
"NGA",3,1,"LSMS-ISA2015",2015,5,32,3204,346,1,320094,12,0,0,0,0,0,3041.66666666667,506.944458007813,0,3500,1221.42858886719,3041.66674804688,0,0,0,10863.0950520833,0,11152.77734375,166.66667175293,0,8060.05126953125,0,0,0,0,8690.47591145833,0,8690.47591145833,0,6083.33317057292,1738.09521484375,0,8690.47591145833,8690.47591145833,0,2172.61897786458,3910.71435546875,4997.02380371094,3476.1904296875,0,869.047607421875,0,17641.6665852865,0,0,0,0,0,0,0,0,0,0,0,0,4345.23795572917,0,0,0,0,0,0,0,0,2028.91596476237,0,2889.58349609375,126468.625,3451.85473632813
"NGA",3,1,"LSMS-ISA2015",2015,5,32,3204,346,1,320095,3,0,800,0,0,0,6083.33333333333,0,0,1666.66666666667,2071.42846679688,0,0,0,0,12166.6666666667,0,31633.333984375,1666.66662597656,0,24685.546875,0,0,0,0,0,0,8690.47591145833,0,6083.33333333333,0,0,26071.4296875,5214.28580729167,3650,8690.47591145833,13904.76171875,18250,13035.71484375,0,1738.09521484375,0,34761.9036458333,9559.52392578125,0,0,0,8792.25846354167,12166.6666666667,0,0,0,9791.63411458333,0,0,54399.0390625,10167.857421875,0,2451.95572916667,0,5543.92513020833,0,13035.71484375,0,573.571411132813,0,0,347346.3125,3451.85473632813
"NGA",3,1,"LSMS-ISA2015",2015,5,32,3204,346,1,320096,4,0,600,0,0,0,9125,0,0,0,7672.619140625,0,0,9125,0,0,0,8516.666015625,0,0,6000,0,0,0,0,0,0,26071.427734375,0,6517.85693359375,16294.6430664063,0,13687.4997558594,50839.2861328125,11080.357421875,20205.3562011719,13035.7143554688,23464.2852783203,0,0,2607.14282226563,0,45625,16946.4287719727,0,0,0,9231.87109375,101370.875,0,0,0,0,24767.857421875,0,9275.4130859375,3812.94653320313,2607.14282226563,1303.57141113281,0,4751.935546875,0,10139.9233398438,0,0,0,6083.33349609375,460759.15625,3451.85473632813
"NGA",3,1,"LSMS-ISA2015",2015,5,32,3204,346,1,320097,4,0,0,0,0,0,1520.83337402344,0,0,14750,4258.03564453125,0,0,3954.16674804688,0,13035.7138671875,0,12166.6669921875,0,0,7001.869140625,0,0,0,0,0,23464.28515625,0,3258.92846679688,7039.28552246094,0,0,14339.2852783203,0,5735.71447753906,5214.28564453125,3910.71435546875,5083.92852783203,0,0,6908.92846679688,0,33632.1420898438,0,0,0,0,12941.5107421875,0,6088.66748046875,0,0,4260.7470703125,12383.9287109375,0,75619.6796875,0,1293.38720703125,1725.17260742188,0,1615.90490722656,0,0,0,3344.00212055445,0,0,284547.78125,3451.85473632813
"NGA",3,1,"LSMS-ISA2015",2015,5,32,3204,346,1,320098,6,1378.88879394531,0,0,0,0,3041.66666666667,0,0,7366.66666666667,3552.65893554688,0,0,2027.77783203125,0,869.047607421875,0,6488.88916015625,933.333312988281,0,10000,0,0,0,0,7821.42838541667,6083.33333333333,12166.6666666667,0,1738.09521484375,15642.8567708333,7821.42838541667,13035.71484375,21726.1907552083,15642.8569335938,7386.90470377604,10428.5711263021,23898.8099772135,6952.380859375,0,1911.90478515625,0,18597.6189778646,7386.90474446615,0,0,0,0,0,0,0,0,0,0,0,0,0,0,0,1964.80322265625,0,0,0,0,0,0,10950,226815.40625,3451.85473632813
"NGA",3,1,"LSMS-ISA2015",2015,5,32,3204,346,1,320099,2,0,0,0,0,0,3650,0,0,16500,2521.4287109375,0,0,0,0,10428.5712890625,0,7300,3500,0,13289.6015625,0,0,0,0,7300,31285.71484375,0,0,6517.85693359375,0,0,0,0,11732.1430664063,0,13035.7141113281,23464.2854003906,6517.85693359375,0,5214.28564453125,0,41714.2846679688,0,0,0,0,0,0,12177.3349609375,0,0,29374.90234375,0,0,211908.35546875,0,13061.7854003906,0,0,0,0,0,0,1.43392860889435,0,0,470495.5625,3451.85473632813
"NGA",3,1,"LSMS-ISA2015",2015,5,32,3204,346,1,320100,5,0,0,0,3650,0,1216.66669921875,0,0,9680,2546.09521484375,0,0,0,0,2085.7142578125,0,30416.666015625,400,0,12000,0,0,0,0,9908.8117187798,0,9289.51047920883,0,7431.6086914286,16514.6855952591,0,0,30965.0348004878,2064.33569940738,7225.17470027059,15482.5176443845,18785.4549984038,6193.00711634755,0,6605.87416944802,0,33855.1052967191,8257.34279762954,0,0,0,0,0,0,0,0,0,0,0,0,0,0,0,0,0,0,0,0,0,0,195883.328125,430456.9375,3451.85473632813
"NGA",3,1,"LSMS-ISA2015",2015,5,32,3204,346,1,320101,6,0,2000,0,0,0,4055.5556640625,0,0,9500,2754.5634765625,0,0,2027.77783203125,0,8690.47591145833,0,15208.3330078125,600,0,10000,0,0,0,0,8690.47591145833,4345.23795572917,4345.23795572917,0,6083.33317057292,6083.33333333333,10428.5716145833,0,23898.8089192708,0,6083.33317057292,2172.61897786458,3041.66666666667,2607.14290364583,0,3823.8095703125,0,14773.8095703125,3041.66670735677,0,0,0,0,0,0,0,0,0,0,0,0,0,0,0,2607.14282226563,0,0,0,0,0,0,12369.4443359375,169232.328125,3451.85473632813
"NGA",3,1,"LSMS-ISA2015",2015,5,32,3204,346,1,320102,3,0,0,0,0,0,8111.111328125,0,0,14333.3333333333,7663.4921875,0,0,8111.111328125,0,52142.859375,0,38527.77734375,1000,0,20000,0,0,0,0,0,17380.9518229167,0,0,5214.28580729167,0,0,0,26071.4296875,13035.71484375,8690.47591145833,0,6083.33333333333,4171.4287109375,0,5909.52392578125,0,72304.76171875,5214.28580729167,0,0,0,5275.3544921875,0,8118.22330729167,0,0,0,0,0,7537.31640625,0,0,0,5264.66521708171,0,0,0,0,382.380940755208,0,25752.779296875,366296.59375,3451.85473632813
"NGA",3,1,"LSMS-ISA2015",2015,5,32,3204,346,1,320103,5,0,960,0,0,0,7300,0,0,15800,8117.61865234375,0,0,4866.666796875,0,0,0,36500,0,5214.285546875,44022.5078125,0,0,0,0,57357.14375,0,10428.57109375,22942.8578125,10950,4171.428515625,0,21899.999609375,12514.2859375,1251.42861328125,8342.85703125,9385.7140625,14599.9998535156,4380,15642.8578125,2085.7142578125,12514.2859375,65178.571484375,5214.28559570313,0,0,0,0,7300,0,0,0,0,0,0,45544.7828125,4067.14296875,0,0,0,0,0,7821.42890625,0,3650,0,0,470024.4375,3451.85473632813
"NGA",3,1,"LSMS-ISA2015",2015,5,32,3201,2034,0,320104,6,0,2000,0,0,0,4055.5556640625,405.555541992188,0,11833.3333333333,5475,4055.5556640625,0,7097.22200520833,0,26071.4296875,0,22305.5546875,0,0,6776.923828125,0,0,0,0,8690.47591145833,0,0,0,6083.33317057292,0,0,28678.5706380208,15642.8567708333,21291.6673177083,1738.09521484375,0,3476.19051106771,0,0,1738.09521484375,0,51273.8094075521,4779.7617594401,0,0,0,0,9125,8118.22330729167,0,0,22109.6236979167,0,0,0,0,1086.30948893229,0,3657.59228515625,0,356.309529622396,0,0,2514.03076171875,0,9226.3896484375,289662.46875,5177.7822265625
"NGA",3,1,"LSMS-ISA2015",2015,5,32,3201,2034,0,320105,1,0,12000,0,0,0,18250,1216.66662597656,0,16000,12652.380859375,36500,0,0,0,78214.2890625,0,60833.3359375,6000,0,42911.81640625,0,0,0,0,0,0,0,0,26071.427734375,0,0,62571.4296875,26071.427734375,0,10428.5712890625,10428.5712890625,20857.142578125,0,0,17728.5717773438,0,169464.280273438,15642.857421875,0,0,20096.7265625,13188.3876953125,18250,24354.669921875,0,0,29374.90234375,0,0,6517.85693359375,0,6517.85693359375,930.43017578125,9722.47021484375,0,0,0,0,1147.14282226563,0,10341.6669921875,784284.875,5177.7822265625
"NGA",3,1,"LSMS-ISA2015",2015,5,32,3201,2034,0,320106,5,0,2400,0,0,0,0,0,0,4120,749.285766601563,0,0,0,0,2085.7142578125,0,9733.333984375,1200,0,2035.53540039063,0,0,0,0,0,10765.2394343183,0,0,3229.57189106623,0,0,0,0,3014.26723867554,5382.61971715916,2153.04792919164,6889.75333105447,2583.65763548295,0,4306.09605369578,0,5490.27224410947,1076.52396459582,0,0,0,10687.4439782846,0,7908.66001530034,0,0,3518.63832361964,10226.9779173252,0,102017.763412233,0,0,4161.13536483927,3447.99688076141,0,0,0,0,0.592088203127476,0,0,209184.109375,5177.7822265625
"NGA",3,1,"LSMS-ISA2015",2015,5,32,3222,1624,1,320107,4,1520.83337402344,21000,0,0,0,3041.66674804688,0,304.166656494141,7100,2576.78564453125,0,0,6083.33349609375,0,9125,0,18250,0,6517.85693359375,21337.62890625,0,0,0,0,0,0,0,0,11732.142578125,0,0,23464.2856445313,0,3128.57153320313,2607.14282226563,7821.42846679688,35196.427734375,0,0,0,0,109500.000976563,11732.1428833008,0,0,0,4726.38037109375,0,1139.65502929688,0,0,4789.06677246094,0,0,0,0,0,0,0,0,0,0,0,0,0,1520.83325195313,314215.34375,7243.64013671875
"NGA",3,1,"LSMS-ISA2015",2015,5,32,3222,0,1,320108,1,9733.3330078125,24000,0,0,0,0,0,18250,8000,4738.09521484375,0,0,0,0,78214.2890625,0,24333.333984375,0,0,57321.84765625,0,0,0,0,0,0,0,0,10428.5712890625,20857.142578125,46928.5703125,0,67785.712890625,0,39107.142578125,5214.28564453125,49535.7136230469,0,0,10428.5712890625,0,3650,18250.0002441406,0,0,0,23597.1328125,20857.14453125,7306.40185546875,0,0,0,0,0,0,21726.19140625,0,8223.6455078125,0,8073.73291015625,34327.3828125,27157.736328125,0,938.571411132813,0,0,648984.5625,7243.64013671875
"NGA",3,1,"LSMS-ISA2015",2015,5,32,3222,1624,1,320109,6,0,2000,8111.111328125,0,0,0,0,0,86666.6666666667,3752.77807617188,0,0,0,0,4345.23795572917,0,40555.5546875,80833.3359375,0,20000,0,0,0,0,15642.8567708333,46928.5729166667,6952.380859375,14339.28515625,13035.7138671875,13904.76171875,33892.8567708333,2607.14290364583,43452.3802083333,3563.09529622396,19119.0472005208,7821.42862955729,15642.857014974,4345.23795572917,2172.61897786458,5475,3476.1904296875,38238.0944010417,5127.38102213542,0,0,0,0,0,0,0,0,0,0,0,0,0,0,0,0,0,0,0,0,477.976196289063,0,2027.77783203125,544507.3125,7243.64013671875
"NGA",3,1,"LSMS-ISA2015",2015,5,32,3222,1624,1,320110,10,1216.66674804688,720,0,0,0,730,0,0,1000,3416.42846679688,0,0,0,0,6778.57109375,0,7908.3330078125,0,0,7200,0,0,0,2589.35372079443,6214.44948850931,8285.93218584352,5178.70744158886,0,3625.09533476473,4142.96609292176,0,10357.4148831777,7768.06179064594,7353.76443508796,5178.70765806394,7250.19066952947,5593.0044341874,0,2071.48304646088,6214.44948850931,0,5178.70770689206,3625.0953591788,0,0,0,0,0,0,0,0,0,0,0,0,0,0,0,0,0,0,0,0,0,0,7300,126897.390625,7243.64013671875
"NGA",3,1,"LSMS-ISA2015",2015,5,32,3222,1624,1,320111,7,869.047668457031,2914.28564453125,0,0,0,869.047642299107,0,0,857.142857142857,1636.39453125,0,0,1738.09528459821,0,4469.38783482143,0,12514.2861328125,514.285705566406,0,18880.279296875,0,0,0,0,2040.16231743872,4080.32463487745,4080.32463487745,0,3060.24359747696,0,8160.6492697549,5100.40567227794,12240.9743899078,0,2040.16231743872,1020.08115871936,1020.08115871936,1020.08115871936,0,0,0,7140.56823235441,306.024360657199,0,0,0,0,0,0,0,0,0,0,0,0,0,0,0,0,0,0,0,0,0,0,0,96572.3359375,7243.64013671875
"NGA",3,1,"LSMS-ISA2015",2015,5,32,3222,1624,1,320112,4,0,5400,0,0,0,10645.8330078125,0,3650,0,2998.21435546875,0,0,3650,0,13035.7138671875,0,16729.166015625,0,0,62500,0,0,0,0,35196.4296875,39107.14453125,13035.7138671875,0,14991.0714111328,11732.142578125,15642.857421875,39107.1418457031,32589.2861328125,9776.7861328125,35196.4296875,22160.7141113281,17337.5003051758,9776.7861328125,2867.85717773438,10428.5712890625,0,45624.9987792969,12644.6429443359,0,0,0,0,0,0,0,0,2130.37353515625,0,0,0,0,0,0,0,0,0,0,0,0,0,0,487955.40625,7243.64013671875
"NGA",3,1,"LSMS-ISA2015",2015,5,32,3222,1624,1,320113,1,0,6000,0,0,0,12166.6669921875,0,6083.33349609375,49800,17282.142578125,0,0,60833.33203125,0,20857.142578125,0,103416.6640625,0,0,120635.1796875,0,0,0,0,31285.71484375,0,20857.142578125,0,36499.9990234375,41714.28515625,0,0,78214.2890625,39107.14453125,20857.142578125,62571.4296875,55792.8564453125,31285.71484375,13035.7138671875,39107.14453125,0,0,9385.71411132813,0,0,0,0,0,0,0,0,0,0,0,10257.6103515625,0,0,0,3364.05517578125,4117.56494140625,890.773864746094,0,0,0,0,0,895418.8125,7243.64013671875
"NGA",3,1,"LSMS-ISA2015",2015,5,32,3222,1624,1,320114,6,4461.11083984375,7000,0,0,0,4258.33333333333,0,608.333312988281,0,2861.111328125,0,0,0,0,1738.09521484375,0,12166.6669921875,1166.66662597656,0,10000,0,0,0,0,10588.4191416208,0,7058.94587003194,0,7941.31435253156,8823.68217662151,0,0,18529.7328136386,529.420965219058,10588.4186386035,0,14117.8914959233,12706.1021739589,705.894620292078,1323.55239270259,0,16764.9965144171,1323.55235017049,0,0,0,0,0,12363.9882518237,0,0,0,0,0,0,0,7647.19152748769,0,0,0,0,0,0,0,0,912.5,176185.9375,7243.64013671875
"NGA",3,1,"LSMS-ISA2015",2015,5,32,3222,1624,1,320115,2,4866.66650390625,11760,0,0,0,1825,0,4258.33349609375,27000,12413.5712890625,0,0,0,0,0,0,36500,0,0,269536.71875,0,0,0,0,0,11248.4975976051,23434.3688464864,0,24371.7451387345,37494.9910154545,0,0,159353.711715899,4686.87387693182,12654.559639146,18747.4957518679,32339.4295305713,0,0,4686.87387693182,0,0,14060.6219248275,0,0,0,3293.542102177,0,0,0,0,0,0,0,0,0,0,9373.74775386363,0,0,0,0,0,0,0,2737.5,726644.25,7243.64013671875
"NGA",3,1,"LSMS-ISA2015",2015,5,32,3222,1624,1,320116,5,0,7200,9733.33359375,0,0,2920,0,1216.66674804688,26800,18102.857421875,0,0,17033.3328125,0,20857.1421875,0,31633.33203125,36333.33203125,0,34560.21875,0,0,0,0,0,20857.1421875,0,0,7300,2085.7142578125,0,21899.999609375,49014.2859375,7821.42890625,29200,11471.4282226563,24819.9998046875,0,0,10428.57109375,0,52142.8578125,39628.571875,0,0,0,9495.63828125,0,7661.32734375,0,0,0,0,0,0,3050.3572265625,4692.85703125,0,0,3801.5484375,0,5214.285546875,0,143.392858886719,0,0,517119.65625,7243.64013671875
"NGA",3,1,"LSMS-ISA2015",2015,5,32,3201,2034,0,320117,1,0,12000,0,0,0,18250,0,0,19000,5153.8095703125,0,0,0,0,52142.85546875,0,66916.671875,8000,0,103702.953125,0,0,0,0,0,0,0,0,7821.4287109375,0,0,104285.711914063,72999.998046875,0,13035.7138671875,15642.857421875,47450.0004882813,13035.7138671875,0,5214.28564453125,0,62571.427734375,23464.2858886719,0,0,0,26376.775390625,72629.4453125,48709.33984375,0,0,58195.56640625,0,0,0,28470,6952.380859375,57357.142578125,9016.369140625,0,0,39107.14453125,0,0,0,0,997501.8125,5177.7822265625
"NGA",3,1,"LSMS-ISA2015",2015,5,32,3201,2034,0,320118,7,0,1714.28576660156,0,0,0,5214.28571428571,0,0,5285.71428571429,596.088439941406,0,0,2607.14285714286,0,3724.48967633929,0,13904.7607421875,0,0,6081.06298828125,0,0,0,0,3243.58911515871,0,2027.24317114701,0,1946.15356245397,1621.79455757936,0,12163.459936336,18650.6374208419,973.076781226983,0,1621.79455757936,5676.28098169456,1216.34596211179,0,810.897278789678,0,3649.03772872637,1621.79455757936,0,0,0,0,0,0,0,0,0,7703.52437417169,0,0,3162.4995185324,3649.03772872637,2432.69192422359,1047.40901452933,0,0,6081.72996816799,0,295.977513058885,0,4345.23779296875,123068.03125,5177.7822265625
"NGA",3,1,"LSMS-ISA2015",2015,5,32,3201,2034,0,320119,14,0,857.142883300781,0,0,0,2607.14285714286,0,0,5642.85714285714,5686.0546875,0,0,2607.14285714286,0,0,0,12166.666015625,2000,0,16200.0380859375,0,0,0,0,0,0,0,4469.38783482143,9125,0,0,11173.4691685268,7448.97935267857,10242.3470982143,5586.73493303571,0,9758.16322544643,0,0,5214.28578404018,0,15642.8568638393,1489.79593331473,0,0,0,376.811070033482,0,6958.47712053571,0,0,6294.62220982143,7076.53069196429,0,21508.9285714286,0,1676.02036830357,1117.34695870536,0,2789.787109375,0,0,0,5736.2671421596,0,0,181452.875,5177.7822265625
"NGA",3,1,"LSMS-ISA2015",2015,5,32,3201,2034,0,320120,5,0,2400,0,0,0,1460,0,0,15040,3823.09521484375,2433.33349609375,0,0,0,2085.7142578125,0,31633.33203125,3600,0,17967.94921875,0,0,0,0,2085.7142578125,7300,0,0,4692.85712890625,1564.2857421875,6257.14296875,6257.14296875,25028.57109375,8864.2859375,5735.71416015625,14599.999609375,8864.28564453125,4171.428515625,0,10741.42890625,0,10324.285546875,7821.42856445312,0,0,0,0,0,4870.933984375,0,0,0,0,0,0,0,0,0,0,0,0,0,0,0,0,1216.66674804688,210839.609375,5177.7822265625
"NGA",3,1,"LSMS-ISA2015",2015,5,32,3201,2034,0,320121,8,0,1500,0,1520.83337402344,0,1216.66662597656,0,0,7962.5,2316.25,0,0,0,0,3258.92846679688,0,6083.33349609375,2000,0,11229.9677734375,0,0,0,0,9339.39298794061,0,6226.26234069606,0,5188.55175586717,30093.6000462315,0,10377.103389664,33206.7321931421,7263.97246345662,8820.53786552517,3113.13103957216,8716.76683932022,7782.82804794039,0,1245.25248034624,0,8716.76717931824,17122.2206653654,0,0,0,0,0,0,0,0,0,0,0,0,22902.2678347455,0,0,0,0,9564.23113558549,11674.2415488071,0,0,0,760.416687011719,239202.734375,5177.7822265625
"NGA",3,1,"LSMS-ISA2015",2015,5,32,3201,2034,0,320122,8,152.08332824707,1500,3802.08325195313,0,0,1368.75,0,0,4125,1238.39282226563,0,0,0,0,2607.14282226563,0,4562.5,0,0,35545.3203125,0,0,0,0,0,0,0,0,2281.25,7821.42834472656,0,3258.92846679688,1303.57141113281,912.500030517578,1629.46423339844,0,2933.03570556641,1564.28576660156,0,2085.71429443359,0,6517.85693359375,1303.57141113281,0,0,0,2835.828125,0,4788.32958984375,0,0,2130.37353515625,0,0,24510.2072753906,0,0,7614.85705566406,0,0,0,0,0,0.358482152223587,0,608.333312988281,129001.171875,5177.7822265625
"NGA",3,1,"LSMS-ISA2015",2015,5,32,3201,2034,0,320123,6,0,2000,0,0,0,405.555541992188,0,0,8733.33333333333,4256.9443359375,1013.88891601563,0,0,0,2607.14290364583,0,10138.8896484375,0,0,14973.2900390625,0,0,0,0,12148.3682717268,0,15185.4601768981,0,6833.45719353643,18222.5522448298,0,12148.3682717268,42519.288625523,0,12907.6408666127,9870.54926146813,11996.5137039215,12148.3682717268,0,1822.25531958982,0,15033.6059346136,17463.2799347746,0,0,0,0,0,0,0,0,0,0,0,0,0,0,0,0,0,0,0,0,0,0,1622.22216796875,234050.96875,5177.7822265625
"NGA",3,1,"LSMS-ISA2015",2015,5,32,3203,2644,0,320124,3,0,0,0,0,0,4055.5556640625,0,0,10133.3333333333,5447.619140625,0,0,8922.22200520833,0,34761.9036458333,0,20277.779296875,2000,0,4122.78857421875,0,0,0,0,4866.66666666667,0,0,0,6952.380859375,0,22595.2369791667,0,15642.8567708333,2433.33333333333,8690.47591145833,0,5214.28580729167,0,0,3476.1904296875,0,96638.09375,0,0,0,0,0,12166.6666666667,6384.439453125,0,0,25005.4713541667,0,0,0,5214.28580729167,0,43087.9401041667,14362.5618489583,0,593.849243164063,0,0,7733.28291829427,0,0,370779.21875,2761.48388671875
"NGA",3,1,"LSMS-ISA2015",2015,5,32,3203,2644,0,320125,1,0,0,0,0,0,12166.6669921875,0,0,26000,29102.380859375,0,0,36500,0,0,0,54750,4200,10428.5712890625,16552.533203125,0,0,0,0,0,0,0,0,26071.427734375,0,0,62571.4296875,0,10428.5712890625,0,0,15642.857421875,0,0,15642.8569335938,0,216914.27734375,0,0,0,13142.33984375,6952.38134765625,18250,9547.2822265625,0,0,58749.8046875,0,0,101277.4765625,0,11732.142578125,0,38115.1916503906,0,1959.70251464844,0,0,15657.7559814453,0,0,812355.6875,2761.48388671875
"NGA",3,1,"LSMS-ISA2015",2015,5,32,3203,0,0,320126,8,0,0,0,0,0,1977.08337402344,0,0,3250,115.178573608398,0,0,0,0,2607.14282226563,0,24333.333984375,0,0,7105.552734375,0,0,0,0,6629.30137923848,9943.95280667881,0,0,5966.37128906291,0,0,0,9281.02197328294,0,4971.97603172925,0,1325.86029972184,3314.65068961924,0,2651.72059944367,3314.65068961924,15910.3240957417,6629.30156234395,0,0,0,0,0,3721.94952509599,0,0,6193.64353522647,0,0,0,0,2187.6694885725,4172.02956402727,0,0,0,0,0,0,0,0,125602.7265625,2761.48388671875
"NGA",3,1,"LSMS-ISA2015",2015,5,32,3203,2644,0,320127,15,0,0,0,0,0,405.55556640625,405.55556640625,0,2000,957.142822265625,0,0,2433.33333333333,0,0,0,6083.33349609375,1955.55554199219,0,6449.5048828125,0,0,0,0,8342.85729166667,0,0,0,8690.47633463542,0,0,5214.2859375,2607.14296875,521.428580729167,3128.57135416667,0,2502.85716145833,7300,0,695.2380859375,2607.14274088542,51100.0015625,3476.19044596354,0,0,0,0,7300,6494.57864583333,0,0,7849.87760416667,6604.76197916667,0,19398.3897135417,1694.64283854167,1042.85716145833,5091.5203125,5153.16966145833,0,0,2607.14296875,0,0,0,0,180113.109375,2761.48388671875
"NGA",3,1,"LSMS-ISA2015",2015,5,32,3203,2644,0,320128,2,0,0,0,0,0,1825,0,0,6500,4237.73828125,0,0,0,0,0,0,39541.6640625,2000,0,22632.58203125,0,0,0,0,0,0,0,0,13035.7138671875,0,0,0,0,0,10428.5712890625,0,10428.5714111328,4692.85693359375,0,1042.85717773438,0,52142.8564453125,24767.8569335938,0,0,0,25883.021484375,36314.72265625,12177.3349609375,0,6517.85693359375,66328.87109375,24767.857421875,39107.14453125,7635.2041015625,10167.857421875,0,11499.3623046875,5974.70239257813,0,0,13035.7138671875,0,0,0,0,452685.9375,2761.48388671875
"NGA",3,1,"LSMS-ISA2015",2015,5,32,3203,2644,0,320129,4,0,13.0357141494751,0,0,0,4562.5,0,0,5250,1564.28564453125,0,0,0,0,13035.7138671875,0,15208.333984375,0,0,4673.7880859375,0,0,0,0,20857.142578125,0,0,0,9124.99975585938,0,0,6517.85693359375,9776.7861328125,1173.21423339844,5866.0712890625,1303.57141113281,11732.1429443359,5214.28564453125,0,1303.57141113281,0,43669.6416015625,7169.64276123047,0,0,0,0,13687.5,4788.32958984375,0,0,22682.1962890625,24767.857421875,0,47147.86328125,3812.94653320313,2867.85711669922,8892.21923828125,8057.89990234375,0,0,4888.39306640625,0,0,0,0,309609.65625,2761.48388671875
"NGA",3,1,"LSMS-ISA2015",2015,5,32,3203,2644,0,320130,5,0,0,0,0,0,486.666650390625,0,0,8400,768.571411132813,0,0,0,0,1251.42861328125,0,17033.333984375,2000,0,3170.25219726563,0,0,0,0,6257.14296875,14600,10428.57109375,0,5735.7142578125,0,0,0,2085.7142578125,0,6778.5712890625,1042.85712890625,5109.99995117188,2502.8572265625,0,0,0,8342.8572265625,14599.9997558594,0,0,0,0,0,0,0,0,6817.1953125,0,0,7635.20390625,0,0,1380.1380859375,0,0,0,0,0,0,0,0,126427.078125,2761.48388671875
"NGA",3,1,"LSMS-ISA2015",2015,5,32,3203,2644,0,320131,7,0,0,0,0,0,1216.66671316964,0,0,6000,1181.12243652344,0,0,0,0,744.89794921875,0,0,1428.57141113281,0,4646.55517578125,0,0,0,0,12097.8863903811,24195.7727807623,0,0,0,0,0,0,13307.6752199138,2419.57732233788,7500.68971440283,0,8468.52073883674,5323.07020920858,0,0,0,4839.15464467577,9073.41511872584,0,0,0,7343.74515227015,0,6868.07086620866,0,0,3954.21634872617,0,0,0,0,0,7680.58611720109,1209.78866116894,0,0,0,0,0,0,0,129499.984375,2761.48388671875
"NGA",3,1,"LSMS-ISA2015",2015,5,32,3203,2644,0,320132,6,0,0,0,0,0,0,0,0,1933.33333333333,895.714294433594,0,0,0,0,1738.09521484375,0,10138.888671875,2666.66674804688,0,1081.44616699219,0,0,0,0,6780.53653279669,6780.53653279669,0,0,2712.21466415084,0,0,0,6780.53688035797,1356.10733207542,3390.26826639834,0,2712.21466415084,4068.32212380669,0,1084.88593517259,0,2712.21466415084,1898.55029966172,0,0,0,0,0,1271.0956921982,0,4598.9729404288,15135.2342888016,0,0,0,0,1446.51452230325,5584.81440460193,746.841754450628,0,0,0,0,0,0,709.722229003906,88223.71875,2761.48388671875
"NGA",3,1,"LSMS-ISA2015",2015,5,32,3203,2644,0,320133,7,0,0,0,0,0,347.619035993304,0,0,9085.71428571429,2862.44897460938,0,0,5214.28571428571,0,1489.7958984375,0,22595.23828125,16190.4765625,0,2264.4658203125,0,0,0,0,9337.54134647532,0,0,0,8507.53786540138,0,0,8300.03676690871,21787.5971322394,1452.50645885141,10375.0458532431,0,7262.53232989538,12450.0552216397,0,1245.00557114431,0,5706.27518000545,9648.79306244661,0,0,11181.9944600817,0,10832.3559510421,8656.93622334907,0,0,3391.10280118493,0,0,0,0,0,4509.39765255055,1037.50459586359,0,0,0,0,0,0,0,195732.28125,2761.48388671875
"NGA",3,1,"LSMS-ISA2015",2015,5,32,3202,84,0,320134,4,0,1200,0,0,0,6083.33349609375,0,0,9250,9166.6669921875,0,0,0,0,39107.14453125,0,21291.66796875,850,0,7240.2509765625,0,0,0,0,0,0,0,0,6517.85693359375,0,0,6517.85693359375,29982.1416015625,0,6517.85693359375,0,5214.28576660156,3128.57153320313,0,5996.42834472656,0,54228.5712890625,4301.78579711914,0,0,10048.36328125,9092.8134765625,13687.5,4788.32958984375,0,0,14548.8916015625,0,0,3739.75390625,0,2607.14282226563,5214.28564453125,5881.42138671875,0,0,0,0,143.392852783203,0,4197.5,290543.78125,3106.66918945313
"NGA",3,1,"LSMS-ISA2015",2015,5,32,3202,84,0,320135,2,0,2400,0,0,0,6083.33349609375,0,0,10000,3042.26196289063,0,0,0,0,39107.14453125,0,30416.66796875,2000,0,11775.326171875,0,0,0,0,7821.4287109375,0,0,0,6517.85693359375,0,0,0,39107.14453125,0,9124.99975585938,0,10950,0,0,0,0,61528.5693359375,20857.142578125,0,0,0,0,18250,24354.669921875,0,0,27254.705078125,0,0,50638.73828125,0,0,7821.4287109375,9709.48168945313,0,0,18250,0,286.785705566406,0,5353.33349609375,422651,3106.66918945313
"NGA",3,1,"LSMS-ISA2015",2015,5,32,3202,84,0,320136,3,0,4000,0,0,0,0,0,0,5333.33333333333,476.587310791016,0,0,0,0,6952.380859375,0,12166.6669921875,666.666687011719,0,5037.03955078125,0,0,0,0,2035.03317863702,10175.1657646577,6105.09973290452,0,10175.1657646577,0,0,13227.7159223978,0,4477.07292105065,11192.6823026266,0,6105.09957014411,3663.05959650393,0,8343.63626189598,0,22995.8750289846,2035.03317863702,0,0,0,0,0,0,0,0,6651.54327305712,0,0,0,0,0,16474.079353422,2300.47223413552,0,0,0,0,0,0,0,160589.421875,3106.66918945313
"NGA",3,1,"LSMS-ISA2015",2015,5,32,3202,84,0,320137,2,0,3000,0,1825,0,1216.66662597656,0,0,1800,1607.73803710938,0,0,0,0,13035.7138671875,0,8516.6669921875,0,0,9000,0,0,0,0,4692.85693359375,0,0,0,2085.71435546875,10428.5712890625,0,18250,18250,4692.85723876953,13035.7143554688,0,6517.85705566406,0,782.142883300781,5996.42834472656,0,8342.85717773438,2607.14282226563,0,0,0,0,0,12177.3349609375,0,0,0,0,0,0,0,0,0,0,0,0,0,0,0,0,6083.33349609375,153944.578125,3106.66918945313
"NGA",3,1,"LSMS-ISA2015",2015,5,32,3202,84,0,320138,7,0,1371.42858886719,0,0,0,0,0,0,3714.28571428571,445.918395996094,0,0,0,0,1489.7958984375,0,3476.19018554688,571.428588867188,1117.34695870536,2158.73120117188,0,0,0,0,5384.52849838888,3959.21213504998,0,0,3167.36985508923,0,0,0,9502.10918067669,2296.34310324429,4355.13339757139,0,1583.6848866976,3167.36977339521,0,1979.60614921902,1583.6848866976,3563.29103591662,6255.55545949722,0,0,0,0,8314.34576576389,16377.7046344494,0,0,27635.8417516673,0,0,2220.11881093082,0,950.210978647066,5033.6457954528,791.842443348801,0,0,0,0,0,0,0,122466.7265625,3106.66918945313
"NGA",3,1,"LSMS-ISA2015",2015,5,32,3202,84,0,320139,5,0,2400,0,0,0,6083.333203125,0,0,4600,14253.095703125,0,0,1946.6666015625,0,9385.7140625,0,21900,1600,0,21817.11328125,0,0,0,0,0,0,0,0,3650,0,20857.1421875,20857.143359375,32328.57109375,0,9385.7140625,0,9385.71411132813,0,0,1042.85712890625,0,14078.57109375,6778.57153320313,0,0,0,2637.6775390625,14525.8890625,1571.269140625,0,0,17042.9890625,0,0,4873.1640625,10011.4287109375,0,14139.7220703125,6373.35302734375,2851.1615234375,0,10428.57109375,0,0,0,0,286805.4375,3106.66918945313
"NGA",3,1,"LSMS-ISA2015",2015,5,32,3202,84,0,320140,4,0,3000,0,0,0,9125,0,0,6500,6420.53564453125,0,0,6083.33349609375,0,13035.7138671875,0,21291.66796875,1000,0,7049.96435546875,0,0,0,0,9776.7861328125,0,0,0,782.142883300781,0,0,5214.28564453125,13035.7143554688,1564.28576660156,9124.99975585938,0,10167.8570556641,1564.28576660156,0,2607.14282226563,0,41714.2866210938,1173.21429443359,0,0,0,0,0,3273.47729492188,0,0,8521.494140625,0,0,0,5083.9287109375,0,3910.71435546875,9982.12451171875,0,0,8147.3212890625,0,0,0,1064.58337402344,210214.859375,3106.66918945313
"NGA",3,1,"LSMS-ISA2015",2015,5,32,3202,84,0,320141,6,0,2000,0,0,0,0,0,0,0,1347.02380371094,0,0,0,0,0,0,22305.556640625,1166.66662597656,0,6452.349609375,0,0,0,0,2607.14290364583,0,0,0,4345.23795572917,0,17380.9518229167,6083.33333333333,7821.42838541667,0,6083.33317057292,0,4345.23807779948,3041.66666666667,0,869.047607421875,0,4345.23795572917,1129.76190185547,0,0,0,0,0,4059.11165364583,0,0,2840.498046875,0,0,0,4236.60709635417,0,1808.04947916667,4208.41162109375,0,0,6517.857421875,0,286.785705566406,0,0,115281.296875,3106.66918945313
"NGA",3,1,"LSMS-ISA2015",2015,5,32,3202,84,0,320142,5,0,2400,0,0,0,3650,0,0,15400,721.428588867188,0,0,0,0,32328.571875,0,14600,800,0,3913.947265625,0,0,0,0,8333.11298181992,6944.26051514592,6249.83454105244,0,8055.34256520234,2777.70428347948,0,23610.4859602987,38887.8589387775,1249.96686949993,7638.68686124206,4860.98246500344,8610.88330078125,0,0,4166.55639325371,0,9444.19451338931,6944.26071045842,0,0,0,0,0,0,0,0,0,0,0,0,0,0,0,0,0,0,0,0,0,0,851.666687011719,212439.75,3106.66918945313
"NGA",3,1,"LSMS-ISA2015",2015,5,32,3202,84,0,320143,5,0,960,0,0,0,2433.3333984375,0,0,4800,2225.23803710938,0,0,0,0,15642.8578125,0,13383.3330078125,400,0,34373.74609375,0,0,0,0,3128.571484375,0,5214.285546875,0,4692.85703125,0,0,0,18250,0,1042.85712890625,1042.85712890625,5944.2857421875,0,0,1042.85712890625,0,21795.7138671875,5214.285546875,0,0,2451.9984375,0,7300,0,0,0,7648.56015625,0,0,0,0,1303.57138671875,0,1803.273828125,0,0,0,0,1737.84702148438,0,851.666687011719,164684,3106.66918945313
"NGA",3,1,"LSMS-ISA2015",2015,5,32,3216,1184,0,320144,4,0,0,0,0,0,1520.83337402344,0,0,7000,4063.09521484375,0,0,0,0,6517.85693359375,0,15208.333984375,1000,0,4506.5068359375,0,0,0,0,0,0,0,0,5866.0712890625,0,0,0,0,0,0,0,1564.28576660156,0,0,1303.57141113281,0,39107.1416015625,0,0,0,0,2172.619140625,9125,6010.18273925781,0,0,11410.3779296875,0,0,14997.3383789063,0,2933.03564453125,0,4861.23510742188,0,0,0,0,10432.2959289551,0,0,149599.78125,7421.48779296875
"NGA",3,1,"LSMS-ISA2015",2015,5,32,3216,1184,0,320145,6,0,0,0,0,0,4055.5556640625,0,0,11500,8155.357421875,0,0,6083.33333333333,0,13035.71484375,0,19263.888671875,3475,1738.09521484375,40789.63671875,0,0,0,0,0,0,0,0,8255.95263671875,0,11297.6184895833,12166.6663411458,12166.6666666667,6517.857421875,3476.1904296875,0,0,0,2172.61897786458,8255.95263671875,0,58226.1907552083,0,0,0,0,1788.16389973958,9125,2643.86311848958,0,0,19398.5221354167,0,0,1709.60172526042,0,0,4422.83170572917,8808.99275716146,3431.30436197917,593.849243164063,2172.61897786458,0,8307.4746500651,0,0,293034.5,7421.48779296875
"NGA",3,1,"LSMS-ISA2015",2015,5,32,3216,1184,0,320146,8,0,0,0,0,0,0,6083.33349609375,0,3000,1590.47619628906,0,0,0,0,13035.7138671875,0,6083.3330078125,1000,0,2186.48095703125,0,0,0,0,10428.5712890625,2281.25,0,0,4562.49987792969,0,0,4562.5,5866.0712890625,7365.17858886719,1303.57141113281,0,2281.25003051758,3910.71435546875,9776.7861328125,5866.07135009766,0,3910.71435546875,8147.32153320313,0,0,0,0,0,4788.32958984375,0,0,9672.34790039063,0,0,0,0,0,1955.35717773438,2134.83422851563,0,0,0,0,1629.46423339844,0,760.416687011719,124182.59375,7421.48779296875
"NGA",3,1,"LSMS-ISA2015",2015,5,32,3216,1184,0,320147,5,0,2400,0,0,0,3650,0,0,1600,3578.09521484375,0,0,0,0,0,0,14600,1000,0,6060.849609375,0,0,0,0,0,2429.50866118554,0,14577.0523577383,4251.64020590282,0,0,15184.4288427411,6073.77155530761,0,7895.90305449695,0,11054.2646172976,0,0,2429.50866118554,0,0,0,0,0,0,6144.90731404763,0,8924.16640478878,0,0,15339.1762852891,23080.3328605998,0,0,7106.31309664953,3693.32033301456,29667.4839436051,3315.2670566884,3837.02021195026,0,4555.32898221342,0,3170.50872383856,0,0,205618.84375,7421.48779296875
"NGA",3,1,"LSMS-ISA2015",2015,5,32,3216,1184,0,320148,11,0,0,0,221.21211381392,0,331.818181818182,0,0,2509.09090909091,693.073608398438,0,0,0,0,1422.07794744318,0,9954.5458984375,909.090881347656,0,85736.3515625,0,0,0,0,0,9047.12685542433,3015.70870865708,0,6936.13050886225,3015.70870865708,15078.5437864364,4221.99233801053,2412.56704835298,3015.7088630297,3920.42142487612,0,3317.27973177491,3015.70870865708,0,4041.04990494806,0,5126.70503203497,6815.50189661229,0,0,3040.37578036013,11975.6624436289,0,1206.28340260098,0,0,1971.37989575097,0,0,61833.6321895167,0,0,10560.8098083121,935.306741215242,0,0,0,0,0,0,0,266280.875,7421.48779296875
"NGA",3,1,"LSMS-ISA2015",2015,5,32,3216,1184,0,320149,6,0,0,0,405.555541992188,0,1013.88891601563,0,0,1733.33333333333,153.571426391602,0,0,0,0,1738.09521484375,0,0,0,0,968.914978027344,0,0,0,0,5185.86650934276,3515.84160648486,3076.36144691483,0,6152.72273106925,0,0,0,1757.92080324243,2724.77731200156,3955.32176605488,439.480200810607,4834.28216657514,1757.92080324243,0,878.960401621214,0,7031.68337573013,6855.89124503642,0,0,0,0,3076.36144691483,2675.71590641721,0,0,12087.1711286788,0,0,135816.290356412,0,1757.92080324243,6058.548834092,0,0,0,0,0,0.725142380254067,0,0,215653.125,7421.48779296875
"NGA",3,1,"LSMS-ISA2015",2015,5,32,3216,1184,0,320150,1,0,0,0,0,0,1581.66662597656,0,0,1000,0,0,0,0,0,0,0,0,0,10428.5712890625,16149.4453125,0,0,0,0,6257.14306640625,0,20857.142578125,0,4171.4287109375,0,0,0,36500,6257.14306640625,13035.7138671875,0,3650,0,521.428588867188,3128.57153320313,26071.427734375,1564.28576660156,9385.71423339844,0,0,0,0,0,3928.1728515625,0,0,34085.9765625,0,0,0,0,0,0,11429.29296875,0,0,0,0,0,0,0,210003.125,7421.48779296875
"NGA",3,1,"LSMS-ISA2015",2015,5,32,3223,390,0,320151,7,0,0,0,0,0,869.047642299107,0,0,0,277.551025390625,0,0,1738.09528459821,0,2979.591796875,0,3476.19067382813,0,0,6845.65673828125,0,0,0,0,2350.41289385747,0,0,0,3196.5617196228,0,0,0,4230.74327130496,0,4230.74327130496,0,1504.26429991118,1880.33034873105,0,2444.42955222859,0,0,1880.33044720195,0,0,0,0,42727.4049573456,8782.56932971999,0,0,0,0,0,0,0,0,0,1001.48028109737,0,0,0,0,0,0,0,90415.40625,7594.08056640625
"NGA",3,1,"LSMS-ISA2015",2015,5,32,3223,390,0,320152,7,0,0,0,0,0,1738.09528459821,0,0,0,3381.29272460938,0,0,2607.14285714286,0,3724.48967633929,0,27809.525390625,428.571441650391,0,6845.65673828125,0,0,0,0,2160.93628959127,0,0,0,6914.99640102979,0,7347.18376474977,0,3457.49810173336,7347.18376474977,3889.68535497148,864.374525433341,1382.99926452239,2160.93628959127,0,2247.37383208973,0,6914.99633127532,1728.74913513468,0,0,0,0,52377.2956802603,12111.8555112341,0,0,0,0,0,0,0,3.45749825164592,0,1834.16061467513,0,0,0,0,0,0,0,159278.46875,7594.08056640625
"NGA",3,1,"LSMS-ISA2015",2015,5,32,3223,390,0,320153,7,0,3428.57153320313,0,0,0,869.047642299107,0,0,0,74.4897994995117,0,0,0,0,1489.7958984375,0,43452.37890625,0,0,10061.3896484375,0,0,0,0,12644.3571215774,0,0,0,3793.30726905894,0,0,3793.3073388134,12644.3580054822,13276.5754824399,2528.87151270596,0,7080.84043796909,10115.4860508238,0,0,0,12644.3571215774,6954.39695652844,0,0,0,0,0,11811.7487062116,0,0,0,0,0,0,0,0,0,1507.10528731806,0,0,0,0,0,0,0,158170.390625,7594.08056640625
"NGA",3,1,"LSMS-ISA2015",2015,5,32,3215,0,1,320154,3,0,4000,0,0,0,8111.111328125,0,0,18333.3333333333,6088.4921875,0,0,12166.6666666667,0,34761.9036458333,0,28388.888671875,0,0,62970.83984375,0,0,0,0,15642.8567708333,0,0,0,3476.1904296875,0,0,26071.4296875,17380.9524739583,0,0,0,9385.71419270833,0,0,0,0,29547.6184895833,0,0,0,0,3932.85546875,31109.2578125,4870.9345703125,0,0,11510.7825520833,0,0,0,0,2885.23811848958,11830.0445963542,869.047607421875,2691.24430338542,0,0,0,1554.35380045573,0,0,347579.78125,7594.08056640625
"NGA",3,1,"LSMS-ISA2015",2015,5,32,3223,0,1,320155,7,4866.6669921875,8571.4287109375,6083.33314732143,0,0,5214.28571428571,0,0,13514.2857142857,13807.142578125,0,0,52142.8571428571,0,22346.9397321429,0,34761.90234375,121666.671875,0,25714.28515625,0,0,0,0,0,0,0,5214.28571428571,15642.8571428571,2979.591796875,20112.2455357143,5214.28571428571,14525.509765625,0,0,6331.63274274554,10428.5714285714,0,0,10428.5714285714,0,10428.5714285714,3724.48981584821,0,0,0,4045.22293526786,45137.5446428571,4175.08677455357,0,0,0,0,0,0,4692.85728236607,1921.83677455357,0,0,2306.78083147321,0,4655.61216517857,0,666.151628766741,0,3128.57153320313,484450.03125,7594.08056640625
"NGA",3,1,"LSMS-ISA2015",2015,5,32,3223,390,0,320156,7,0,342.857147216797,0,0,0,3476.19056919643,0,0,6571.42857142857,4115.30615234375,3476.19067382813,0,0,0,22346.9397321429,0,10428.5712890625,0,0,1572.28784179688,0,0,0,0,0,0,0,0,2164.90700455615,0,0,8659.62773920676,17319.2554784135,0,1731.92558035567,0,11257.5161673969,0,0,0,0,7793.66516982365,3463.85119558857,0,0,3393.46515861686,0,15154.349077452,12134.1106575307,0,0,1058.5292484888,0,0,0,0,0,2703.29884231476,1730.20784771203,0,0,0,0,0,0,0,140894.46875,7594.08056640625
"NGA",3,1,"LSMS-ISA2015",2015,5,32,3223,390,0,320157,8,0,2607.14282226563,0,0,0,456.25,0,0,0,4713.6904296875,0,0,2433.33325195313,0,0,0,7604.16650390625,875,0,31188.375,0,0,0,0,1760.61351142523,0,0,0,1630.19765954096,0,0,3912.4745782817,4890.59334505536,0,1304.15815205569,0,1630.19769005854,1304.15815205569,0,1564.9898557356,0,0,2347.48475310798,0,0,0,0,0,6091.40800573573,0,0,0,0,0,0,0,0,0,0,0,0,0,0,0,0,0,76314.234375,7594.08056640625
"NGA",3,1,"LSMS-ISA2015",2015,5,32,3223,390,0,320158,10,0,2400,0,0,0,243.333325195313,0,0,0,3405.95239257813,0,0,0,0,2085.7142578125,0,7300,600,0,6729.28271484375,0,0,0,0,0,0,0,0,0,0,0,18747.9977680132,41662.2196394168,0,4166.22181809936,0,2083.11090904968,12498.6662811659,0,4999.46660003597,0,0,14581.7768011957,0,0,0,0,20626.6756939113,0,0,0,0,0,0,0,0,0,0,0,0,0,0,0,0,0,0,142130.40625,7594.08056640625
"NGA",3,1,"LSMS-ISA2015",2015,5,32,3223,390,0,320159,9,0,1738.09521484375,0,0,0,270.370361328125,0,0,133.333333333333,69.0476226806641,0,0,0,0,0,0,0,0,0,841.900268554688,0,0,0,0,0,0,0,0,0,0,0,0,5793.65060763889,0,1158.73014322917,0,2027.77772352431,0,0,0,0,0,0,0,0,0,4692.09201388889,0,5412.14887152778,0,0,0,0,0,0,0,0,0,327.467203776042,2169.83441840278,0,0,0,2453.61101616753,0,0,27088.05859375,7594.08056640625
"NGA",3,1,"LSMS-ISA2015",2015,5,32,3223,390,0,320160,8,0,9125,0,0,0,228.125,0,0,0,9125,0,0,2281.25,0,13035.7138671875,0,6083.33349609375,0,0,15725.0927734375,0,0,0,0,1825,0,0,0,0,0,0,0,6517.85693359375,0,1303.57141113281,0,977.678558349609,1564.28576660156,0,0,0,0,325.892852783203,0,0,0,0,0,6088.66748046875,0,0,2130.37353515625,0,0,0,0,0,0,0,0,0,0,0,0,0,0,76336.84375,7594.08056640625
"NGA",3,1,"LSMS-ISA2015",2015,5,32,3221,132,0,320161,4,912.5,0,9125,0,0,1825,0,0,0,6259.52392578125,0,0,4562.5,0,0,0,18250,10125,0,113119.2734375,0,0,0,0,8071.3691885611,0,0,0,9416.59714454965,0,0,69951.8614506209,24214.1061130535,4035.68459428055,12107.0530565268,0,17487.965667831,8071.3691885611,5380.9125502691,3228.54765162108,0,0,10761.8251615734,0,0,0,0,0,320658.935815327,0,0,8793.80583090225,0,0,0,0,0,0,0,0,0,0,0,0,0,0,666358.8125,6213.33837890625
"NGA",3,1,"LSMS-ISA2015",2015,5,32,3221,132,0,320162,11,3318.18188476563,0,0,0,0,3318.18181818182,165.909090909091,0,4363.63636363636,9251.9482421875,0,0,0,0,4740.25958806818,0,8295.4541015625,90.9090881347656,0,1382.12463378906,0,0,0,0,7857.95458383079,12572.7281819565,15715.9091676616,0,6286.36411317285,0,0,7072.15933740452,28288.6389994059,4714.77295078862,1571.59102274456,0,7072.15935959913,3928.9772919154,1571.59102274456,0,0,0,10215.3414938667,0,0,0,0,0,0,0,0,17540.20304993,0,0,0,0,0,0,0,0,0,0,0,0,0,0,159335,6213.33837890625
"NGA",3,1,"LSMS-ISA2015",2015,5,32,3221,132,0,320163,5,1216.66674804688,40,0,0,0,486.666650390625,0,0,2640,3646.42846679688,0,0,0,0,8342.85703125,0,5840,0,0,34300.328125,0,0,0,1861.00738195506,9925.37231886312,14888.0590556405,0,0,4962.68615943156,0,0,18610.0741634954,24813.4306018453,10793.8430628592,5583.02188053238,4962.68625708781,17369.4021353562,6203.3576016332,620.335769928945,9305.03708174769,0,14888.0584782947,5707.08907674514,0,0,0,0,0,5794.87736780676,0,0,890.156582326064,0,0,0,0,0,0,2.98957022739069,0,0,0,0,0,0,243.33332824707,213937.765625,6213.33837890625
"NGA",3,1,"LSMS-ISA2015",2015,5,32,3221,132,0,320164,5,0,7200,0,0,0,2433.3333984375,0,0,0,935.238098144531,0,0,4866.666796875,0,0,0,17033.33203125,0,0,49688.98828125,0,0,0,0,4382.09562791875,10517.030238974,0,0,5258.515119487,0,0,17528.382511675,10517.030238974,0,7887.77240901282,0,4031.52818751032,4206.81210469003,0,10166.4625022708,0,3505.67663128371,4031.52816309626,0,0,0,0,0,16374.1691901065,0,0,0,0,0,0,0,0,0,876.419157820928,0,0,0,0,0,0,0,181440.984375,6213.33837890625
"NGA",3,1,"LSMS-ISA2015",2015,5,32,3221,132,0,320165,2,304.166656494141,100,0,0,0,9125,0,0,1200,3120.23803710938,0,0,0,0,20857.142578125,3041.66674804688,9733.3330078125,0,0,36945.953125,0,0,0,0,8577.9916138706,22874.6434438925,0,0,4288.9958069353,0,0,11437.3217219462,25733.9739526493,8577.9916138706,12866.9868542544,8577.9916138706,22874.6434438925,2859.33043048656,0,21444.9795229578,0,25733.9744409306,7434.25930050458,0,0,0,0,0,12365.9667367885,0,0,32216.3217749052,0,0,0,0,1772.78490948633,8577.9916138706,3.44497669340593,0,0,0,0,0,0,6691.6669921875,329338.71875,6213.33837890625
"NGA",3,1,"LSMS-ISA2015",2015,5,32,3221,132,0,320166,10,0,3000,0,0,0,730,0,0,500,832.619018554688,0,0,2433.3333984375,0,0,0,2433.33349609375,0,0,94472.4765625,0,0,0,0,5214.285546875,0,0,0,4171.42861328125,0,0,4171.428515625,5214.285546875,0,2346.428515625,521.428564453125,1199.28571777344,1303.57138671875,0,3024.2857421875,0,1303.57141113281,1199.28570556641,0,0,0,0,31596.278125,7306.4015625,0,0,0,0,0,0,0,0,0,260.714282226562,0,0,0,0,0,0,0,173234.4375,6213.33837890625
"NGA",3,1,"LSMS-ISA2015",2015,5,32,3221,132,0,320167,8,0,3000,0,0,0,1520.83337402344,0,0,0,5551.78564453125,0,0,16729.166015625,0,19553.572265625,0,7604.1669921875,0,0,25378.783203125,0,0,0,0,6517.85693359375,0,5866.0712890625,0,2607.14288330078,6.51785707473755,0,782.142883300781,12383.9289550781,14013.3924560547,3258.92858886719,0,6452.67852783203,5214.28564453125,130.357147216797,10363.3928833008,0,65178.572265625,3258.92855834961,0,0,0,0,0,0,0,0,0,0,0,0,0,0,0,0,0,0,0,0,0,0,0,215372.515625,6213.33837890625
"NGA",3,1,"LSMS-ISA2015",2015,5,32,3221,132,0,320168,3,0,2800,0,0,0,2027.77783203125,0,0,0,2096.03173828125,0,0,0,0,0,0,4055.5556640625,0,0,24630.634765625,0,0,0,0,3476.1904296875,0,6952.380859375,0,5214.28580729167,0,0,0,15642.8567708333,0,7821.42838541667,0,4866.66666666667,4171.4287109375,0,5214.28564453125,0,3476.1904296875,3997.61901855469,0,0,0,0,0,0,0,0,0,0,0,0,0,0,0,0,0,0,0,0,0,0,0,96443.3359375,6213.33837890625
"NGA",3,1,"LSMS-ISA2015",2015,5,32,3221,132,0,320169,2,608.333312988281,100,0,0,0,1825,0,0,4000,7398.2138671875,0,0,0,0,15642.857421875,0,14600,0,0,23564.9765625,0,0,0,0,14061.0009400114,21091.5021629522,0,0,0,14061.0009400114,0,0,52728.7533722026,13709.476153573,3515.25023500285,3515.25023500285,28122.0018800228,10545.7510814761,0,28122.0018800228,0,28122.0021241634,14412.5259095553,0,0,0,0,0,16418.8855584011,0,11615.6099932009,0,0,0,0,0,2179.45517153158,12773.8748562671,8.47048308406818,0,0,0,0,0,0,0,342742.1875,6213.33837890625
"NGA",3,1,"LSMS-ISA2015",2015,5,32,3221,132,0,320170,3,0,8000,16222.22265625,0,0,0,0,0,0,4866.66650390625,0,0,20277.77734375,0,52142.859375,2027.77783203125,107472.21875,12166.6669921875,0,67676.7578125,0,0,0,0,19804.5336925936,0,17824.0803804021,13863.1739998206,0,0,0,0,35648.1625504906,39609.0673851871,9902.26717181761,0,8912.04027158124,15843.6271901114,0,30498.982897126,0,63374.5105501319,990.226699381959,0,0,0,0,0,0,0,0,6473.14827736655,0,0,0,0,0,0,4651.18540699025,0,0,0,0,0,0,10138.888671875,568386.875,6213.33837890625
"NGA",3,1,"LSMS-ISA2015",2015,5,32,3210,1692,0,320171,1,0,0,0,24333.333984375,0,12166.6669921875,0,0,0,0,0,0,0,0,0,0,0,0,0,16292.615234375,0,0,0,0,0,0,0,0,0,0,0,0,0,0,0,0,0,0,0,0,0,0,0,0,0,0,0,0,24354.669921875,0,0,0,0,0,53446.4296875,0,10428.5712890625,0,23014.6215820313,0,0,0,0,2867.85717773438,0,0,166904.765625,7421.48779296875
"NGA",3,1,"LSMS-ISA2015",2015,5,32,3210,1692,0,320172,14,0,0,0,0,0,130.357142857143,0,0,400,1181.63269042969,0,0,0,0,0,0,5214.28564453125,428.571441650391,0,1655.67065429688,0,0,0,0,2607.14285714286,0,0,0,0,0,0,0,3352.04073660714,0,446.938790457589,0,558.673461914063,2234.69391741071,0,0,0,0,1117.34695870536,0,0,0,0,0,5472.37667410714,0,0,0,0,0,0,0,0,0,0,0,0,0,0,0,0,0,24799.73046875,7421.48779296875
"NGA",3,1,"LSMS-ISA2015",2015,5,32,3210,1692,0,320173,4,0,0,0,0,0,456.25,0,0,0,180.357147216797,0,0,0,0,13035.7138671875,0,6083.33349609375,0,0,4138.13330078125,0,0,0,0,105959.951705859,0,0,0,0,0,0,0,198674.902021579,0,52979.9758529295,0,110374.944340792,88299.9577418221,0,0,0,0,22074.9894354555,0,0,0,0,0,206213.905344136,0,0,0,0,0,0,0,0,0,0,0,0,0,0,0,0,0,808472.3125,7421.48779296875
"NGA",3,1,"LSMS-ISA2015",2015,5,32,3210,1692,0,320174,11,0,66.363639831543,0,0,0,497.727272727273,0,0,1272.72727272727,821.645080566406,0,0,663.636363636364,0,9480.51917613636,0,6636.36376953125,0,0,4431.20458984375,0,0,0,0,10984.4172983803,7061.41101140597,0,0,5492.20864919014,0,0,47076.0754436918,11769.018860923,0,3766.08615532382,0,7846.01244078102,4707.60746808223,0,1883.04307766191,0,0,9415.21486958066,0,0,0,0,0,29317.4648014531,0,0,17513.5448059609,0,0,0,0,0,0,0,0,0,0,0,0,0,0,180702.3125,7421.48779296875
"NGA",3,1,"LSMS-ISA2015",2015,5,32,3210,1692,0,320175,7,0,2571.42846679688,0,0,0,869.047642299107,0,0,285.714285714286,2902.72119140625,0,0,1738.09528459821,0,3724.48967633929,0,3476.19067382813,428.571441650391,0,12834.2490234375,0,0,0,0,1733.14318066306,0,0,0,2599.71485289766,0,0,0,4332.85784545737,7365.85874373572,3899.57210339175,866.57159033153,2426.40047597063,1733.14318066306,0,5372.74391891621,0,5199.42951769197,1993.11465729194,0,0,0,0,0,4047.54675950994,0,0,4881.86829993698,0,0,0,0,0,0,0,0,0,0,0,0,0,0,75282.46875,7421.48779296875
"NGA",3,1,"LSMS-ISA2015",2015,5,32,3210,1692,0,320176,7,0,2571.42846679688,0,0,0,869.047642299107,0,0,828.571428571429,1146.5986328125,0,0,3476.19056919643,0,2979.591796875,0,3476.19067382813,0,0,6732.8505859375,0,0,0,0,1991.40183552295,0,3186.24299558876,0,2389.68232013162,0,0,0,7169.04668137701,0,3584.5233406885,0,2230.37012628815,1593.12149779438,0,3345.55518943223,0,3186.24299558876,1832.08973624373,0,0,0,0,0,0,0,0,0,0,0,0,0,0,0,0,0,0,0,0,0,0,0,52588.74609375,7421.48779296875
"NGA",3,1,"LSMS-ISA2015",2015,5,32,3210,1692,0,320177,9,0,5333.33349609375,0,0,0,675.925944010417,0,0,1000,519.576721191406,0,0,1351.85188802083,0,2896.82530381944,0,4055.5556640625,0,0,5415.91650390625,0,0,0,0,1738.09526909722,0,0,0,2896.82541232639,0,0,5793.65060763889,6373.01584201389,1738.09526909722,2896.82541232639,0,1622.22222222222,1448.41265190972,0,2780.95241970486,0,4055.55555555556,1506.34920247396,0,0,0,0,0,5412.14887152778,0,0,3541.00021701389,0,0,0,0,0,0,0,0,0,0,0,0,0,0,63052.1328125,7421.48779296875
"NGA",3,1,"LSMS-ISA2015",2015,5,32,3210,1692,0,320178,1,0,6000,0,0,0,6083.33349609375,0,0,0,743.095275878906,0,0,6083.33349609375,0,0,0,24333.333984375,28000,0,73891.90625,0,0,0,0,0,0,0,0,0,50172.4706915194,0,0,62715.5869897622,0,6271.55883643993,0,9407.33849880052,0,0,0,0,12543.1176728799,19441.8323178592,0,0,0,0,0,0,36654.7080281896,0,0,0,0,0,0,12616.6118388209,9407.33849880052,32856.1979944237,64842.7047817796,0,0,0,0,0,6083.33349609375,468147.875,7421.48779296875
"NGA",3,1,"LSMS-ISA2015",2015,5,32,3210,1692,0,320179,7,0,3428.57153320313,0,0,0,347.619035993304,0,0,12085.7142857143,2520.91845703125,0,0,2607.14285714286,0,59591.8348214286,0,34761.90234375,3428.57153320313,0,18383.37109375,0,0,0,0,8439.72847909811,8439.72847909811,0,0,5063.83717116422,0,0,25319.1874316876,13503.5661755512,1265.95934101354,3797.87784349594,5907.81015616042,13081.5794737897,7595.75568699187,0,0,0,10971.6472575702,5317.0291540692,0,0,0,0,0,3941.99358147018,0,0,9419.40704178659,0,0,0,0,0,0,0,0,0,0,0,0,0,0,259220.765625,7421.48779296875
"NGA",3,1,"LSMS-ISA2015",2015,5,32,3215,0,1,320180,7,1042.85717773438,1714.28576660156,0,0,0,5214.28571428571,0,0,10428.5714285714,5944.5576171875,0,0,2607.14285714286,0,7448.97935267857,0,20857.142578125,857.142883300781,0,25714.28515625,0,0,0,0,0,7448.97935267857,0,0,5586.73493303571,0,13408.1629464286,2979.591796875,9683.67327008929,0,2607.14285714286,4096.93875558036,8193.87744140625,0,0,1489.7958984375,0,2979.591796875,3352.04073660714,0,0,0,4045.22293526786,5928.93470982143,4175.08677455357,0,0,7224.10546875,0,0,0,2482.99330357143,2830.6123046875,3550.81947544643,1334.60885184152,3394.23967633929,0,3879.67661830357,0,666.151628766741,0,0,183168.234375,7421.48779296875
"NGA",3,1,"LSMS-ISA2015",2015,5,32,3213,128,0,320181,7,0,5142.85693359375,6952.38113839286,0,0,869.047642299107,0,0,0,7300.68017578125,0,0,5214.28571428571,0,7448.97935267857,0,11297.619140625,7002.38134765625,0,44303.26953125,0,0,0,0,9728.24097056106,0,11673.8897547681,0,2918.47243869202,9728.24097056106,0,0,23347.7789515004,17997.2470676476,4377.70854845957,1945.64824595837,7004.33372730281,7782.59298383348,4864.12048528053,17802.6812439239,0,11673.8897547681,6323.3569688041,0,0,0,0,0,0,0,0,0,0,0,0,0,0,0,0,0,0,0,0,0,0,869.047668457031,233568.75,8284.451171875
"NGA",3,1,"LSMS-ISA2015",2015,5,32,3213,128,0,320182,6,0,4000,0,0,0,2433.33333333333,0,0,20966.6666666667,14388.2939453125,0,0,5069.4443359375,0,5214.28580729167,0,8111.111328125,4708.33349609375,0,8123.875,0,0,0,0,6952.380859375,6952.380859375,0,0,10863.0950520833,10428.5716145833,0,4345.23795572917,3476.1904296875,4171.42854817708,18249.9996744792,869.047607421875,4953.57141113281,6083.33333333333,0,2607.14290364583,0,47797.6184895833,4692.85717773438,0,0,0,0,0,3192.2197265625,0,0,0,0,0,0,0,0,2607.14290364583,0,0,0,0,0,0,0,811.111083984375,212068.65625,8284.451171875
"NGA",3,1,"LSMS-ISA2015",2015,5,32,3213,128,0,320183,7,0,3428.57153320313,0,0,0,2259.52385602679,347.619035993304,0,0,13657.822265625,0,0,0,0,3724.48967633929,0,15642.857421875,2000,0,18383.37109375,0,0,0,0,22346.9397321429,0,0,0,0,0,0,0,0,0,3724.48981584821,0,1638.77553013393,11918.3671875,0,0,0,13408.1629464286,372.448974609375,0,0,0,0,0,10437.7165178571,0,0,0,0,0,36528.6495535714,0,0,0,2112.12077985491,0,0,0,0,2048.46944754464,0,0,163980.390625,8284.451171875
"NGA",3,1,"LSMS-ISA2015",2015,5,32,3213,128,0,320184,4,0,4500,0,0,0,1520.83337402344,0,0,1250,1781.54760742188,0,0,0,0,3910.71435546875,0,9125,0,0,28389.8515625,0,0,0,0,3910.71435546875,0,0,0,6517.85717773438,0,0,13035.7138671875,6517.85693359375,0,5866.0712890625,1303.57141113281,3650,2607.14282226563,0,6257.14294433594,0,14991.0714111328,2998.21426391602,0,0,0,0,0,12177.3349609375,0,0,0,0,0,0,0,0,0,0,0,0,0,0,0,0,0,130310.640625,8284.451171875
"NGA",3,1,"LSMS-ISA2015",2015,5,32,3215,0,1,320185,5,6083.3330078125,19200,9733.33359375,0,0,4866.666796875,0,2433.33349609375,44000,61151.90625,0,0,12166.66640625,0,0,0,73000,24333.33203125,0,69288.3671875,0,0,0,0,0,14600,0,0,12514.2859375,2085.7142578125,37542.85625,9907.1427734375,22942.8564453125,0,0,29721.4283203125,17728.5711914062,0,0,13557.142578125,2085.7142578125,85514.286328125,0,0,0,0,4719.4265625,0,7661.32734375,4238.921875,0,10113.74765625,0,0,0,7091.4287109375,3524.8572265625,0,521.428564453125,2825.8064453125,6865.4765625,13922.14296875,0,5181.96459350586,0,0,641123.5,8284.451171875
"NGA",3,1,"LSMS-ISA2015",2015,5,32,3213,128,0,320186,7,0,3428.57153320313,0,0,0,869.047642299107,0,0,0,1189.45581054688,0,0,3476.19056919643,0,3724.48967633929,869.047642299107,5214.28564453125,0,0,50798.83984375,0,0,0,0,2154.36872465118,0,0,0,2585.24259025045,0,0,8617.47489860472,5170.48518050089,6893.98008486225,3877.86374586674,861.747510607782,2843.76680950926,2154.36872465118,0,5342.83460535545,0,0,1982.0192701355,0,0,0,0,39163.5809548591,8050.02925248741,0,0,0,0,0,0,0,0,0,0,0,0,0,0,0,0,0,159267.6875,8284.451171875
"NGA",3,1,"LSMS-ISA2015",2015,5,32,3216,1184,0,320187,9,0,0,0,0,0,1351.85188802083,0,0,2444.44444444444,2650.79370117188,675.925964355469,0,0,0,5793.65060763889,0,14870.3701171875,200,0,6974.7978515625,0,0,0,0,6083.33333333333,0,0,0,1158.73014322917,0,0,0,16801.5876736111,4345.23828125,2317.46028645833,0,1158.73014322917,0,0,1158.73014322917,0,30126.9840494792,289.682535807292,0,0,7644.40017361111,0,16139.8767361111,1762.57541232639,0,5894.40972222222,19398.5225694444,0,0,724.206325954861,0,0,9271.30186631945,3425.81081814236,0,395.899495442708,0,0,2514.03081597222,0,1189.62963867188,166762.96875,7421.48779296875
"NGA",3,1,"LSMS-ISA2015",2015,5,32,3216,1184,0,320188,7,0,0,0,5214.28571428571,0,2259.52385602679,0,0,12571.4285714286,2995.91821289063,0,0,0,0,2979.591796875,0,20857.142578125,6000,0,6253.86962890625,0,0,0,0,10150.2882507203,0,0,0,7660.59481400384,9575.74346518896,0,10533.3178954132,6703.02045353406,10054.5308895645,8235.13956465797,3830.29744187915,10054.5307500555,1915.14872093958,0,4787.87187210341,0,5745.44630232766,4213.32733530959,0,0,0,0,6668.99541947531,2718.11464429307,0,9742.27810967951,15649.2475794293,0,0,0,0,1915.14872093958,1863.85025074808,0,0,0,0,0,0,0,0,191148.671875,7421.48779296875
"NGA",3,1,"LSMS-ISA2015",2015,5,32,3216,1184,0,320189,6,0,8690.4755859375,8111.111328125,0,0,1013.88891601563,0,0,9000,9300.7939453125,0,0,6083.33333333333,0,14773.8098958333,0,28388.888671875,1666.66662597656,0,17377.240234375,0,0,0,0,20857.1432291667,8690.47591145833,0,0,6083.33333333333,0,17380.9518229167,0,15642.857421875,0,5648.80940755208,0,9385.71419270833,6083.33333333333,173.809529622396,1738.09521484375,0,53446.4300130208,6952.3809000651,0,0,0,0,0,4059.11165364583,0,0,5680.99609375,0,0,0,5931.25,0,8255.95231119792,1122.51985677083,2401.91276041667,0,4345.23795572917,0,0,0,0,288286.5,7421.48779296875
"NGA",3,1,"LSMS-ISA2015",2015,5,32,3207,1464,0,320190,2,0,0,0,0,0,3041.66674804688,0,0,12000,1760.71435546875,0,0,0,0,13035.7138671875,0,0,8000,0,2944.27514648438,0,0,0,0,14600,26071.427734375,13035.7138671875,0,6517.85693359375,0,0,0,13035.7138671875,6778.57153320313,10428.5711669922,2607.14282226563,9124.99987792969,5214.28564453125,0,9907.14306640625,0,6517.85693359375,22421.4279785156,0,0,0,0,0,4887.41259765625,0,0,17042.98828125,0,0,127850.2734375,0,1738.09521484375,16079.7707519531,0,0,0,0,0,0,0,0,354641.625,5177.7822265625
"NGA",3,1,"LSMS-ISA2015",2015,5,32,3213,128,0,320191,4,0,1500,0,0,0,3041.66674804688,0,0,1900,780.357177734375,0,0,0,0,2607.14282226563,0,4866.66650390625,1250,0,15327.1435546875,0,0,0,0,7036.58510072837,8795.73118726426,0,0,5863.82062874909,10261.6862223812,0,0,13193.5964146855,2198.93279681607,6596.79814630757,1465.95515718727,14659.5515718727,7329.77566386605,0,2198.93279681607,0,11727.6413795685,7916.15797754208,0,0,0,0,0,6847.12275236845,0,0,0,0,0,0,0,0,0,1465.95515718727,0,0,0,0,0,0,912.5,139743.71875,8284.451171875
"NGA",3,1,"LSMS-ISA2015",2015,5,32,3212,314,0,320192,6,0,4000,0,0,0,1013.88891601563,0,0,1066.66666666667,1250.79357910156,0,0,2027.77783203125,0,0,0,3041.66674804688,0,0,4749.1826171875,0,0,0,0,2897.79026112488,5795.58052224976,5795.58052224976,0,4346.68559208908,0,0,0,13040.0558556387,11591.1610444995,7968.92305838177,1448.89513056244,2897.79026112488,3622.237785716,0,4636.46456184518,0,13040.0564944853,2752.90089679277,0,0,0,0,0,0,0,0,0,0,0,0,0,0,0,0,0,0,0,0,0,0,0,96984.0859375,3624.44750976563
"NGA",3,1,"LSMS-ISA2015",2015,5,32,3212,314,0,320193,6,0,3000,0,0,0,1013.88891601563,0,0,666.666666666667,695.238098144531,0,0,0,0,0,0,4055.5556640625,666.666687011719,0,2643.79711914063,0,0,0,0,2328.6636955142,0,0,0,2794.39656224778,0,0,0,0,0,1862.93099154104,0,2142.37067089108,1862.93099154104,0,2421.81035024113,0,6520.25853244189,1769.78451991958,0,0,0,0,56442.7131094068,8701.30108440813,0,0,0,0,0,15942.3907634635,0,0,0,465.73274788526,0,0,0,0,0,0,0,115997.09375,3624.44750976563
"NGA",3,1,"LSMS-ISA2015",2015,5,32,3212,314,0,320194,2,1216.66662597656,1200,0,0,0,9125,0,0,500,3420.23803710938,0,0,3650,0,0,0,9733.3330078125,0,0,56779.703125,0,0,0,0,9698.74412126116,0,0,0,0,18858.6699845401,0,0,5388.19135439984,0,8082.28701185826,0,4041.14363787019,8082.28727574038,0,0,0,10776.3827087997,12123.4305473996,0,0,0,0,20007.422117642,12583.4707450918,0,0,0,0,0,209310.521340401,0,0,8082.28727574038,1347.04783859996,0,0,0,0,0,0,0,414006.875,3624.44750976563
"NGA",3,1,"LSMS-ISA2015",2015,5,32,3212,314,0,320195,5,0,1200,0,0,0,2433.3333984375,0,0,0,1320.95239257813,0,0,0,0,5214.285546875,0,0,0,0,5752.44970703125,0,0,0,0,38598.6789843705,0,77197.3579687409,0,0,46318.4158134188,0,57898.022702238,0,37440.7199579556,7719.73573414302,0,27791.0493122701,30878.9429365721,0,32808.8773391467,0,0,17755.3928753467,0,0,0,0,0,0,0,0,0,0,0,0,0,0,0,0,0,0,0,0,0,0,0,390328.1875,3624.44750976563
"NGA",3,1,"LSMS-ISA2015",2015,5,32,3207,1464,0,320196,3,0,0,0,0,0,6083.33333333333,0,0,17666.6666666667,5294.04736328125,0,0,12166.6666666667,0,60833.3333333333,0,24333.333984375,0,0,11317.2900390625,0,0,0,0,0,0,48666.6666666667,12166.6666666667,12166.6666666667,19119.0475260417,0,4345.23795572917,43452.3802083333,16511.9049479167,13904.76171875,7821.4287109375,26071.4285481771,0,5214.28580729167,20857.142578125,0,69523.8072916667,46928.5716145833,0,0,0,8792.25846354167,24209.8151041667,0,0,0,0,0,0,50187.5,0,0,0,0,4803.82552083333,0,0,0,0,0,0,572438.0625,5177.7822265625
"NGA",3,1,"LSMS-ISA2015",2015,5,32,3207,1464,0,320197,5,0,0,0,0,0,1216.66669921875,0,0,4000,144.285720825195,0,0,0,0,0,0,12166.6669921875,1000,0,1539.41552734375,0,0,0,0,5768.14154678421,13843.5403671186,0,0,6633.36281972912,6921.7699882468,0,0,11536.2830935684,3114.79660213293,5768.14154678421,0,10844.1063584156,3460.88509177965,0,4845.23919685088,0,12113.0976747444,576.814162579265,0,0,0,0,0,2854.02848973266,0,0,0,0,0,5768.14154678421,0,0,10216.1978725171,0,0,0,0,0,0,0,0,124331.578125,5177.7822265625
"NGA",3,1,"LSMS-ISA2015",2015,5,32,3207,1464,0,320198,4,0,0,0,0,0,1216.66662597656,0,0,11500,6127.6787109375,0,0,24333.333984375,0,19553.572265625,0,48666.66796875,0,0,2934.12963867188,0,0,0,0,17681.4546717876,45466.5968687551,22733.2984343775,0,8588.13499370412,0,0,0,55570.2853704975,9093.31941500335,18944.4152272847,5051.84400673059,7325.17399202148,6062.21311240914,0,3536.29085543349,0,13892.571586765,42688.0835187021,0,0,0,0,0,0,0,0,24768.0679537483,0,0,0,0,0,2555.99268265146,7907.23407260125,0,0,0,0,0,0,0,406197,5177.7822265625
"NGA",3,1,"LSMS-ISA2015",2015,5,32,3207,0,0,320199,3,4866.66650390625,0,0,0,0,0,0,0,20000,12172.22265625,0,0,0,0,59095.2395833333,0,40555.5546875,0,0,16000,0,0,0,0,0,0,0,0,8690.47591145833,10428.5712890625,0,13904.76171875,26071.4296875,0,0,17380.9526367188,6952.38102213542,0,0,5214.28580729167,0,53880.953125,0,0,0,0,6292.56901041667,13834.1809895833,4870.9345703125,0,0,0,0,0,28678.5729166667,4345.23828125,5422.85709635417,0,3501.0205078125,3167.95703125,485.501383463542,7242.06315104167,0,1554.35380045573,0,0,374608.75,5177.7822265625
"NGA",3,1,"LSMS-ISA2015",2015,5,32,3207,1464,0,320200,5,0,0,0,0,0,7300,0,0,4200,1772.85705566406,0,0,0,0,31285.715625,0,14600,1200,0,7198.58984375,0,0,0,0,0,7300,14600,0,3650,0,0,0,10428.57109375,1042.85712890625,2607.1427734375,2085.7142578125,10428.5712890625,3650,0,0,7300,7821.42890625,12514.2859375,0,0,0,5275.355078125,0,0,0,7073.2921875,0,0,3910.714453125,77896.03359375,6100.714453125,0,5591.2578125,4995.62202148438,0,0,7821.42890625,0,10600.6425170898,0,0,280250.8125,5177.7822265625
"NGA",3,1,"LSMS-ISA2015",2015,5,32,3207,1464,0,320202,3,0,0,0,0,0,6083.33333333333,0,0,9666.66666666667,2630.95239257813,0,0,0,0,52142.859375,0,20277.779296875,2000,0,7199.740234375,0,0,0,0,0,0,0,0,4345.23795572917,0,0,0,24333.3333333333,0,0,0,2607.14290364583,3128.5712890625,0,0,0,55619.046875,869.047607421875,0,0,0,2896.82552083333,12166.6666666667,6384.439453125,0,0,19583.2682291667,0,0,50638.7395833333,0,3910.71419270833,3517.57389322917,2369.88114420573,0,0,0,0,5028.0615234375,0,0,297399.90625,5177.7822265625
"NGA",3,1,"LSMS-ISA2015",2015,5,32,3207,1464,0,320203,7,0,0,0,0,0,5214.28571428571,0,0,4285.71428571429,3396.93896484375,0,0,0,0,16387.7555803571,0,13035.7138671875,0,0,5391.47021484375,0,0,0,0,7821.42857142857,0,0,0,9683.67327008929,0,0,0,0,0,4096.93875558036,2234.69391741071,8938.775390625,2681.63253348214,0,1489.7958984375,0,46928.5731026786,0,0,0,0,0,5214.28571428571,5472.37667410714,0,0,8392.82924107143,7076.53069196429,2793.36746651786,0,0,0,0,2032.95068359375,0,0,0,0,6120.94359479632,0,2085.71435546875,170776.390625,5177.7822265625
"NGA",3,1,"LSMS-ISA2015",2015,5,32,3207,1464,0,320204,2,0,0,0,0,0,12166.6669921875,0,0,23200,21100,0,0,12166.6669921875,0,91250,0,47450,3000,0,8540.115234375,0,0,0,0,7821.4287109375,0,18250,0,20857.1430664063,0,0,11732.142578125,39107.14453125,12775,18249.9995117188,9125,13035.7143554688,0,0,18249.9997558594,0,195535.713867188,23464.2861328125,0,0,0,0,0,0,0,0,0,0,0,15542.5830078125,0,0,0,8457.31713867188,4751.935546875,1068.92858886719,0,0,286.785705566406,0,6570,643754.5625,5177.7822265625
"NGA",3,1,"LSMS-ISA2015",2015,5,32,3212,314,0,320205,3,0,2000,0,0,0,4055.5556640625,0,0,0,579.365051269531,0,0,0,0,10428.5716145833,0,4055.5556640625,0,0,8910.2275390625,0,0,0,0,37832.7482980002,0,18916.3741490001,0,9458.18715588027,26482.9249608092,0,30266.1994065396,15133.0997032698,30266.1994065396,18916.374474521,9458.18715588027,13998.1168292759,30266.1994065396,0,52965.8499216184,0,0,21186.3403038889,0,0,0,0,0,0,0,0,0,0,0,0,0,0,0,0,0,0,0,0,0,0,0,345176.09375,3624.44750976563
"NGA",3,1,"LSMS-ISA2015",2015,5,32,3212,314,0,320206,3,405.555541992188,400,0,0,0,0,0,0,2733.33333333333,2558.73022460938,0,0,4866.66666666667,0,13904.76171875,0,3244.4443359375,0,0,6120.54052734375,0,0,0,0,6257.142578125,0,0,0,3476.1904296875,0,0,0,20857.1432291667,0,3476.1904296875,0,2607.14290364583,6257.142578125,0,0,0,8690.47607421875,869.047607421875,0,0,3405.5537109375,0,8605.18880208333,8118.22330729167,0,0,19583.2682291667,0,0,0,0,0,7514.51595052083,551.103352864583,0,0,0,0,7169.642578125,0,0,141672,3624.44750976563
"NGA",3,1,"LSMS-ISA2015",2015,5,32,3212,314,0,320207,5,0,2400,0,0,0,7300,0,0,4000,347.619049072266,0,0,0,0,20857.1421875,0,6083.3330078125,0,0,2827.36572265625,0,0,0,0,6441.37600390296,0,42942.5046119755,0,4294.25053922421,0,0,34354.0024622586,21471.2523059878,0,10735.6263483064,0,14171.0268089826,0,1073.56263480605,3650.11321187805,0,8588.50117610467,9662.06356738473,0,0,0,0,0,0,0,0,0,0,0,0,0,0,0,0,0,0,0,0,45986.2599740611,0,1460,248645.984375,3624.44750976563
"NGA",3,1,"LSMS-ISA2015",2015,5,32,3212,314,0,320208,7,0,15642.857421875,0,0,0,1042.85714285714,0,0,885.714285714286,1360.88439941406,0,0,6952.38113839286,0,0,0,8690.4755859375,0,0,1135.08227539063,0,0,0,0,1876.51485734465,0,0,0,0,0,0,107229.413746774,32168.8256320533,0,10722.94156318,0,10722.94156318,32168.8256320533,0,0,0,0,2680.73539079501,0,0,0,0,0,50084.2715711495,0,0,0,0,0,0,0,0,0,2680.73539079501,0,0,0,0,0,0,0,286045.40625,3624.44750976563
"NGA",3,1,"LSMS-ISA2015",2015,5,32,3212,314,0,320209,11,0,545.454528808594,0,0,0,553.030317826705,0,0,472.727272727273,646.3203125,0,0,1106.06063565341,0,0,0,3318.18188476563,0,0,3829.99389648438,0,0,0,0,6039.48384289113,0,4831.58724213849,0,1811.84526019114,0,0,0,5435.53554251481,0,2717.76777125741,0,1268.29166437811,1509.87096072278,0,1570.26588920637,0,5133.56149721764,1389.0813387732,0,0,0,0,0,0,0,0,0,0,6039.48384289113,0,0,1.20789685271471,0,0,0,0,0,0,0,0,0,48219.75,3624.44750976563
"NGA",3,1,"LSMS-ISA2015",2015,5,32,3212,314,0,320210,6,0,18250,0,0,0,304.166666666667,0,0,1333.33333333333,492.460296630859,0,0,0,0,0,0,8111.111328125,0,0,1345.34765625,0,0,0,0,22926.6104508775,0,0,0,0,0,0,21834.867374768,70963.3202365078,0,10917.433687384,0,8188.07543626653,13100.9212054311,0,0,0,0,19105.5092050307,0,0,0,0,0,50992.6978197213,0,0,0,0,0,0,0,0,0,0,0,0,0,0,0,0,0,247865.859375,3624.44750976563
"NGA",3,1,"LSMS-ISA2015",2015,3,33,3321,1182,1,330001,3,0,12000,0,6083.33333333333,0,81.1111094156901,0,0,4466.66666666667,507.142852783203,0,0,0,0,0,0,5677.77783203125,400,0,5115.71240234375,0,20857.1432291667,6952.380859375,0,20857.1432291667,0,0,0,0,0,0,13904.76171875,0,2607.14290364583,9733.33333333333,0,12514.2856445313,6952.380859375,0,0,0,31807.142578125,0,0,0,0,0,0,0,0,0,0,0,0,0,0,0,0,0,0,0,0,0,34.7619043986003,0,1622.22216796875,162174.4375,13036.109375
"NGA",3,1,"LSMS-ISA2015",2015,3,33,3321,1182,1,330002,10,0,2400,0,3650,0,0,0,0,4920,660.452331542969,0,0,0,0,18250,0,1216.66674804688,400,0,1272.09680175781,0,5214.285546875,4692.85703125,0,9177.14296875,0,0,0,0,0,0,4171.428515625,0,0,4380,0,3128.57138671875,2190,1303.57138671875,521.428564453125,0,7039.28564453125,1825,0,0,0,0,0,0,0,0,0,0,0,0,0,0,0,0,0,0,0,0,0,0,730,77142.78125,13036.109375
"NGA",3,1,"LSMS-ISA2015",2015,3,33,3321,1182,1,330003,12,3041.66674804688,5000,0,3041.66666666667,0,1013.88891601563,0,0,31583.3333333333,5783.73046875,152.08332824707,0,20277.77734375,0,0,202.777770996094,41569.44140625,3013.88891601563,0,18887.052734375,0,0,26071.4296875,0,95595.2369791667,15208.3333333333,0,0,15208.3333333333,0,19553.5716145833,30416.6666666667,0,1303.57145182292,3650,3041.66658528646,11949.4048665365,15208.3333333333,2172.61897786458,4649.40490722656,0,53880.9527994792,217.261901855469,0,0,0,0,0,0,0,0,0,0,0,0,0,0,0,0,0,0,0,0,0,0,506.944458007813,432201.03125,13036.109375
"NGA",3,1,"LSMS-ISA2015",2015,3,33,3321,1182,1,330004,18,0,5333.33349609375,0,2703.70377604167,3041.66666666667,0,0,0,18555.5555555556,1942.85717773438,0,0,10814.8151041667,0,0,0,2365.74096679688,888.888916015625,0,3490.8828125,0,2607.14279513889,3650,2607.14279513889,42583.3333333333,0,0,0,0,0,0,20277.7777777778,0,0,17380.953125,2896.82530381944,5793.65079752604,0,1593.25401475694,0,0,8125.59548611111,840.079345703125,0,0,0,0,0,0,0,0,0,0,0,0,0,0,0,0,0,0,0,0,0,0,1351.85192871094,158845.046875,13036.109375
"NGA",3,1,"LSMS-ISA2015",2015,3,33,3321,1182,1,330005,8,0,3000,0,0,0,0,0,0,7200,1327.67858886719,0,0,1520.83337402344,0,0,0,5322.9169921875,625,0,2671.53125,0,2867.85717773438,2867.85717773438,0,11601.7861328125,10428.5712890625,0,0,3258.92846679688,0,0,5866.0712890625,0,0,1303.57141113281,3258.92852783203,6517.85705566406,1303.57141113281,4236.60693359375,912.5,0,37151.7856445313,325.892852783203,0,0,0,0,0,0,0,0,0,0,0,0,0,0,0,0,0,0,0,0,0,0,532.291687011719,114102.0390625,13036.109375
"NGA",3,1,"LSMS-ISA2015",2015,3,33,3321,1182,1,330006,14,0,2571.42846679688,0,869.047642299107,0,86.9047589983259,0,0,5171.42857142857,404.506805419922,0,0,347.619035993304,0,3724.48967633929,0,1042.85717773438,689.285705566406,0,2607.53149414063,0,2234.69391741071,0,4022.44893973214,7448.97935267857,0,0,0,2607.14285714286,0,0,5959.18359375,0,1117.34695870536,3947.95912388393,0,3910.71421595982,1303.57142857143,1117.34695870536,0,0,7262.75505719866,1229.08165631975,0,3724.48995535714,0,0,0,0,0,0,0,0,0,0,0,446.938790457589,0,0,0,0,0,0,0,0,173.809524536133,64021.55859375,13036.109375
"NGA",3,1,"LSMS-ISA2015",2015,3,33,3321,1182,1,330007,4,0,6000,0,4562.5,0,456.25,0,0,6350,516.190490722656,0,0,0,0,10428.5712890625,0,4562.5,1250,0,3535.39013671875,0,5214.28564453125,5214.28564453125,0,26071.427734375,0,0,0,4692.85693359375,0,0,10428.5712890625,0,3910.71435546875,5475,0,10428.5714111328,0,3258.92846679688,0,0,11732.1429443359,1825,0,0,0,0,0,0,0,0,0,0,0,0,0,0,0,0,0,0,0,0,0,0,608.333312988281,126521.5234375,13036.109375
"NGA",3,1,"LSMS-ISA2015",2015,3,33,3321,1182,1,330008,7,0,5142.85693359375,0,695.238071986607,0,0,0,0,7885.71428571429,1344.96594238281,0,0,43452.3794642857,0,0,0,9559.5244140625,285.714294433594,0,4474.31787109375,0,0,0,0,16387.7555803571,10428.5714285714,0,0,0,1489.7958984375,0,6704.08147321429,0,4841.83663504464,2979.591796875,1489.7958984375,6704.08154296875,3724.48967633929,4096.93889508929,5065.30636160714,0,23464.2864118304,372.448974609375,5363.26506696429,5959.18359375,0,0,0,0,0,0,0,0,0,0,0,0,0,0,0,0,0,0,0,0,0,171912.140625,13036.109375
"NGA",3,1,"LSMS-ISA2015",2015,3,33,3321,1182,1,330009,12,0,3000,0,304.166666666667,0,0,202.777770996094,0,8333.33333333333,5633.82958984375,0,0,20277.77734375,0,0,0,11659.7216796875,333.333343505859,0,3736.62963867188,0,0,0,0,10950,6517.857421875,0,0,2172.61897786458,1738.09521484375,0,8690.47591145833,0,4779.76188151042,1738.09521484375,5214.28564453125,5214.28572591146,1520.83333333333,7169.642578125,4953.57153320313,0,6083.33321126302,217.261901855469,3128.5712890625,4345.23828125,0,0,0,0,0,0,0,0,0,0,0,0,0,0,0,0,0,0,0,0,0,127915.5,13036.109375
"NGA",3,1,"LSMS-ISA2015",2015,3,33,3321,1182,1,330010,8,0,4500,0,4562.5,0,304.166656494141,0,0,10750,680.357177734375,0,0,2281.25,0,0,0,7604.16650390625,3041.66674804688,0,2869.94482421875,0,11732.142578125,11732.142578125,0,52142.85546875,0,0,0,4888.39306640625,0,0,19553.572265625,0,1955.35717773438,2737.5,0,9450.89312744141,2281.25,977.678588867188,1303.57141113281,0,45625,325.892852783203,0,0,0,0,0,0,0,0,0,0,0,0,0,0,0,0,0,0,0,0,0,0,1064.58337402344,202364.875,13036.109375
"NGA",3,1,"LSMS-ISA2015",2015,3,33,3311,702,1,330011,4,0,3000,0,2433.33325195313,0,0,0,0,4900,365.178588867188,0,0,0,0,0,0,22812.5,600,0,4412.28955078125,0,7430.35693359375,0,0,10428.5712890625,0,3910.71435546875,0,0,0,0,10428.5712890625,0,0,5214.28564453125,0,9776.78564453125,0,0,0,0,0,912.5,0,10428.5712890625,0,0,0,0,0,0,0,0,0,0,0,0,0,475.62744140625,4953.5712890625,0,0,0,0,0,0,102482.859375,8950.1650390625
"NGA",3,1,"LSMS-ISA2015",2015,3,33,3311,702,1,330012,8,0,3000,0,1216.66662597656,0,380.208343505859,0,0,3675,1327.67846679688,0,0,1520.83337402344,0,3258.92846679688,0,1977.08325195313,1250,0,1590.12097167969,0,2346.42846679688,0,3519.64282226563,17598.21484375,0,0,0,4432.14294433594,0,0,5214.28564453125,1955.35717773438,977.678588867188,2737.5,0,2281.25,0,3910.71435546875,456.25,0,13687.4996948242,325.892852783203,0,3910.71435546875,0,0,0,0,0,0,0,0,0,0,0,651.785705566406,0,0,0,0,0,0,0,0,547.5,83749.3828125,8950.1650390625
"NGA",3,1,"LSMS-ISA2015",2015,3,33,3311,702,1,330013,3,0,4000,0,3244.4443359375,0,1216.66666666667,0,0,9333.33333333333,507.142852783203,0,0,0,0,5214.28580729167,0,7300,1000,0,4251.48583984375,0,6257.142578125,0,0,13904.76171875,0,0,0,0,0,0,0,0,2607.14290364583,6430.95247395833,0,4345.23811848958,0,1216.66666666667,0,0,30416.6665039063,347.619059244792,0,6952.380859375,0,0,0,0,0,0,0,0,0,0,0,0,0,0,0,0,0,0,0,0,811.111083984375,109357.0390625,8950.1650390625
"NGA",3,1,"LSMS-ISA2015",2015,3,33,3311,702,1,330014,15,0,1600,0,2433.33333333333,0,0,0,0,5093.33333333333,516.746032714844,0,0,4866.66666666667,0,0,0,7300,400,1738.09518229167,1166.77734375,0,3754.28567708333,3650,0,13904.7614583333,0,0,0,4866.66666666667,0,9385.71458333333,9038.09479166667,0,1042.85716145833,3406.66666666667,0,10602.3809244792,1216.66666666667,1042.85716145833,1042.85716145833,0,6987.1427734375,1008.09521484375,0,0,0,0,0,0,0,0,0,0,0,0,0,0,0,0,0,0,0,0,602.5396484375,0,1216.66662597656,97883.1953125,8950.1650390625
"NGA",3,1,"LSMS-ISA2015",2015,3,33,3311,702,1,330015,7,0,1714.28576660156,0,3476.19056919643,0,0,0,0,4571.42857142857,289.966003417969,0,0,4345.23800223214,0,0,0,10428.5712890625,200,0,2521.30834960938,0,18771.4285714286,10130.6127232143,0,5363.26506696429,0,2979.591796875,0,0,0,0,7448.97935267857,0,2234.69391741071,2979.591796875,0,5363.26531110491,0,0,0,0,3724.48967633929,521.428571428571,0,0,0,0,0,0,0,0,0,0,0,0,0,0,0,1284.7236328125,2830.61216517857,0,0,0,0,0,347.619049072266,91527.2890625,8950.1650390625
"NGA",3,1,"LSMS-ISA2015",2015,3,33,3311,702,1,330016,11,0,2181.81811523438,0,663.636363636364,0,0,0,0,3181.81818181818,522.402587890625,0,0,1106.06063565341,0,1659.09090909091,0,1990.90905761719,1818.18176269531,0,1716.55541992188,0,1706.49343039773,0,3412.98686079545,8058.44140625,0,0,0,0,0,0,7584.41548295455,0,1422.07794744318,2464.93510298295,0,2464.93510298295,0,2844.15589488636,0,0,9243.50643643466,237.01298384233,1706.49343039773,2844.15589488636,0,0,0,0,0,0,0,0,0,0,0,355.519486860795,0,0,0,0,0,0,165.909090909091,0,442.424224853516,59793.9375,8950.1650390625
"NGA",3,1,"LSMS-ISA2015",2015,3,33,3311,702,1,330017,6,0,2000,0,6083.33333333333,0,0,0,0,5933.33333333333,415.793670654297,0,0,0,0,0,0,0,1066.66662597656,0,4279.18505859375,0,10706.1514168613,7982.65717862469,0,7513.08879899148,0,8452.22480466648,0,2253.92674077202,0,0,7513.08879899148,0,1408.70419691037,1878.27219974787,469.568049936967,2160.01304661728,3286.97639665823,0,0,0,3756.54439949574,657.395277622485,0,0,0,0,0,0,0,0,0,0,0,0,0,0,0,3437.30843073666,0,0,0,0,0,0,0,81254.2421875,8950.1650390625
"NGA",3,1,"LSMS-ISA2015",2015,3,33,3311,702,1,330018,9,0,1333.33337402344,0,1081.4814453125,0,0,0,0,3711.11111111111,426.455017089844,0,0,0,0,0,0,1351.85192871094,666.666687011719,0,1961.017578125,0,4171.42838541667,0,0,8690.4765625,0,0,0,1738.09526909722,0,0,4634.92057291667,0,1738.09526909722,3707.9365234375,0,2723.01584201389,0,3476.19053819444,0,0,12746.0317925347,1170.31746419271,0,3476.19053819444,0,0,0,0,0,0,0,0,0,0,0,579.365017361111,0,0,0,0,0,0,173.809529622396,0,540.74072265625,60098.5234375,8950.1650390625
"NGA",3,1,"LSMS-ISA2015",2015,3,33,3311,702,1,330019,9,0,1333.33337402344,0,4055.55555555556,0,0,0,0,3755.55555555556,371.825378417969,0,0,0,0,0,0,5407.40771484375,411.111114501953,0,1359.34851074219,0,0,0,0,9269.84114583333,0,1738.09526909722,0,3476.19053819444,0,0,4634.92057291667,0,869.047634548611,2317.46028645833,0,3012.69843207465,2027.77777777778,0,0,0,2317.46028645833,695.238091362847,7300,6952.38107638889,0,0,0,0,0,0,0,0,0,0,0,0,0,0,0,0,0,0,0,0,405.555541992188,61710.796875,8950.1650390625
"NGA",3,1,"LSMS-ISA2015",2015,3,33,3311,702,1,330020,5,0,2400,0,1460,0,0,0,0,5720,769.285766601563,0,0,0,0,2085.7142578125,0,0,2000,0,2835.84765625,0,3754.285546875,0,3754.285546875,12514.2859375,0,4692.85703125,0,2607.1427734375,0,0,8342.85703125,0,1564.2857421875,3962.8572265625,0,4588.571484375,0,1251.42861328125,1564.2857421875,0,14599.9998046875,2815.71420898438,0,8342.85703125,0,0,0,0,0,0,0,0,0,0,0,0,0,0,0,0,0,0,0,0,608.333374023438,92234.8984375,8950.1650390625
"NGA",3,1,"LSMS-ISA2015",2015,3,33,3310,476,0,330021,11,0,0,0,0,0,0,0,0,4218.18181818182,211.038970947266,0,0,0,0,0,0,995.454528808594,909.090881347656,0,1678.87805175781,0,3412.98686079545,0,2275.32475142045,0,0,0,0,0,0,0,3792.20774147727,0,1422.07794744318,2938.96102627841,0,2559.740234375,0,0,0,0,6873.37659801136,94.8051979758523,0,4740.25994318182,0,0,0,0,0,0,0,0,0,0,0,0,0,0,0,0,0,0,0,0,331.818176269531,36454.19921875,4864.2197265625
"NGA",3,1,"LSMS-ISA2015",2015,3,33,3310,476,0,330022,4,0,0,0,0,0,0,0,0,3800,230.357147216797,0,0,0,0,0,0,0,750,0,1843.52172851563,0,7039.28564453125,0,0,9125,0,0,0,0,0,0,10428.5712890625,0,1955.35717773438,2867.85717773438,0,4692.85717773438,0,3910.71435546875,0,0,10428.5714111328,260.714294433594,0,13035.71484375,0,0,0,0,0,0,0,0,0,0,0,1303.5712890625,0,0,0,0,0,0,0,0,456.25,72128.34375,4864.2197265625
"NGA",3,1,"LSMS-ISA2015",2015,3,33,3310,476,0,330023,4,0,0,0,0,0,0,0,0,2500,180.357147216797,0,0,0,0,0,0,0,500,0,1649.05407714844,0,9385.7138671875,5475,4171.4287109375,0,0,0,0,0,0,0,0,0,2346.42846679688,1303.57141113281,0,3910.71423339844,0,0,0,0,7821.42858886719,130.357147216797,0,0,0,0,0,0,0,0,0,0,0,0,0,0,0,0,0,0,0,0,0,0,608.333312988281,39982.3828125,4864.2197265625
"NGA",3,1,"LSMS-ISA2015",2015,3,33,3310,476,0,330024,9,0,0,0,0,0,0,0,0,2166.66666666667,169.047622680664,0,0,0,0,579.365071614583,0,0,666.666687011719,0,2051.9619140625,0,4055.55555555556,0,3476.19053819444,0,0,0,0,0,0,0,0,0,463.492078993056,1969.84130859375,0,869.047634548611,0,0,0,0,8690.47591145833,57.9365098741319,0,4634.92057291667,0,0,0,0,0,0,0,0,0,0,0,0,0,579.365071614583,0,0,0,0,0,0,0,30430.53125,4864.2197265625
"NGA",3,1,"LSMS-ISA2015",2015,3,33,3310,476,0,330025,5,0,0,0,486.666650390625,0,0,0,0,3800,264.285705566406,0,0,0,0,0,0,0,240,0,4598.42822265625,0,0,0,0,4171.428515625,0,0,0,0,0,0,10428.57109375,0,1564.2857421875,3337.14287109375,0,5422.85717773438,3128.571484375,0,0,0,0,834.285717773437,7508.57109375,6257.14296875,0,0,0,0,0,0,0,0,0,0,0,0,0,0,0,0,0,0,0,0,486.666656494141,52528.91015625,4864.2197265625
"NGA",3,1,"LSMS-ISA2015",2015,3,33,3310,476,0,330026,5,0,0,0,0,0,0,0,0,5720,505.952392578125,0,0,0,0,0,0,985.5,800,0,1151.79187011719,0,5631.428515625,0,3754.285546875,7300,0,0,0,0,0,0,8342.85703125,0,1251.42861328125,5631.42861328125,0,3858.571484375,3545.714453125,0,0,0,15642.8567382813,208.571435546875,0,8342.85703125,0,0,0,0,0,0,0,0,0,0,0,0,0,1042.85712890625,0,0,0,0,0,0,730,74446.09375,4864.2197265625
"NGA",3,1,"LSMS-ISA2015",2015,3,33,3310,476,0,330027,6,0,0,0,4055.5556640625,0,0,0,0,3400,177.460327148438,0,0,0,0,0,0,5069.44482421875,700,0,1378.28820800781,0,0,0,0,3446.611328125,0,0,0,0,0,0,8690.47591145833,0,1303.57145182292,1738.09521484375,0,6778.57139078776,1738.09521484375,0,0,0,8690.47591145833,695.238118489583,9385.71419270833,8690.4765625,0,0,0,0,0,0,0,0,0,0,0,0,0,0,0,0,0,0,0,0,0,65938.078125,4864.2197265625
"NGA",3,1,"LSMS-ISA2015",2015,3,33,3310,476,0,330028,9,0,0,0,0,0,0,0,0,2577.77777777778,102.380950927734,0,0,0,0,0,0,3650,444.444458007813,0,819.343017578125,0,4566.82352387423,4566.82352387423,0,0,0,0,0,0,0,0,5074.24849860797,0,0,2537.12424930398,0,3425.11781233534,0,0,0,0,0,507.424872896035,0,0,0,0,0,0,0,0,0,0,0,0,0,0,0,0,0,0,0,0,0,0,0,28271.509765625,4864.2197265625
"NGA",3,1,"LSMS-ISA2015",2015,3,33,3310,476,0,330029,4,0,0,0,3041.66674804688,0,0,0,0,4575,290.178588867188,0,0,0,0,0,0,13079.1669921875,7000,6517.85693359375,2674.74975585938,0,2933.03564453125,5931.25,0,0,0,0,0,0,0,0,10428.5712890625,0,0,4236.60705566406,0,2998.21435546875,0,0,0,0,3258.92846679688,912.500030517578,0,0,0,0,0,0,0,0,0,0,0,0,0,0,0,0,0,0,0,0,0,0,0,67877.7265625,4864.2197265625
"NGA",3,1,"LSMS-ISA2015",2015,3,33,3310,476,0,330030,12,0,0,0,1520.83333333333,0,0,0,0,3950,193.055541992188,0,0,0,0,0,0,6083.33349609375,30,608.333333333333,973.817810058594,0,7300,7300,0,5214.28580729167,0,869.047607421875,0,434.523803710938,0,0,3476.1904296875,0,695.238118489583,24985.1179199219,0,1520.83335367839,2607.14290364583,0,0,0,782.142822265625,260.714284261068,0,0,0,0,0,0,0,0,0,0,0,0,0,0,0,0,0,0,0,0,0,0,0,68804.609375,4864.2197265625
"NGA",3,1,"LSMS-ISA2015",2015,3,33,3323,92,0,330031,11,0,1090.90905761719,0,0,0,0,0,0,2154.54545454545,192.857162475586,0,0,0,0,2370.12979403409,0,0,909.090881347656,0,1230.36840820313,0,4266.23366477273,0,2559.740234375,8295.45454545455,0,0,0,0,0,0,3792.20774147727,0,1279.8701171875,3033.76624644886,0,2701.94808682528,0,1659.09090909091,0,0,5925.32461825284,711.038984818892,0,5688.31178977273,0,0,0,0,0,0,0,0,0,0,0,0,0,0,0,379.220791903409,0,0,0,0,331.818176269531,48571.92578125,10701.2841796875
"NGA",3,1,"LSMS-ISA2015",2015,3,33,3323,92,0,330032,8,0,0,0,0,0,0,0,0,4050,183.095245361328,0,0,0,0,0,0,0,325,0,2874.017578125,0,0,0,0,10428.5712890625,0,0,0,0,0,0,0,0,0,2607.14282226563,0,5670.53561401367,0,0,0,0,1694.64288330078,521.428588867188,8212.5,7821.4287109375,0,0,0,0,0,0,0,0,0,0,0,0,0,0,2476.78564453125,0,0,0,0,0,152.08332824707,47017.23046875,10701.2841796875
"NGA",3,1,"LSMS-ISA2015",2015,3,33,3323,92,0,330033,11,0,1636.36364746094,0,0,0,0,0,0,3581.81818181818,138.31169128418,0,0,0,0,0,0,0,381.818176269531,0,2090.19458007813,0,0,0,0,7584.41548295455,0,0,0,0,0,0,7584.41548295455,0,0,1896.10387073864,0,1706.49354137074,2844.15589488636,0,0,0,3792.20774147727,1422.07788085938,7679.22017045455,6636.36434659091,0,0,0,0,0,0,0,0,0,0,0,0,0,2062.22700639205,0,0,0,0,0,0,0,51036.18359375,10701.2841796875
"NGA",3,1,"LSMS-ISA2015",2015,3,33,3323,92,0,330034,9,0,0,0,270.370361328125,0,270.370361328125,0,0,3688.88888888889,246.825408935547,0,0,0,0,0,0,675.925964355469,666.666687011719,0,1916.38537597656,0,5214.28559027778,0,4171.42838541667,8111.11111111111,0,0,0,0,0,0,4634.92057291667,0,1303.57139756944,2723.01586914063,0,2838.88894314236,0,3476.19053819444,0,0,8400.79348415799,289.682535807292,0,5793.65104166667,0,0,0,0,0,0,0,0,0,0,0,289.682535807292,0,0,0,0,0,0,231.746039496528,0,337.962982177734,55552.375,10701.2841796875
"NGA",3,1,"LSMS-ISA2015",2015,3,33,3323,92,0,330035,11,0,0,0,0,0,165.909090909091,0,0,4054.54545454545,229.978363037109,0,0,0,0,1896.10387073864,0,442.424224853516,909.090881347656,0,2278.96215820313,0,8532.46732954545,0,0,7110.38991477273,0,0,0,0,0,0,7584.41548295455,0,2133.11683238636,4455.84414950284,0,3033.76629083807,0,2844.15589488636,0,0,10191.5582830256,237.01298384233,0,7584.41548295455,0,0,0,0,0,0,0,0,0,0,0,284.415593927557,0,0,0,0,0,0,0,0,387.121215820313,64355.69140625,10701.2841796875
"NGA",3,1,"LSMS-ISA2015",2015,3,33,3323,92,0,330036,11,0,0,0,0,0,0,0,0,2472.72727272727,172.727279663086,0,0,0,0,1896.10387073864,0,442.424224853516,909.090881347656,0,865.990234375,0,3412.98686079545,0,3412.98686079545,3318.18181818182,0,0,0,0,0,0,7584.41548295455,0,1422.07794744318,3507.79228071733,0,2559.74032315341,0,2844.15589488636,0,0,6162.33762428977,237.01298384233,0,6636.36434659091,0,0,0,0,0,0,0,0,0,0,0,189.610395951705,0,0,0,474.025967684659,0,0,189.610395951705,0,442.424224853516,49152.79296875,10701.2841796875
"NGA",3,1,"LSMS-ISA2015",2015,3,33,3323,92,0,330037,7,0,2571.42846679688,0,3476.19056919643,0,0,0,0,4428.57142857143,203.061233520508,0,0,0,0,0,0,3476.19067382813,428.571441650391,0,2267.05639648438,0,0,0,0,8938.77566964286,0,0,0,0,0,0,5959.18359375,0,1117.34695870536,2979.591796875,0,6853.06120954241,3724.48967633929,0,0,0,3277.55099051339,186.224496023996,9385.71428571429,8938.77566964286,0,0,0,0,0,0,0,0,0,0,0,0,0,0,0,0,0,0,0,0,173.809524536133,68385.6015625,10701.2841796875
"NGA",3,1,"LSMS-ISA2015",2015,3,33,3323,92,0,330038,7,0,2571.42846679688,0,0,0,0,0,0,3971.42857142857,303.061248779297,0,0,0,0,0,0,0,357.142852783203,0,3284.59155273438,0,0,0,0,8938.77566964286,0,0,0,0,0,0,11918.3671875,0,1191.83677455357,2979.591796875,0,6704.08164760045,3724.48967633929,0,0,0,4841.83663504464,521.428571428571,9385.71428571429,7448.97991071429,0,0,0,0,0,0,0,0,0,0,0,0,0,0,0,0,0,0,0,0,347.619049072266,68490.375,10701.2841796875
"NGA",3,1,"LSMS-ISA2015",2015,3,33,3323,92,0,330039,9,0,0,0,0,0,0,0,0,3511.11111111111,285.343902587891,0,0,0,0,4055.55555555556,0,0,888.888916015625,0,1058.43249511719,0,5214.28559027778,0,1853.96831597222,4055.55555555556,0,0,0,1274.60319010417,0,0,0,0,811.111111111111,4287.30159505208,0,3592.06353081597,0,1158.73014322917,0,0,6373.01584201389,0,0,4634.92057291667,0,0,0,0,0,0,0,0,0,0,0,231.746039496528,0,0,0,0,0,0,0,0,202.777770996094,43489.41015625,10701.2841796875
"NGA",3,1,"LSMS-ISA2015",2015,3,33,3323,92,0,330040,11,0,1636.36364746094,0,0,0,0,0,0,3381.81818181818,105.887451171875,0,0,0,0,0,0,0,381.818176269531,0,2090.19458007813,0,0,0,0,9480.51917613636,0,0,0,0,0,0,3792.20774147727,0,0,1896.10387073864,0,5214.28562233665,0,0,0,0,4740.2597212358,284.415593927557,7679.22017045455,6636.36434659091,0,0,0,0,0,0,0,0,0,0,0,0,0,1090.37455610795,7205.19460227273,0,0,0,0,0,0,55615.0234375,10701.2841796875
"NGA",3,1,"LSMS-ISA2015",2015,3,33,3318,30,0,330041,3,0,0,0,0,0,648.888875325521,0,0,933.333333333333,467.142852783203,0,0,0,0,0,0,0,400,0,3588.697265625,0,33334.5945240445,21212.9235045659,0,0,0,0,0,0,0,0,0,0,1894.01099935333,0,0,3788.02208008687,0,1515.20886672816,0,0,4356.22538181815,947.005499676665,0,0,0,0,0,0,0,0,0,0,0,0,0,2777.88287700371,0,0,0,0,0,0,0,0,405.555541992188,76269.4921875,3307.66943359375
"NGA",3,1,"LSMS-ISA2015",2015,3,33,3318,30,0,330042,4,0,0,0,0,0,365,0,0,2350,406.190490722656,0,0,0,0,0,0,5018.75,0,0,1916.4365234375,0,12946.4780182336,12946.4780182336,0,5394.36559152385,0,0,0,0,0,0,9440.13989538816,0,2022.88715983141,5664.08394987171,0,6473.23876497615,0,1348.59139788096,0,0,6742.95704649034,539.436584751336,0,0,0,0,0,0,0,0,0,0,0,0,0,0,0,0,0,0,0,0,0,0,608.333312988281,74183.3671875,3307.66943359375
"NGA",3,1,"LSMS-ISA2015",2015,3,33,3318,30,0,330043,2,0,0,0,608.333312988281,0,0,0,0,1700,330.357147216797,0,0,0,0,0,0,19466.666015625,0,0,6055.35791015625,0,0,0,0,21900,0,2607.14282226563,0,0,0,0,0,0,0,5735.71435546875,0,4432.14282226563,0,0,0,0,57357.142578125,521.428588867188,32850,36500.00390625,0,0,0,0,0,0,0,0,0,0,2933.03564453125,0,0,0,0,0,0,0,0,0,0,192997.328125,3307.66943359375
"NGA",3,1,"LSMS-ISA2015",2015,3,33,3318,30,0,330044,3,0,0,0,0,0,0,0,0,3133.33333333333,708.253967285156,0,0,0,0,0,0,0,1000,0,1774.58154296875,0,5561.90494791667,8342.857421875,0,7300,0,0,0,0,0,0,0,0,3476.1904296875,6430.95239257813,0,5735.71435546875,0,0,0,0,15642.8570963542,347.619059244792,0,0,0,0,0,0,0,0,0,0,0,0,0,521.428588867188,0,0,0,0,0,0,0,0,1460,61435.69140625,3307.66943359375
"NGA",3,1,"LSMS-ISA2015",2015,3,33,3318,30,0,330045,5,0,0,0,0,0,73,0,0,1440,120.285720825195,0,0,0,0,0,0,0,0,0,2422.14306640625,0,14349.8773200288,8199.93021678958,0,10249.9122791252,0,0,0,0,0,0,0,0,1921.85859272771,4612.4606239787,0,7687.43427325458,0,0,0,0,1409.36300390161,256.247819274675,0,0,0,0,0,0,0,0,0,0,0,0,0,0,0,0,0,0,0,0,0,0,730,53472.51171875,3307.66943359375
"NGA",3,1,"LSMS-ISA2015",2015,3,33,3318,30,0,330046,7,0,0,0,0,0,0,0,0,5800,431.632659912109,0,0,0,0,0,0,0,857.142883300781,0,683.086303710938,0,5959.18359375,0,3575.51032366071,11918.3671875,0,0,0,0,0,0,11918.3671875,0,2234.69391741071,3128.57142857143,0,7076.53055245536,0,2234.69391741071,0,0,4096.93868582589,297.959193638393,0,7448.97991071429,0,0,0,0,0,0,0,0,0,0,0,0,0,0,0,0,0,0,0,0,625.714294433594,68287.3671875,3307.66943359375
"NGA",3,1,"LSMS-ISA2015",2015,3,33,3318,30,0,330047,6,0,0,0,608.333333333333,0,0,0,0,2733.33333333333,246.904769897461,0,0,0,0,0,0,0,150,0,2989.90063476563,0,8690.47591145833,6952.380859375,0,5214.28580729167,0,4345.23795572917,0,0,0,0,0,0,1390.47623697917,3476.1904296875,0,5040.47623697917,0,0,0,0,0,173.809529622396,0,0,0,0,0,0,0,0,0,0,0,0,0,0,0,0,0,0,0,0,0,0,0,42011.8046875,3307.66943359375
"NGA",3,1,"LSMS-ISA2015",2015,3,33,3318,30,0,330048,9,0,0,0,0,0,270.370361328125,0,0,4000,211.269836425781,0,0,0,0,1738.09526909722,0,811.111083984375,1111.11108398438,0,1188.77770996094,0,4634.92057291667,3707.93663194444,4171.42838541667,6952.38107638889,0,1738.09526909722,0,0,0,0,4634.92057291667,0,2317.46028645833,3939.68256293403,0,4113.49197048611,2027.77777777778,2896.82530381944,0,0,5503.96820746528,173.809529622396,0,0,0,0,0,0,0,0,0,0,0,0,0,579.365017361111,0,0,0,0,0,0,0,0,540.74072265625,57263.53515625,3307.66943359375
"NGA",3,1,"LSMS-ISA2015",2015,3,33,3318,30,0,330049,6,0,0,0,0,0,0,0,0,4133.33333333333,270.238098144531,0,0,0,0,4345.23795572917,0,405.555541992188,1333.33337402344,0,2498.43212890625,0,6952.380859375,0,2780.95247395833,20857.1432291667,0,2607.14290364583,0,0,0,0,6952.380859375,0,869.047607421875,3476.1904296875,0,4519.04768880208,5214.28580729167,4866.66666666667,0,0,11732.1428222656,173.809529622396,0,6952.380859375,0,0,0,0,0,0,0,0,0,0,0,0,0,0,0,0,0,0,0,0,304.166656494141,91243.859375,3307.66943359375
"NGA",3,1,"LSMS-ISA2015",2015,3,33,3318,30,0,330050,9,0,0,0,405.555555555556,0,0,0,0,2777.77777777778,129.047622680664,0,0,0,0,0,0,0,177.777770996094,0,1763.26611328125,0,17380.953125,4634.92057291667,0,5793.65060763889,0,2317.46028645833,0,0,0,0,0,0,926.984157986111,2433.33333333333,0,2549.20640733507,0,0,0,0,3476.19037543403,115.873019748264,0,0,0,0,0,0,0,0,0,0,0,0,0,0,0,12.120608859592,1667.18489583333,0,0,0,0,0,0,46561.30078125,3307.66943359375
"NGA",3,1,"LSMS-ISA2015",2015,3,33,3313,930,0,330051,10,0,1200,0,1095,0,0,0,0,3440,172.142852783203,0,0,0,0,3128.571484375,0,2190,600,0,1586.93957519531,0,2815.7142578125,0,0,6257.14296875,0,0,0,0,0,0,4171.428515625,0,782.14287109375,2815.71430664063,0,2242.14282226563,0,312.857153320312,0,0,2085.71430664063,521.428588867188,0,5214.2859375,0,2085.7142578125,0,0,0,0,0,0,0,0,0,0,0,0,0,0,0,0,0,0,365,43081.94140625,4864.2197265625
"NGA",3,1,"LSMS-ISA2015",2015,3,33,3313,930,0,330052,9,0,1333.33337402344,0,2703.70377604167,0,0,0,0,4244.44444444444,282.566131591797,0,0,0,0,11587.3012152778,0,5677.77783203125,533.333312988281,0,1763.26611328125,0,5214.28559027778,0,0,6083.33333333333,0,0,0,0,0,0,5793.65060763889,0,926.984157986111,2607.14282226563,0,3765.87296549479,2027.77777777778,2317.46028645833,0,0,0,521.428575303819,0,5793.65104166667,0,0,0,0,0,0,0,0,0,0,0,0,0,0,0,0,0,0,0,0,135.185180664063,63312.4921875,4864.2197265625
"NGA",3,1,"LSMS-ISA2015",2015,3,33,3313,930,0,330053,3,0,0,0,6083.33333333333,0,0,0,0,6266.66666666667,554.920654296875,0,0,0,0,0,0,6083.33349609375,1733.33337402344,0,7664.046875,0,0,0,0,6083.33333333333,0,0,0,0,0,0,0,0,1390.47623697917,6952.380859375,0,4345.23811848958,0,0,0,0,8690.47591145833,1042.85713704427,9385.71419270833,6952.380859375,0,0,0,0,0,0,0,0,0,0,0,0,0,0,1250.388671875,0,0,0,0,0,0,74478.875,4864.2197265625
"NGA",3,1,"LSMS-ISA2015",2015,3,33,3313,930,0,330054,2,0,0,0,0,0,0,0,0,3100,360.714294433594,0,0,0,0,0,0,0,2000,0,7934.69775390625,0,18771.427734375,0,0,0,0,0,0,0,0,0,0,0,3128.57153320313,5735.71435546875,0,10689.2856445313,0,0,0,0,20857.1428222656,521.428588867188,0,20857.142578125,0,0,0,0,0,0,0,0,0,0,0,0,0,0,0,0,0,0,0,0,1216.66662597656,95172.78125,4864.2197265625
"NGA",3,1,"LSMS-ISA2015",2015,3,33,3313,930,0,330055,9,0,1333.33337402344,0,2838.88888888889,0,0,0,0,4644.44444444444,250.158752441406,0,0,0,0,0,0,0,133.33332824707,0,1763.26611328125,0,0,0,0,6083.33333333333,0,0,0,0,1158.73014322917,0,4634.92057291667,0,869.047634548611,2317.46028645833,0,2027.77780490451,2896.82530381944,0,0,0,11587.3012152778,521.428575303819,7300,6952.38107638889,0,0,0,0,0,0,0,0,0,0,0,0,0,0,0,0,0,0,0,0,270.370361328125,57583.00390625,4864.2197265625
"NGA",3,1,"LSMS-ISA2015",2015,3,33,3313,930,0,330056,13,0,923.076904296875,0,0,0,0,0,0,3584.61538461538,178.571441650391,0,0,0,0,0,140.384615384615,0,615.384643554688,0,1768.62622070313,0,0,0,2165.93404447115,9626.37379807692,0,0,0,0,0,0,6417.58233173077,0,902.472506009615,1764.83518629808,0,2928.02202899639,0,802.197791466346,0,0,3208.79116586538,681.868145282452,5775.82391826923,5615.38521634615,0,0,0,0,0,0,0,0,0,0,0,240.659348707933,0,0,0,0,0,0,0,0,280.769226074219,47621.37109375,4864.2197265625
"NGA",3,1,"LSMS-ISA2015",2015,3,33,3313,930,0,330057,14,0,857.142883300781,0,1738.09528459821,0,0,0,0,5028.57142857143,241.513595581055,1042.85717773438,0,0,0,7448.97935267857,0,7821.4287109375,185.714279174805,0,1642.29577636719,0,0,0,0,14897.9587053571,0,0,0,0,1117.34695870536,0,7448.97935267857,0,1117.34695870536,1862.24490792411,744.89794921875,3538.26522391183,0,2234.69391741071,0,0,0,633.163277762277,5363.26506696429,7448.97991071429,0,14897.9587053571,0,0,0,0,0,0,0,0,0,0,0,763.598353794643,2830.61216517857,0,0,0,0,0,173.809524536133,91079.71875,4864.2197265625
"NGA",3,1,"LSMS-ISA2015",2015,3,33,3313,930,0,330058,8,0,0,0,0,0,0,0,0,5900,240.178573608398,0,0,1216.66662597656,0,0,0,2281.25,750,0,1033.71618652344,0,4692.85693359375,0,0,7821.4287109375,0,0,0,0,0,0,10428.5712890625,0,1303.57141113281,3389.28570556641,0,2541.96432495117,0,521.428588867188,0,0,7169.64276123047,586.607147216797,0,3910.71435546875,0,0,0,0,0,0,0,0,0,0,0,0,0,0,0,0,0,0,0,0,532.291687011719,54320.17578125,4864.2197265625
"NGA",3,1,"LSMS-ISA2015",2015,3,33,3313,930,0,330059,10,0,1200,0,2433.3333984375,0,0,0,0,4680,244.309524536133,0,0,0,0,0,0,2433.33349609375,264,0,3256.58618164063,0,0,0,0,6257.14296875,0,0,0,0,0,0,5214.285546875,0,782.14287109375,2346.42854003906,0,3702.14289550781,1825,1564.2857421875,0,0,10428.57109375,521.428588867188,6570,6257.14296875,0,0,0,0,0,0,0,0,0,0,0,0,0,0,0,0,0,0,0,0,243.33332824707,60223.4609375,4864.2197265625
"NGA",3,1,"LSMS-ISA2015",2015,3,33,3313,930,0,330060,7,0,0,0,1042.85714285714,0,0,0,0,3800,360.2041015625,0,0,0,0,3724.48967633929,0,869.047668457031,571.428588867188,0,2267.05639648438,0,2681.63253348214,0,2681.63253348214,5959.18359375,0,0,0,893.877580915179,0,0,0,0,1117.34695870536,2420.91838727679,0,2607.14285714286,0,0,0,0,11173.4692382813,893.877546037946,0,4469.38783482143,0,0,0,0,0,0,0,0,0,0,0,0,0,0,0,0,0,0,0,0,521.428588867188,48054.9765625,4864.2197265625
"NGA",3,1,"LSMS-ISA2015",2015,3,33,3304,418,0,330061,6,0,0,0,811.111083984375,0,0,0,0,5000,659.126953125,0,0,0,0,0,0,0,700,0,2644.89916992188,0,0,0,0,17118.8271798614,0,0,0,0,0,0,8151.82228971693,0,1528.46672580622,4075.91114485846,0,5604.37782997458,0,2037.95557242923,0,0,0,509.488893107308,25678.240491671,16303.6445794339,0,0,0,0,0,0,0,0,0,0,0,0,0,0,3557.7135163765,0,0,0,0,0,0,94381.5859375,5837.06396484375
"NGA",3,1,"LSMS-ISA2015",2015,3,33,3304,418,0,330062,9,0,0,0,0,0,135.185180664063,0,0,2333.33333333333,417.195739746094,0,0,0,0,0,0,5407.40771484375,333.333343505859,0,1763.26611328125,0,0,0,0,4866.66666666667,0,0,0,0,0,0,0,0,1158.73014322917,2433.33333333333,289.682535807292,4345.23811848958,0,579.365071614583,0,0,579.365071614583,1158.7301703559,2085.71419270833,3476.19053819444,0,0,0,0,0,0,0,0,0,0,0,0,0,1575.67903645833,1451.73046875,0,0,0,0,0,0,34390.15234375,5837.06396484375
"NGA",3,1,"LSMS-ISA2015",2015,3,33,3304,418,0,330063,6,0,0,0,2027.77783203125,0,608.333333333333,0,0,4300,353.571441650391,0,0,0,0,3476.1904296875,0,811.111083984375,666.666687011719,0,4245.54833984375,0,0,0,0,10428.5716145833,0,0,0,2433.33337402344,0,0,3476.1904296875,0,1303.57145182292,5127.380859375,0,5388.09529622396,0,4779.76204427083,0,0,8690.47623697917,434.523803710938,3128.5712890625,3476.1904296875,0,0,0,0,0,0,0,0,0,0,0,651.785725911458,0,0,0,0,0,0,0,0,811.111083984375,66618.7578125,5837.06396484375
"NGA",3,1,"LSMS-ISA2015",2015,3,33,3304,418,0,330064,10,0,0,0,973.33330078125,0,243.333325195313,0,0,2690,382.142883300781,0,0,0,0,2346.428515625,0,973.333312988281,1400,0,1846.76586914063,0,9385.7140625,6570,0,10428.57109375,0,0,0,0,0,0,8342.85703125,0,1877.1427734375,3337.14287109375,0,3910.71430664063,3650,3128.571484375,0,0,3649.99995117188,260.714282226562,0,0,0,0,0,0,0,0,0,0,0,0,0,2294.2857421875,0,0,0,0,0,0,260.714282226562,0,365,68316.765625,5837.06396484375
"NGA",3,1,"LSMS-ISA2015",2015,3,33,3304,418,0,330065,3,0,0,0,0,0,0,0,0,7333.33333333333,1129.92065429688,0,0,0,0,0,0,0,533.333312988281,0,5289.79833984375,0,0,0,0,7300,0,0,0,0,0,0,0,0,5214.28580729167,5561.90462239583,1738.09521484375,3997.619140625,0,0,0,0,0,869.047607421875,6257.142578125,13904.76171875,0,0,0,0,0,0,0,0,0,0,0,0,0,5736.13525390625,3034.2392578125,0,0,0,0,0,0,67899.6171875,5837.06396484375
"NGA",3,1,"LSMS-ISA2015",2015,3,33,3304,418,0,330066,4,0,0,0,608.333312988281,0,0,0,0,4900,265.178588867188,0,0,0,0,0,0,13991.6669921875,500,0,3967.34887695313,0,0,0,0,10950,0,0,0,0,0,0,0,0,4562.5,2867.85717773438,0,5214.28576660156,0,1303.57141113281,0,0,3258.92846679688,1303.57141113281,14078.5712890625,7821.4287109375,0,0,0,0,0,0,0,0,0,0,0,0,0,0,4953.5712890625,0,0,0,0,0,0,80546.8125,5837.06396484375
"NGA",3,1,"LSMS-ISA2015",2015,3,33,3304,418,0,330067,7,0,0,0,0,0,0,0,0,3285.71428571429,622.108825683594,0,0,0,0,0,0,0,57.1428565979004,1489.7958984375,2267.05639648438,0,0,0,0,0,0,0,0,0,0,0,6224.67281164935,0,1167.12618521566,1556.16820291234,0,5057.54668142157,0,0,0,0,2334.25230067686,2723.294388128,19607.719588615,6224.67281164935,0,0,0,0,0,0,0,0,0,0,0,0,0,0,1573.12656458778,0,0,0,0,0,0,54190.3984375,5837.06396484375
"NGA",3,1,"LSMS-ISA2015",2015,3,33,3304,418,0,330068,12,0,0,0,1013.88891601563,0,405.555541992188,0,0,3033.33333333333,260.813507080078,0,0,0,0,1086.30948893229,0,709.72216796875,666.666687011719,0,3193.9482421875,0,7386.90494791667,0,0,3476.1904296875,0,0,0,0,0,0,3476.1904296875,0,1303.57145182292,4084.52380371094,0,3258.92850748698,1520.83333333333,651.785725911458,0,0,1086.30950927734,217.261901855469,0,2607.14290364583,0,0,0,0,0,0,0,0,0,0,0,130.357147216797,0,0,0,0,0,0,0,0,405.555541992188,39975.7890625,5837.06396484375
"NGA",3,1,"LSMS-ISA2015",2015,3,33,3304,418,0,330069,6,0,0,0,1622.22216796875,0,304.166666666667,0,0,4533.33333333333,354.960327148438,0,0,0,0,3041.66666666667,0,811.111083984375,833.333312988281,0,3077.94311523438,0,7821.42838541667,0,0,13904.76171875,0,0,0,0,0,0,6952.380859375,0,1738.09521484375,3997.61901855469,0,3650,0,5214.28580729167,0,0,6083.33333333333,173.809529622396,0,6952.380859375,0,0,0,0,0,0,0,0,0,0,0,521.428588867188,0,0,0,0,0,0,0,0,608.333312988281,72196.6015625,5837.06396484375
"NGA",3,1,"LSMS-ISA2015",2015,3,33,3304,418,0,330070,10,0,0,0,304.166674804687,0,182.5,0,0,3500,188.142852783203,0,0,0,0,2085.7142578125,243.333325195313,1581.66662597656,1000,0,1846.76586914063,0,2085.7142578125,0,0,6257.14296875,0,0,0,1251.42861328125,0,0,4171.428515625,0,1564.2857421875,2190,0,4067.14287109375,2085.7142578125,1564.2857421875,0,0,2867.85710449219,573.571435546875,1877.1427734375,3128.571484375,0,0,0,0,0,0,0,0,0,0,0,312.857153320312,0,0,0,0,0,0,0,0,584,45513.4375,5837.06396484375
"NGA",3,1,"LSMS-ISA2015",2015,3,33,3307,688,0,330071,7,0,1714.28576660156,0,347.619035993304,0,347.619035993304,0,0,4814.28571428571,331.632659912109,0,0,0,0,2234.69391741071,0,2259.52368164063,1428.57141113281,0,3844.65698242188,0,8044.89787946429,0,0,4767.34709821429,0,0,0,2681.63253348214,0,0,0,0,2607.14285714286,4767.34695870536,0,5065.30622209821,0,2607.14285714286,0,0,10056.1223493304,2160.20404924665,2681.63253348214,5959.18359375,0,0,0,0,0,0,0,0,0,0,0,0,0,0,0,893.877580915179,0,0,0,0,625.714294433594,70240.4375,10312.146484375
"NGA",3,1,"LSMS-ISA2015",2015,3,33,3307,688,0,330072,4,0,0,0,0,0,456.25,0,0,5450,630.357177734375,0,0,0,0,4562.5,0,0,1250,0,9423.509765625,0,7039.28564453125,0,6257.14306640625,5214.28564453125,0,0,0,0,0,0,0,0,2607.14282226563,5475,1303.57141113281,7300.00006103516,0,4562.5,0,0,15642.8568115234,651.785705566406,0,10428.5712890625,0,0,0,0,0,0,0,0,0,0,0,0,0,0,0,1825,0,0,391.071441650391,0,1095,91565.828125,10312.146484375
"NGA",3,1,"LSMS-ISA2015",2015,3,33,3307,688,0,330073,8,0,0,0,228.125,0,304.166656494141,0,0,4675,252.678573608398,0,0,0,0,0,0,0,750,0,2272.9345703125,0,4692.85693359375,0,3519.64282226563,5214.28564453125,0,0,0,0,0,0,5214.28564453125,0,1955.35717773438,4171.42858886719,0,2998.21435546875,0,3910.71435546875,0,0,6517.85699462891,195.535720825195,0,6517.857421875,0,0,0,0,0,0,0,0,0,0,0,0,0,0,0,0,0,0,0,0,380.208343505859,53771.14453125,10312.146484375
"NGA",3,1,"LSMS-ISA2015",2015,3,33,3307,688,0,330074,7,0,1714.28576660156,0,1738.09528459821,0,0,0,0,6714.28571428571,421.394561767578,0,0,24333.3325892857,0,2234.69391741071,0,1216.66674804688,357.142852783203,0,2366.20434570313,0,3575.51032366071,0,0,8938.77566964286,0,0,0,0,0,0,11918.3671875,0,1117.34695870536,1489.7958984375,0,4692.85714285714,0,1191.83677455357,744.89794921875,0,2607.14285714286,297.959193638393,0,10428.5725446429,0,0,0,0,0,0,0,0,0,0,0,0,0,0,0,0,0,0,0,0,782.142883300781,88881.3046875,10312.146484375
"NGA",3,1,"LSMS-ISA2015",2015,3,33,3307,688,0,330075,5,0,2400,0,3650,0,1216.66669921875,0,0,7480,444.285736083984,0,0,24333.3328125,0,10428.57109375,0,6570,1696.66674804688,0,3312.68603515625,0,14857.3909270572,0,0,0,0,0,0,0,0,0,31837.266853125,0,1989.82917832031,5836.8321833137,0,19898.2912549799,0,0,1326.55273339025,0,8091.9718008169,3979.6581317381,0,10612.421867122,0,0,0,0,0,0,0,0,0,0,0,0,0,0,0,0,0,0,0,0,1216.66674804688,161179.109375,10312.146484375
"NGA",3,1,"LSMS-ISA2015",2015,3,33,3307,688,0,330076,4,0,3000,0,6083.33349609375,0,0,0,0,4000,315.178588867188,0,0,0,0,0,0,0,350,0,12938.396484375,0,0,0,0,6062.64036085839,0,0,0,0,0,0,12125.2807217168,0,2425.0562719757,3031.3201804292,0,14095.6389531413,3789.15018591283,0,0,0,0,303.132033996962,19097.3174506411,21219.2440597918,0,0,0,0,0,0,0,0,0,0,0,0,0,0,0,0,0,0,0,0,304.166656494141,109139.859375,10312.146484375
"NGA",3,1,"LSMS-ISA2015",2015,3,33,3307,688,0,330077,6,0,2000,0,6083.33333333333,0,0,648.888875325521,0,3833.33333333333,174.007934570313,0,0,0,0,0,0,0,233.33332824707,0,3832.0234375,0,0,0,0,6952.380859375,0,0,0,0,0,0,6952.380859375,0,1390.47623697917,1390.47623697917,0,6952.38102213542,0,0,0,0,6083.33333333333,260.714294433594,10950,8690.4765625,0,0,0,0,0,0,0,0,0,0,0,0,0,0,3302.380859375,0,0,0,0,0,405.555541992188,70135.4765625,10312.146484375
"NGA",3,1,"LSMS-ISA2015",2015,3,33,3307,688,0,330078,6,0,2000,0,1622.22216796875,0,0,0,0,3533.33333333333,650.238098144531,0,0,18250,0,0,0,6083.33349609375,233.33332824707,0,2760.57153320313,0,6387.85931837272,0,0,15969.6474918134,0,0,0,0,0,0,15969.6474918134,0,1497.15450739855,4192.0325173426,0,11478.1842328929,3493.36044387523,1497.15450739855,998.102968238336,0,2295.63692219514,1696.7751110977,0,13973.443230661,0,0,0,0,0,0,0,0,0,0,0,0,0,0,0,0,0,0,0,0,811.111083984375,115393.1328125,10312.146484375
"NGA",3,1,"LSMS-ISA2015",2015,3,33,3307,688,0,330079,7,0,1371.42858886719,0,0,0,260.714285714286,0,0,4485.71428571429,309.013610839844,0,0,347.619035993304,0,2234.69391741071,0,869.047668457031,857.142883300781,0,1341.2998046875,0,4767.34709821429,0,5363.26506696429,8938.77566964286,0,0,0,1638.77553013393,0,0,5959.18359375,0,1489.7958984375,3724.48981584821,0,5139.79593331473,0,4469.38783482143,0,0,11545.9182477679,223.469395228795,0,7448.97991071429,0,0,0,0,0,0,0,0,0,0,0,446.938790457589,0,0,0,0,0,0,0,0,417.142852783203,73649.9375,10312.146484375
"NGA",3,1,"LSMS-ISA2015",2015,3,33,3307,688,0,330080,6,0,2000,0,12166.6666666667,0,0,0,0,5550,286.904754638672,0,0,6083.33333333333,0,0,0,17033.333984375,533.333312988281,0,5427.6435546875,0,0,0,4692.85709635417,24333.3333333333,0,0,0,0,0,0,17380.9518229167,0,1390.47623697917,1216.66666666667,0,4953.57141113281,2607.14290364583,1564.28564453125,0,0,12601.1902669271,608.333333333333,15642.85546875,8690.4765625,0,0,0,0,0,0,0,0,0,0,0,0,0,0,0,695.238118489583,0,0,0,0,0,145458.59375,10312.146484375
"NGA",3,1,"LSMS-ISA2015",2015,2,34,3401,526,0,340001,11,0,0,0,0,0,0,0,0,509.090909090909,477.380950927734,0,0,663.636363636364,0,5688.31178977273,0,1548.48486328125,545.454528808594,0,6404.10107421875,0,0,0,0,0,1659.09090909091,0,0,1422.07794744318,0,0,0,8058.44176136364,0,3318.18172940341,0,711.038973721591,0,2133.11683238636,474.025967684659,0,5451.29873934659,805.844149502841,385.626553622159,1820.86186079545,2992.45969460227,0,0,0,0,0,0,0,0,0,4740.25958806818,2370.12979403409,0,159.733920010653,0,0,0,0,0,0,0,52338.6484375,5961.359375
"NGA",3,1,"LSMS-ISA2015",2015,2,34,3401,526,0,340002,12,0,0,0,0,0,202.777770996094,0,0,600,197.638900756836,0,0,0,0,0,0,608.333312988281,200,0,2852.66918945313,0,0,0,0,0,0,0,0,0,0,0,0,2400.79272665848,0,1152.38057300035,0,0,0,0,0,0,960.317098801412,384.126857666784,4687.38582132446,0,3404.91888670585,6562.97074421681,0,0,0,0,0,0,0,0,3841.26839520565,0,0,1139.67207747849,0,0,0,0,0,0,0,29195.25390625,5961.359375
"NGA",3,1,"LSMS-ISA2015",2015,2,34,3401,526,0,340003,10,0,0,0,0,0,0,0,0,0,104.285720825195,0,0,0,0,0,0,0,0,0,4031.9765625,0,0,0,0,12775,0,0,0,2085.7142578125,0,0,0,7821.42890625,0,3128.57133789062,0,521.428564453125,0,0,0,0,0,260.714282226562,0,0,5861.697265625,0,0,0,0,0,0,0,0,0,521.428564453125,0,0,0,0,0,0,0,0,0,0,37112.24609375,5961.359375
"NGA",3,1,"LSMS-ISA2015",2015,2,34,3401,526,0,340004,10,0,0,0,0,0,365,0,0,170,333.714294433594,0,0,0,0,3128.571484375,0,0,500,0,1182.34826660156,0,1564.2857421875,0,0,0,0,0,0,1042.85712890625,0,0,0,0,0,1303.57138671875,260.714282226562,0,0,0,0,0,1042.85712890625,156.428576660156,0,0,2930.8486328125,0,7317.46484375,0,0,0,0,0,0,18061.325,7821.42890625,0,0,0,0,0,0,0,0,0,0,47181.4140625,5961.359375
"NGA",3,1,"LSMS-ISA2015",2015,2,34,3401,526,0,340005,8,0,0,0,0,0,0,0,0,650,559.136901855469,0,0,0,0,3258.92846679688,456.25,0,875,0,3983.32299804688,0,0,0,0,0,0,0,0,651.785705566406,0,6517.85693359375,0,3258.92846679688,0,1303.57141113281,0,0,0,325.892852783203,782.142883300781,0,0,0,0,1877.763671875,2930.84838867188,0,0,0,0,0,0,0,0,0,2607.14282226563,2420.46630859375,0,509.268081665039,0,0,0,0,81.8826293945313,0,0,33050.1875,5961.359375
"NGA",3,1,"LSMS-ISA2015",2015,2,34,3401,526,0,340007,14,0,0,0,0,0,0,0,0,214.285714285714,117.346939086914,0,0,0,0,3724.48967633929,0,0,0,0,1209.86437988281,0,0,0,0,0,0,963.059367784116,0,0,0,0,0,6934.02750042206,0,1463.85031488075,0,1540.89499720418,0,0,0,0,0,385.223753660699,1253.53899379342,0,2165.26786022464,2632.68476131598,0,0,0,0,0,0,0,0,0,0,0,0,0,0,0,0,0,0,0,22604.53515625,5961.359375
"NGA",3,1,"LSMS-ISA2015",2015,2,34,3401,0,0,340008,12,0,0,0,0,0,0,0,0,725,588.988098144531,0,0,2534.72216796875,0,1303.57145182292,0,1622.22216796875,416.666656494141,0,635.884338378906,0,0,3642.05423484711,0,0,6312.89340843737,0,0,0,0,0,0,5341.67926707027,0,3302.12909855704,1456.82165873457,776.971541830746,0,2185.23240009117,0,0,1942.42886474939,2185.23244078127,5925.72085537085,0,13647.5191468159,0,0,0,0,0,0,0,0,0,12140.1800433756,0,0,8819.54542466193,0,0,0,0,0,0,0,75505.453125,5961.359375
"NGA",3,1,"LSMS-ISA2015",2015,2,34,3401,526,0,340009,9,0,0,0,0,0,0,0,0,0,193.650802612305,0,0,0,0,0,0,2703.70385742188,2027.77783203125,0,1425.54577636719,0,0,0,0,0,0,2663.91676663072,0,0,0,0,0,5327.83353326144,0,3329.89587686927,0,1864.74175290976,0,1331.95838331536,0,0,0,332.98959582884,0,0,10149.4786853472,3034.27699939811,0,0,0,0,0,0,0,0,0,0,0,0,0,0,0,0,0,0,0,34385.76953125,5961.359375
"NGA",3,1,"LSMS-ISA2015",2015,2,34,3404,0,0,340010,8,0,0,0,0,0,152.08332824707,0,0,0,0,0,0,0,0,0,0,3041.66674804688,0,0,4461.88037109375,0,0,0,6264.96742823732,10441.6130895565,3480.53744269166,1392.21500003774,0,0,0,0,0,2088.32257198913,0,1740.26872134583,0,1392.21500003774,0,0,0,0,0,348.053750009436,0,0,0,0,0,0,0,0,0,0,0,0,3480.53744269166,0,0,0,0,0,0,0,0,0,0,38284.359375,5961.359375
"NGA",3,1,"LSMS-ISA2015",2015,2,34,3415,268,0,340011,4,0,0,0,0,0,0,0,0,0,260.714294433594,0,0,0,0,2607.14282226563,0,0,0,0,2194.650390625,0,0,0,0,0,0,0,0,0,0,0,0,10160.6229589693,0,0,0,2540.15573974233,0,0,0,0,0,846.718554442476,0,0,16347.1620424489,0,0,0,0,0,0,0,0,0,0,0,0,5970.53114704505,0,0,0,0,0,0,0,40927.6953125,3273.69580078125
"NGA",3,1,"LSMS-ISA2015",2015,2,34,3415,268,0,340012,5,0,0,0,0,0,1095,0,0,1120,1034.28576660156,0,0,0,0,0,0,1460,100,0,2565.982421875,0,0,1087.81865056642,0,11422.0960186677,0,0,0,543.909325283209,0,0,0,3263.45595603988,0,9572.80399304196,0,326.345611337581,0,543.909325283209,0,2175.63730113284,4024.92902510855,1196.60052354431,2654.86557779958,0,1903.68266399045,0,0,0,0,0,0,0,0,0,0,2019.85742849872,0,11760.6132286062,0,0,0,3885.06671116265,0,0,121.666664123535,63878.53515625,3273.69580078125
"NGA",3,1,"LSMS-ISA2015",2015,2,34,3415,268,0,340013,9,0,0,0,0,0,0,0,0,488.888888888889,371.825408935547,0,0,0,0,0,0,405.555541992188,144.444442749023,0,975.400146484375,0,0,0,0,0,0,0,0,0,0,0,2896.82530381944,0,0,753.174587673611,0,289.682535807292,0,579.365071614583,0,579.365071614583,984.920640733507,579.365071614583,1413.96397569444,0,1182.87044270833,0,0,0,0,0,0,0,0,0,0,1863.24934895833,0,3147.66357421875,0,0,0,38.6243387858073,0,0,67.5925903320313,16762.775390625,3273.69580078125
"NGA",3,1,"LSMS-ISA2015",2015,2,34,3415,268,0,340014,5,0,0,0,0,0,730,0,0,4520,735.238098144531,0,0,0,0,0,0,0,280,0,1100.40991210938,0,0,0,0,3128.571484375,0,0,0,1877.14289550781,0,0,6257.14296875,0,0,10428.57109375,0,1042.85712890625,4171.428515625,0,0,5214.2857421875,10637.1429199219,3650,1696.7568359375,0,6558.68515625,0,0,2470.3142578125,0,0,0,0,0,0,0,9007.2150390625,0,10343.3892089844,0,0,0,0,0,0,243.33332824707,84092.4765625,3273.69580078125
"NGA",3,1,"LSMS-ISA2015",2015,2,34,3405,0,0,340015,1,0,0,0,3650,0,0,0,0,2400,1716.66662597656,0,0,0,0,31285.71484375,0,0,600,0,5502.04931640625,0,0,0,0,0,0,0,0,0,0,0,0,20857.142578125,0,13035.7138671875,0,0,0,0,0,62571.4296875,307642.853515625,7300,29693.244140625,0,41031.87890625,0,0,0,0,0,0,0,0,0,0,9681.865234375,31285.71484375,27510.0415039063,0,0,0,0,0,0,0,595764.3125,3273.69580078125
"NGA",3,1,"LSMS-ISA2015",2015,2,34,3415,268,0,340016,9,0,0,0,0,0,0,0,0,555.555555555556,1118.78308105469,0,0,0,0,4055.55555555556,0,1351.85180664063,222.222229003906,0,1760.43505859375,0,0,0,0,0,0,0,0,0,0,0,0,0,0,0,0,0,0,0,0,4055.55555555556,21436.5083550347,115.873019748264,0,0,3256.49848090278,0,0,391.995958116319,0,0,0,0,0,0,0,2151.52560763889,0,535.469772338867,0,0,0,1738.09526909722,0,0,0,42745.921875,3273.69580078125
"NGA",3,1,"LSMS-ISA2015",2015,2,34,3415,268,0,340017,5,0,0,0,0,0,0,0,0,1480,104.285720825195,0,0,0,0,0,0,0,400,312.857153320312,1454.35131835938,0,0,0,15642.8578125,10428.57109375,0,0,0,0,0,0,0,0,0,5214.285546875,0,2085.7142578125,0,2085.7142578125,0,5214.285546875,20335.714453125,4171.428515625,0,0,0,0,0,0,0,0,0,0,0,0,0,0,0,989.9814453125,0,0,0,0,3676.071484375,0,0,73596.125,3273.69580078125
"NGA",3,1,"LSMS-ISA2015",2015,2,34,3415,268,0,340018,7,0,0,0,0,0,0,0,0,642.857142857143,322.789123535156,0,0,0,0,0,0,1911.90490722656,342.857147216797,0,1090.08740234375,0,0,0,4469.38783482143,4469.38783482143,0,521.428571428571,0,744.89794921875,0,0,0,0,0,1489.7958984375,0,0,2234.69391741071,0,0,0,7895.91838727679,670.408168247768,0,0,2824.40457589286,0,0,0,0,0,0,0,0,0,0,691.561802455357,0,446.938790457589,0,495.131626674107,0,0,0,0,0,31264.451171875,3273.69580078125
"NGA",3,1,"LSMS-ISA2015",2015,2,34,3415,268,0,340019,7,0,0,0,0,0,0,0,0,0,0,0,0,0,0,0,0,0,0,0,1832.84460449219,0,0,0,0,0,0,0,0,0,0,0,0,0,0,1489.7958984375,0,1862.24490792411,0,0,0,0,0,372.448974609375,0,0,10173.6071428571,0,0,9794.61495535714,0,0,0,0,0,0,0,3634.08956473214,0,334.680594308036,0,0,0,0,0,0,0,29494.326171875,3273.69580078125
"NGA",3,1,"LSMS-ISA2015",2015,2,34,3415,268,0,340020,1,0,0,0,0,0,0,0,0,0,0,0,0,0,0,0,0,14600,0,0,6297.4375,0,0,0,0,0,0,0,0,0,0,0,0,0,0,15642.857421875,0,2607.14282226563,0,0,0,15642.857421875,130357.138671875,2607.14282226563,0,0,7197.34765625,0,7031.61083984375,0,0,0,0,0,0,0,0,0,0,5147.4365234375,0,0,0,0,0,0,0,207130.96875,3273.69580078125
"NGA",3,1,"LSMS-ISA2015",2015,2,34,3405,1706,0,340021,9,0,0,0,0,0,0,0,0,0,0,0,0,0,0,0,0,1351.85192871094,0,0,9475.6435546875,0,0,0,0,0,3265.85567863395,979.756754819411,0,0,0,0,0,3265.85567863395,0,3265.85567863395,0,1045.07385588721,0,0,0,0,0,326.585574267048,0,0,5139.88710408109,5951.84422751327,0,0,0,0,0,0,0,0,0,0,0,0,0,0,0,0,0,0,0,34068.2109375,3435.35961914063
"NGA",3,1,"LSMS-ISA2015",2015,2,34,3405,1706,0,340022,12,0,0,0,0,0,0,0,0,0,91.6666641235352,0,0,1013.88891601563,0,0,0,0,0,0,5875.22021484375,0,0,0,0,3910.71419270833,0,0,0,0,0,0,0,6517.857421875,869.047607421875,2172.61897786458,0,955.952372233073,0,0,0,0,0,217.261901855469,0,0,3563.80794270833,0,0,2478.5908610026,0,0,0,0,0,0,0,0,0,0,0,0,0,0,0,0,0,27666.626953125,3435.35961914063
"NGA",3,1,"LSMS-ISA2015",2015,2,34,3405,1706,0,340023,3,0,0,0,0,0,1216.66666666667,0,0,6200,3963.888671875,0,0,10138.888671875,0,20857.1432291667,0,11355.5556640625,2666.66674804688,0,6126.205078125,0,0,11141.7770868454,0,0,0,14998.5462661862,0,6427.94849280004,0,0,0,17141.1955467723,0,14141.4859562993,857.059815709149,4713.82891956624,0,428.529907854575,2571.17944712745,0,2142.64944334654,6427.94849280004,0,0,43913.2783303056,19524.3096191849,0,0,0,0,0,0,0,0,6427.94849280004,0,0,0,14586.4988482506,0,0,0,0,0,0,227969.21875,3435.35961914063
"NGA",3,1,"LSMS-ISA2015",2015,2,34,3405,1706,0,340025,5,0,0,0,0,0,0,0,0,1200,732.857116699219,0,0,0,0,10428.57109375,0,0,600,0,9001.9892578125,0,0,0,0,18771.428125,3128.571484375,3754.285546875,0,0,2607.1427734375,0,8342.85703125,12514.2859375,0,2607.1427734375,1042.85712890625,2920.00004882812,0,0,0,0,5735.7142578125,312.857153320312,0,0,5880.99609375,0,0,0,0,0,0,0,0,0,0,0,0,0,0,0,0,0,0,0,0,89581.5625,3435.35961914063
"NGA",3,1,"LSMS-ISA2015",2015,2,34,3405,1706,0,340026,7,0,0,0,0,0,0,0,0,3142.85714285714,565.646301269531,0,0,0,0,7448.97935267857,0,0,285.714294433594,0,5355.93603515625,0,0,0,0,0,4919.58144406542,2951.7486845208,0,0,1639.86042679231,0,0,16398.6040372644,1229.89536101635,2951.7486845208,0,2213.81162406719,0,3689.68593145035,2377.7977085991,0,2869.75579989845,409.965106698077,0,0,9294.82787502624,14942.7815095498,0,0,0,0,0,0,0,0,0,0,0,0,5037.84061495095,0,0,0,0,0,434.523834228516,88161.5625,3435.35961914063
"NGA",3,1,"LSMS-ISA2015",2015,2,34,3405,1706,0,340027,10,0,0,0,0,0,0,0,0,0,0,0,0,0,0,0,0,0,0,0,5401.03857421875,0,0,0,0,0,3497.10541183382,582.850885696261,0,0,0,0,0,3497.10541183382,0,6702.78497535571,0,1165.70177139252,0,0,0,0,0,291.425442848131,0,0,2620.873039779,6638.83764641204,0,0,0,0,0,0,0,0,0,0,0,0,0,0,0,0,0,0,0,30397.724609375,3435.35961914063
"NGA",3,1,"LSMS-ISA2015",2015,2,34,3405,1706,0,340028,11,0,0,0,0,0,553.030317826705,0,0,1372.72727272727,2053.6796875,0,0,3096.96981534091,0,7584.41548295455,0,0,254.545455932617,0,1944.65771484375,0,0,3426.3435620694,0,0,5007.73320558523,2951.92690271664,0,3162.77890244115,632.555784944542,0,0,4744.1683389233,0,4586.02935386835,0,1423.25046616563,0,1212.39857732717,0,0,0,2951.92692491125,0,0,10666.4185895862,6004.15858053716,0,0,0,0,0,9488.33626377923,0,0,15813.8948378425,527.129799820719,0,3552.56932224304,2392.35822955695,0,0,0,0,0,0,95404,3435.35961914063
"NGA",3,1,"LSMS-ISA2015",2015,2,34,3405,0,0,340029,13,1403.84619140625,0,56.1538461538462,327.564115084135,0,0,0,0,338.461538461538,740.512756347656,0,0,0,0,4010.98888221154,467.94873046875,2433.33349609375,230.769226074219,0,1671.62963867188,0,0,1692.57955182344,0,6347.1727923258,0,5641.93140434302,0,1198.91050746321,0,0,8462.89759854858,3526.20709015429,1974.67600654409,2609.39340127317,1410.48285108575,1481.00704763228,4936.69001636024,846.289775911719,2609.39340127317,0,15515.3120042177,423.144887955859,0,0,30919.3972202723,0,0,0,0,0,0,0,0,0,1410.48285108575,0,0,5575.02571261731,0,0,0,0,9792.78178263628,0,0,118054.984375,3435.35961914063
"NGA",3,1,"LSMS-ISA2015",2015,2,34,3405,1706,0,340030,10,0,0,0,0,0,547.5,0,0,1440,1707.619140625,0,0,3406.666796875,0,7821.42890625,0,0,100,0,3134.9150390625,0,0,2502.8572265625,0,0,5214.285546875,0,0,0,0,0,13035.7140625,2607.1427734375,0,3024.28569335937,782.14287109375,625.714306640625,4692.85703125,23464.2859375,0,0,0,938.571411132813,0,0,11723.648828125,0,0,0,0,2323.616015625,0,4692.85703125,0,0,1042.85712890625,0,0,2158.17199707031,0,0,0,0,0,0,0,96987.1328125,3435.35961914063
"NGA",3,1,"LSMS-ISA2015",2015,2,34,3408,0,0,340031,9,0,0,0,0,0,270.370361328125,0,0,555.555555555556,584.920654296875,0,0,0,0,11587.3012152778,0,1351.85192871094,333.333343505859,0,4000,0,0,0,0,3476.19053819444,2896.82530381944,2607.14279513889,0,0,0,0,5214.28559027778,3765.87282986111,0,3534.12684461806,579.365071614583,3621.03173828125,2780.95247395833,0,0,0,1738.09521484375,289.682535807292,0,0,3488.90625,3959.47960069444,0,0,0,0,0,0,0,0,0,0,0,0,0,0,620.748318142361,0,0,0,4325.92578125,61581.96484375,3637.43969726563
"NGA",3,1,"LSMS-ISA2015",2015,2,34,3405,456,0,340032,7,0,0,0,0,0,0,0,0,0,0,0,0,0,0,0,0,0,0,0,1832.84460449219,0,0,0,0,0,0,0,0,0,0,0,0,0,0,5884.69370814732,0,2607.14285714286,0,0,0,0,372.448974609375,0,0,0,3349.541015625,3393.83984375,0,1764.51018415179,0,0,0,0,0,0,0,0,0,0,0,0,0,0,0,0,0,19205.021484375,3637.43969726563
"NGA",3,1,"LSMS-ISA2015",2015,2,34,3405,456,0,340033,6,0,0,0,0,0,506.944458007813,0,0,1966.66666666667,712.222229003906,0,0,2027.77783203125,0,2172.61897786458,0,4866.66650390625,133.33332824707,0,1333.66796875,0,0,0,0,0,0,0,0,0,0,0,0,3599.27874379369,0,0,0,359.92789048697,0,0,1979.60335993595,0,4499.0985077535,1349.72952723822,2196.04646678126,0,5913.9027837963,0,0,4262.9758862269,0,0,0,0,0,0,0,0,1298.47421356258,984.369005260122,0,0,0,0,0,0,0,40163.3046875,3637.43969726563
"NGA",3,1,"LSMS-ISA2015",2015,2,34,3405,456,0,340034,6,0,0,0,0,0,405.555541992188,0,0,0,419.444427490234,0,0,0,0,3476.1904296875,0,1622.22216796875,100,0,1333.66796875,0,0,0,0,5214.28580729167,0,0,0,0,0,0,0,2172.61897786458,0,0,0,434.523803710938,0,0,0,0,7821.42838541667,434.523803710938,44539.8645833333,0,14654.2434895833,0,0,44372.41015625,0,0,0,0,0,0,0,0,0,488.075846354167,0,0,0,0,0,0,0,127489.046875,3637.43969726563
"NGA",3,1,"LSMS-ISA2015",2015,2,34,3405,456,0,340035,12,0,0,0,0,0,0,0,0,1208.33333333333,251.388870239258,0,0,3548.61100260417,0,6517.857421875,0,0,83.3333358764648,0,2530.21875,0,0,0,0,0,0,0,0,0,0,0,0,0,0,0,217.261901855469,0,0,0,0,2172.61897786458,9559.52360026042,0,2474.43701171875,0,3419.3232421875,0,7661.248046875,0,0,0,0,3910.71419270833,0,0,0,1613.64420572917,0,341.653116861979,0,0,0,0,1086.30948893229,0,0,46596.47265625,3637.43969726563
"NGA",3,1,"LSMS-ISA2015",2015,2,34,3405,456,0,340036,12,0,0,0,0,0,304.166666666667,0,0,1050,91.6666641235352,0,0,0,0,5214.28580729167,0,0,0,0,1846.1142578125,0,0,0,0,0,0,0,0,0,0,0,0,0,0,0,0,0,0,0,0,608.333333333333,4345.23795572917,130.357147216797,1767.455078125,0,1465.63704427083,3959.47981770833,11491.8723958333,11419.1263020833,0,0,0,0,0,0,0,0,0,761.225891113281,0,0,0,0,998.9052734375,0,0,45453.86328125,3637.43969726563
"NGA",3,1,"LSMS-ISA2015",2015,2,34,3405,456,0,340037,5,0,0,0,0,0,0,0,0,0,80,0,0,0,0,0,0,0,0,0,3168.78295898438,0,0,0,0,0,0,0,0,0,0,0,0,0,0,5735.714453125,0,2085.7142578125,0,0,0,0,0,521.428564453125,0,0,3697.5744140625,0,11032.19765625,0,0,0,0,0,0,0,0,0,0,0,2366.4833984375,0,0,0,0,0,0,28687.896484375,3637.43969726563
"NGA",3,1,"LSMS-ISA2015",2015,2,34,3405,456,0,340038,7,0,0,0,0,0,0,0,0,457.142857142857,201.190460205078,0,0,0,0,0,347.619035993304,0,857.142883300781,0,1090.08740234375,0,0,0,0,0,0,0,0,0,0,0,4469.38783482143,0,0,0,0,0,0,0,0,3873.46930803571,12663.2650669643,0,3029.92299107143,0,7343.56180245536,0,9193.49776785714,978.782366071429,0,0,0,0,0,0,0,0,0,4252.87018694196,0,0,0,0,18.7160295758929,0,0,48776.65625,3637.43969726563
"NGA",3,1,"LSMS-ISA2015",2015,2,34,3405,456,0,340039,16,0,0,0,0,0,0,0,0,625,176.041656494141,0,0,0,0,1466.51782226563,0,0,587.5,0,18446.67578125,0,0,0,0,0,0,0,0,0,0,0,1955.35717773438,0,0,0,0,1955.35717773438,0,0,0,0,5540.17846679688,260.714294433594,1855.82775878906,0,2930.84838867188,2969.60986328125,4022.1552734375,2400.38098144531,0,0,0,0,1980.42590332031,0,0,1815.34997558594,0,906.030914306641,0,0,0,1140.625,230.429290771484,0,0,51265.02734375,3637.43969726563
"NGA",3,1,"LSMS-ISA2015",2015,2,34,3405,456,0,340040,1,0,0,0,0,0,0,0,0,3400,800,0,0,0,0,31285.71484375,0,12166.6669921875,0,0,5502.04931640625,0,0,0,0,0,0,0,0,0,0,41714.28515625,0,0,0,13557.1430664063,0,0,0,0,0,31285.71484375,91249.9970703125,0,4241.89208984375,0,11723.3935546875,0,0,6175.78564453125,0,0,0,0,0,0,0,0,0,4237.52661132813,0,0,0,0,0,0,0,257340.171875,3637.43969726563
"NGA",3,1,"LSMS-ISA2015",2015,2,34,3410,42,0,340041,5,0,0,0,1703.3333984375,0,608.333349609375,0,0,1000,1460,0,0,0,0,4171.428515625,0,2920,0,0,1680,0,0,0,0,0,0,0,0,0,0,0,0,0,0,0,521.428564453125,0,3128.571484375,0,3024.28579101562,0,6674.2857421875,312.857153320312,0,0,5861.697265625,9502.7515625,0,0,0,808.214306640625,0,0,0,0,0,0,0,1867.78666992188,0,0,0,0,0,0,0,45244.97265625,5274.28759765625
"NGA",3,1,"LSMS-ISA2015",2015,2,34,3410,42,0,340042,2,0,0,0,3650,0,1825,0,0,2200,1312.5,0,0,9125,0,18250,0,14600,2000,0,7070.98291015625,0,0,0,0,0,0,0,0,3128.57153320313,0,0,7821.4287109375,0,0,9646.42846679688,0,0,0,0,3650,0,15642.8571777344,1042.85717773438,0,0,5861.69677734375,17817.658203125,0,0,0,0,0,0,0,4013.6279296875,0,0,0,6336.00354003906,0,0,0,0,0,0,0,134994.609375,5274.28759765625
"NGA",3,1,"LSMS-ISA2015",2015,2,34,3410,42,0,340043,10,0,0,0,973.33330078125,0,304.166674804687,0,0,300,184.333343505859,304.166687011719,0,730,0,2085.7142578125,0,4866.6669921875,140,0,6518.04052734375,0,0,0,0,0,0,0,0,2085.7142578125,0,0,0,2607.1427734375,0,3858.57138671875,521.428564453125,886.428564453125,0,2346.428515625,0,0,9385.71420898437,0,0,1502.2109375,2930.8486328125,7127.06328125,4596.748828125,0,0,0,0,0,0,0,0,0,0,365,0,0,1117.34697265625,0,0,0,0,55737.0703125,5274.28759765625
"NGA",3,1,"LSMS-ISA2015",2015,2,34,3410,42,0,340044,8,0,0,0,912.5,0,456.25,0,0,262.5,131.041656494141,0,0,0,0,4562.5,0,3650,62.5,0,3777.30249023438,0,0,0,0,0,0,0,0,2607.14282226563,0,0,0,1955.35717773438,0,16294.642578125,0,325.892852783203,0,0,0,0,1303.57141113281,586.607147216797,1590.70947265625,0,3381.92016601563,5939.2197265625,0,0,0,0,0,0,0,0,0,0,0,782.142883300781,0,0,737.448974609375,0,0,0,0,49319.25,5274.28759765625
"NGA",3,1,"LSMS-ISA2015",2015,2,34,3410,42,0,340045,8,0,0,0,1216.66662597656,0,304.166656494141,0,0,1000,940.119018554688,0,0,1520.83337402344,0,3910.71435546875,0,4258.33349609375,225,0,3846.46923828125,0,0,0,0,0,0,0,0,2281.25,0,0,4562.5,9125,0,3193.75,0,1108.03570556641,0,2933.03564453125,782.142883300781,0,4236.60711669922,130.357147216797,0,0,5128.98486328125,13363.244140625,5745.93603515625,0,0,0,0,0,0,0,0,0,0,292.845520019531,0,0,0,0,0,0,0,70105.9921875,5274.28759765625
"NGA",3,1,"LSMS-ISA2015",2015,2,34,3410,42,0,340046,7,0,0,0,347.619035993304,0,0,0,0,0,0,0,0,0,0,0,0,1390.47619628906,0,0,4395.96484375,0,0,0,0,0,0,3168.06988909397,0,0,0,0,0,5280.11616416609,0,5280.11616416609,316.806993631295,2745.66048823586,0,0,422.409316613896,0,0,528.011628328754,0,0,4748.56081203435,0,0,0,0,0,0,0,0,0,0,0,0,0,0,0,0,0,0,0,0,28623.810546875,5274.28759765625
"NGA",3,1,"LSMS-ISA2015",2015,2,34,3410,42,0,340047,18,0,0,0,0,0,0,0,0,0,0,0,0,675.925944010417,0,0,0,3379.62963867188,0,0,9750.998046875,0,0,0,2416.64886472293,0,0,863.088855487376,0,0,0,0,0,2761.88439797882,0,3797.59106371234,0,1726.17773810149,0,0,0,0,2071.41335273759,172.617774873676,0,0,0,3932.33126531422,0,0,0,0,0,0,0,0,0,0,0,0,0,0,0,0,0,0,0,31548.306640625,5274.28759765625
"NGA",3,1,"LSMS-ISA2015",2015,2,34,3410,42,0,340048,7,0,0,0,0,0,0,0,0,0,0,0,0,2607.14285714286,0,0,0,1042.85717773438,0,0,6410.83935546875,0,0,0,0,0,0,0,0,0,0,0,0,4913.07947934557,0,4094.23271344274,0,3275.38629631223,0,0,0,0,1637.69311327888,409.42327831972,0,0,2761.54643132664,3730.75810076013,0,0,0,0,0,0,0,0,0,0,0,0,0,0,0,0,0,0,0,30882.958984375,5274.28759765625
"NGA",3,1,"LSMS-ISA2015",2015,2,34,3410,42,0,340049,10,608.333374023438,0,0,365,0,0,0,0,760,210,0,0,0,0,0,0,0,400,0,4426.24169921875,0,0,0,3128.571484375,4692.85703125,0,521.428564453125,0,0,0,0,0,0,0,0,0,0,0,0,0,0,2607.14287109375,156.428576660156,0,0,0,0,0,0,0,0,0,0,0,0,0,0,0,376.256787109375,0,0,0,0,0,0,0,18252.259765625,5274.28759765625
"NGA",3,1,"LSMS-ISA2015",2015,2,34,3410,42,0,340050,7,521.428588867188,0,0,6083.33314732143,0,521.428571428571,0,0,1571.42857142857,960.067993164063,0,0,695.238071986607,0,4469.38783482143,0,5214.28564453125,857.142883300781,0,9132.0048828125,0,0,0,0,0,7448.97935267857,744.89794921875,0,2234.69391741071,0,0,4469.38783482143,595.918387276786,0,1862.24483816964,744.89794921875,744.89794921875,2234.69391741071,372.448974609375,0,0,8193.87737165179,521.428571428571,0,0,6957.02008928571,6787.6796875,0,0,0,0,0,0,0,0,0,0,0,2334.33747209821,0,0,0,0,93.5801478794643,0,0,76366.734375,5274.28759765625
"NGA",3,1,"LSMS-ISA2015",2015,2,34,3412,156,0,340051,10,0,0,0,0,0,243.333325195313,0,0,0,374.285705566406,0,0,1216.66669921875,0,0,0,2433.33349609375,400,0,5925.24853515625,0,0,0,0,0,0,0,0,1042.85712890625,1564.2857421875,0,5214.285546875,6257.14296875,0,1303.57138671875,782.14287109375,1720.71430664063,0,0,1877.1427734375,0,2085.71430664063,0,1696.7568359375,0,0,7127.06328125,8314.0123046875,4992.4015625,0,0,0,0,0,0,0,0,0,0,0,0,0,0,0,0,0,54570.95703125,4273.99169921875
"NGA",3,1,"LSMS-ISA2015",2015,2,34,3412,156,0,340052,8,0,0,0,304.166656494141,0,0,0,0,0,375,0,0,0,0,0,0,3193.75,0,0,4686.44384765625,0,0,0,0,0,0,0,0,0,0,0,6517.85693359375,3910.71435546875,0,3258.92846679688,0,2281.25,0,0,0,0,0,325.892852783203,0,0,5861.69677734375,4454.41455078125,0,3859.86547851563,0,0,0,0,0,0,0,0,0,0,0,0,0,0,0,0,0,39029.98046875,4273.99169921875
"NGA",3,1,"LSMS-ISA2015",2015,2,34,3412,156,0,340053,6,0,0,0,405.555541992188,0,1013.88891601563,0,0,0,333.333343505859,0,0,0,0,0,0,0,133.33332824707,0,6949.56689453125,0,0,0,0,0,6517.857421875,0,0,0,0,0,17380.9518229167,0,0,4345.23795572917,0,2172.61905924479,0,0,0,0,434.523803710938,434.523803710938,3534.91015625,0,13151.7347005208,0,0,0,0,0,0,0,0,0,0,0,0,0,0,0,0,0,0,0,0,56808.03515625,4273.99169921875
"NGA",3,1,"LSMS-ISA2015",2015,2,34,3412,156,0,340054,6,0,0,0,0,0,1216.66666666667,0,0,2300,1079.16662597656,0,0,0,0,0,0,0,0,0,1799.01428222656,0,0,0,0,0,0,0,0,0,0,0,4345.23795572917,3476.1904296875,0,3476.1904296875,0,0,5214.28580729167,0,0,0,10428.5716145833,347.619059244792,7776.80208333333,0,14654.2434895833,0,0,12576.8001302083,0,0,0,7821.42838541667,0,0,0,4840.93326822917,0,3489.84928385417,0,0,0,0,0,0,912.5,85755.4921875,4273.99169921875
"NGA",3,1,"LSMS-ISA2015",2015,2,34,3412,0,0,340055,9,0,0,0,811.111111111111,0,0,0,0,0,222.222229003906,0,0,2703.70377604167,0,0,0,4055.5556640625,0,0,4986.20849609375,0,0,0,0,0,4055.55555555556,0,0,0,0,0,0,6952.38107638889,0,2896.82530381944,0,1158.73014322917,1738.09526909722,579.365071614583,0,0,0,289.682535807292,0,0,4559.09765625,0,0,3430.99153645833,0,0,0,0,0,0,0,2151.52560763889,0,0,0,0,0,0,0,0,0,40591.05078125,4273.99169921875
"NGA",3,1,"LSMS-ISA2015",2015,2,34,3412,156,0,340056,3,0,0,0,0,0,2027.77783203125,0,0,3466.66666666667,1886.11096191406,0,0,0,0,0,0,5677.77783203125,0,0,3259.27368164063,0,0,0,0,0,0,0,0,0,0,0,13904.76171875,6952.380859375,0,6952.380859375,0,2607.14290364583,0,0,0,19119.0475260417,13904.76171875,869.047607421875,9897.748046875,0,19538.9908854167,11878.4388020833,0,10292.974609375,0,0,0,0,0,0,0,0,0,6619.71793619792,0,0,0,0,0,0,0,138855.015625,4273.99169921875
"NGA",3,1,"LSMS-ISA2015",2015,2,34,3412,156,0,340057,7,10.4285717010498,0,0,0,0,0,0,0,571.428571428571,420.408172607422,0,0,0,0,0,0,0,285.714294433594,0,9321.91796875,0,0,0,5586.73493303571,11918.3671875,2234.69391741071,0,0,2234.69391741071,0,0,7448.97935267857,11173.4698660714,0,186.224487304688,1117.34695870536,5214.28564453125,0,0,893.877580915179,0,3128.57149832589,446.938790457589,0,0,1489.7958984375,0,0,0,0,0,0,0,0,0,0,0,0,0,0,0,0,0,0,0,0,63683.875,4273.99169921875
"NGA",3,1,"LSMS-ISA2015",2015,2,34,3412,156,0,340058,1,4258.33349609375,36000,0,0,0,6083.33349609375,0,0,6000,7632.142578125,0,0,0,0,26071.427734375,0,31633.333984375,0,0,35400.4453125,0,0,0,0,0,0,0,0,15642.857421875,0,0,41714.28515625,0,0,10428.5712890625,2607.14282226563,5214.28564453125,0,0,7821.4287109375,31285.71484375,62571.427734375,20335.7141113281,29693.244140625,0,70340.3671875,0,0,37054.7109375,0,0,0,0,0,0,0,9681.865234375,0,5271.21923828125,0,0,0,0,0,0,6691.66650390625,509433.5625,4273.99169921875
"NGA",3,1,"LSMS-ISA2015",2015,2,34,3412,156,0,340059,4,0,0,0,0,0,760.416687011719,0,0,1250,1112.73803710938,0,0,4562.5,0,0,0,10341.6669921875,350,0,10250.7333984375,0,0,0,0,0,0,3128.57153320313,0,3910.71435546875,0,0,19553.572265625,13035.7138671875,0,4562.49987792969,1955.35717773438,4562.5,3910.71435546875,0,0,0,4562.5,391.071441650391,0,0,7157.34716796875,13483.33984375,11491.8720703125,0,0,0,0,0,0,0,0,0,0,439.268280029297,0,0,0,0,0,0,0,120773.09375,4273.99169921875
"NGA",3,1,"LSMS-ISA2015",2015,2,34,3412,156,0,340060,8,0,0,0,0,0,760.416687011719,0,0,1325,1754.16662597656,0,0,1825,0,4562.5,0,0,1000,0,3525.6982421875,0,0,0,0,0,0,0,0,0,0,0,0,3910.71435546875,0,0,0,1499.10711669922,0,0,0,3910.71435546875,8147.3212890625,1303.57144165039,5302.365234375,0,9694.68896484375,5939.2197265625,8044.310546875,5403.81201171875,0,0,0,0,0,0,0,8099.86108398438,0,3298.96069335938,0,0,0,0,0,0,0,79307.421875,4273.99169921875
"NGA",3,1,"LSMS-ISA2015",2015,2,34,3413,262,0,340061,8,0,0,0,0,0,0,0,0,700,645.357177734375,0,0,1520.83337402344,0,2607.14282226563,0,2129.16674804688,75,0,1173.73803710938,0,0,0,0,0,0,0,0,0,0,0,0,0,0,0,0,456.25,0,0,0,8799.10693359375,17598.2138671875,456.25,1590.70947265625,0,3663.56079101563,2969.60986328125,0,3087.89282226563,0,0,0,0,0,0,0,4049.93054199219,1879.70336914063,1306.16077041626,0,0,0,0,0,0,0,54708.62890625,4546.7998046875
"NGA",3,1,"LSMS-ISA2015",2015,2,34,3413,262,0,340062,7,0,0,0,0,0,0,0,0,0,434.693878173828,0,0,1738.09528459821,0,4469.38783482143,0,0,0,0,3123.42529296875,0,0,0,0,0,0,0,0,0,0,0,0,8336.54686799592,0,0,2084.13671699898,1834.04040100016,0,0,0,0,0,250.096423239876,2034.568147109,0,5479.31753412108,0,0,3949.51339289728,0,0,3805.81465252766,0,0,0,0,6727.91772672495,0,2259.48744159945,0,0,0,0,0,0,0,46527.0390625,4546.7998046875
"NGA",3,1,"LSMS-ISA2015",2015,2,34,3413,262,0,340063,8,0,0,0,0,0,608.333312988281,0,0,1200,481.458343505859,1825,0,0,0,2607.14282226563,0,0,75,0,5212.17529296875,0,0,0,0,0,0,0,0,0,0,6517.85693359375,0,0,0,1303.57141113281,1629.46429443359,0,0,0,782.142883300781,0,7169.64282226563,586.607116699219,3181.4189453125,0,4396.27294921875,0,0,4800.76196289063,0,0,0,0,0,0,0,2420.46630859375,0,599.128662109375,0,0,0,0,0,0,0,45396.4453125,4546.7998046875
"NGA",3,1,"LSMS-ISA2015",2015,2,34,3413,262,0,340064,11,0,0,0,0,0,0,0,0,1109.09090909091,675.757568359375,0,0,1880.30308948864,0,0,0,0,0,0,1854.12292480469,0,0,0,0,0,0,0,0,0,0,0,0,1659.09090909091,0,0,474.025967684659,331.818181818182,0,2133.11683238636,284.415593927557,0,3792.20774147727,0,1156.87961647727,0,2664.40784801136,0,9978.36008522727,2245.740234375,0,0,0,0,0,0,0,0,0,1649.17158647017,0,0,0,0,0,0,0,31888.509765625,4546.7998046875
"NGA",3,1,"LSMS-ISA2015",2015,2,34,3413,262,0,340065,12,0,0,0,0,0,0,0,0,1833.33333333333,1288.09521484375,506.944458007813,0,0,0,2172.61897786458,0,1622.22216796875,0,0,3750.82885742188,0,0,0,0,0,0,0,0,0,0,0,0,1303.57145182292,0,0,434.523803710938,0,0,0,0,4345.23795572917,3476.1904296875,391.071441650391,1767.455078125,0,4884.96028645833,0,0,2058.59521484375,0,0,0,0,0,0,0,3506.77612304688,626.567789713542,0,0,0,0,0,0,0,0,33968.99609375,4546.7998046875
"NGA",3,1,"LSMS-ISA2015",2015,2,34,3413,262,0,340066,11,0,0,0,0,0,165.909090909091,0,0,545.454545454546,275.757568359375,0,0,2212.12127130682,0,2844.15589488636,0,0,0,0,2810.36108398438,0,0,0,0,0,0,0,0,0,0,0,2370.12979403409,0,0,0,0,0,0,0,0,0,3792.20774147727,1896.10387073864,1542.50621448864,0,3361.43128551136,2159.71626420455,0,0,0,0,0,0,0,0,0,2945.40403053977,0,0,0,0,0,0,0,0,0,26921.259765625,4546.7998046875
"NGA",3,1,"LSMS-ISA2015",2015,2,34,3413,262,0,340067,8,0,0,0,0,0,608.333312988281,0,0,1750,423.125,0,0,3041.66674804688,0,7821.4287109375,0,0,750,0,1767.43725585938,0,0,0,0,0,0,0,0,0,0,0,0,0,0,0,0,0,0,0,0,0,5214.28564453125,325.892852783203,2120.94604492188,0,6031.12817382813,0,0,2315.91943359375,0,0,0,0,0,0,0,1629.46423339844,0,2646.95703125,0,0,0,0,0,0,0,36446.5859375,4546.7998046875
"NGA",3,1,"LSMS-ISA2015",2015,2,34,3413,262,0,340068,6,0,0,0,0,0,0,0,0,0,707.142883300781,0,0,4055.5556640625,0,8690.47591145833,0,0,0,0,2519.79809570313,0,0,0,0,0,7291.7083571271,0,0,455.731772320444,0,0,0,10937.5628791231,0,1822.92708928178,0,911.463544640888,0,0,0,0,4557.31780906255,273.439075823193,2224.46378276697,0,7961.45908700536,0,0,3238.60452021535,0,0,0,0,0,0,0,3384.80389875391,5468.78143956155,3131.77118552155,0,0,0,0,0,0,0,67633.015625,4546.7998046875
"NGA",3,1,"LSMS-ISA2015",2015,2,34,3413,262,0,340069,7,0,0,0,0,0,0,0,0,1828.57142857143,601.190490722656,0,0,0,0,0,0,2085.71435546875,485.714294433594,0,3123.42529296875,0,0,0,0,0,0,0,0,0,0,0,0,0,0,0,0,0,0,0,0,0,1117.34695870536,223.469395228795,2423.93833705357,0,5539.943359375,0,0,4411.27483258929,0,0,0,6704.08147321429,0,0,0,2766.24720982143,0,669.361188616071,0,0,0,0,0,0,0,31980.28125,4546.7998046875
"NGA",3,1,"LSMS-ISA2015",2015,2,34,3413,262,0,340070,12,0,0,0,0,0,0,0,0,491.666666666667,0,0,0,659.027791341146,0,869.047607421875,0,0,0,0,1111.12451171875,0,0,0,0,0,0,0,0,0,0,0,5470.38247184117,1823.46076673455,0,0,683.797808980147,0,0,0,0,2735.19123592059,2735.19123592059,364.692170510662,1854.26262633616,0,4336.50766326367,0,0,3897.62419836319,0,0,0,0,0,0,0,1139.66295775441,0,409.637946144038,0,0,0,0,0,0,0,28581.275390625,4546.7998046875
"NGA",3,1,"LSMS-ISA2015",2015,2,34,3403,198,0,340071,12,0,1800,0,0,0,354.861124674479,0,0,0,345.238128662109,0,0,3041.66666666667,0,4345.23795572917,0,5069.4443359375,116.666664123535,0,13463.9638671875,0,869.047607421875,0,0,0,0,0,0,651.785725911458,0,0,8690.47623697917,6517.857421875,0,1086.30948893229,434.523803710938,2389.88094075521,0,0,0,0,23898.8087565104,434.523803710938,0,0,4194.564453125,3595.55696614583,0,1849.03743489583,0,0,0,0,0,0,0,0,0,0,0,0,0,0,0,0,0,83149.4453125,6274.58349609375
"NGA",3,1,"LSMS-ISA2015",2015,2,34,3403,198,0,340072,9,0,0,0,2433.33333333333,0,675.925944010417,0,0,222.222222222222,293.650787353516,0,0,1892.59266493056,0,2317.46028645833,0,7570.37060546875,222.222229003906,0,6699.01806640625,0,0,0,0,0,0,0,0,0,869.047634548611,8690.4765625,9849.20659722222,0,0,2317.46028645833,289.682535807292,6083.33314344618,0,0,2027.77777777778,0,6952.38107638889,2896.82543945313,4998.19835069444,0,11954.8385416667,0,0,9208.55946180555,0,0,0,0,0,0,0,1884.34288194444,0,0,0,0,0,0,0,0,675.925964355469,91024.8515625,6274.58349609375
"NGA",3,1,"LSMS-ISA2015",2015,2,34,3403,198,0,340073,5,0,16260,0,730,0,0,0,0,0,0,0,0,0,0,0,0,10950,0,0,9693.294921875,0,0,0,0,0,7777.22788356135,0,0,0,0,0,0,6666.19544037402,0,5555.16260656168,0,2222.06508168717,0,0,0,0,0,555.516270421793,0,0,6435.04098588525,9193.46822474437,0,3545.84868984626,0,0,0,0,0,0,0,0,0,0,0,0,0,0,0,0,0,79583.8203125,6274.58349609375
"NGA",3,1,"LSMS-ISA2015",2015,2,34,3403,198,0,340074,12,0,6775,0,0,0,0,0,0,0,0,0,0,0,0,0,0,1216.66662597656,0,0,10691.0185546875,0,0,0,0,0,0,0,0,0,0,0,0,4212.57495535932,0,4680.63880708372,0,2106.28755905987,0,0,0,0,1404.19170901334,468.063890184434,3365.00040701793,0,4066.50129959955,11619.2736346952,0,1493.82098548916,0,0,0,0,0,0,0,0,0,0,0,0,0,0,0,0,0,52099.0390625,6274.58349609375
"NGA",3,1,"LSMS-ISA2015",2015,2,34,3403,198,0,340075,3,0,0,0,2838.88899739583,0,1419.44449869792,0,0,5066.66666666667,1744.4443359375,0,0,0,0,8690.47591145833,0,0,400,0,13667.64453125,0,0,0,0,0,13904.76171875,0,0,695.238118489583,0,0,29547.6184895833,0,0,11992.8570963542,1738.09521484375,5909.52376302083,5214.28580729167,0,6257.142578125,16338.0953776042,38238.0950520833,0,0,0,30326.9000651042,25168.9010416667,0,22188.4505208333,0,0,0,0,0,0,0,0,0,1952.30338541667,0,0,0,0,5268.47623697917,0,0,248568.28125,6274.58349609375
"NGA",3,1,"LSMS-ISA2015",2015,2,34,3403,198,0,340076,8,0,2550,0,0,0,304.166656494141,1216.66662597656,0,2575,3672.02392578125,0,0,0,0,1955.35717773438,0,9125,450,0,11323.2705078125,0,0,0,0,0,5214.28564453125,0,0,0,0,0,3910.71435546875,9125,0,2933.03564453125,1629.46423339844,3910.71429443359,0,391.071441650391,0,6517.85693359375,6517.85693359375,325.892852783203,2811.48657226563,0,6855.55316162109,5393.33544921875,0,7259.9814453125,0,0,0,0,0,0,0,1589.91418457031,1293.87939453125,3778.68627929688,0,0,0,0,0,0,0,102630.21875,6274.58349609375
"NGA",3,1,"LSMS-ISA2015",2015,2,34,3403,198,0,340077,7,0,11614.2861328125,0,0,0,1216.66671316964,0,0,0,0,0,0,0,0,0,0,10428.5712890625,0,0,19943.849609375,0,0,0,0,0,5008.28622688077,1669.42868390205,0,0,0,0,0,3338.85736780411,0,4173.57164000067,0,2921.50023170583,0,0,0,0,2086.78587271041,417.357170975513,3000.46016729879,0,8057.70157304566,13814.0324947328,0,0,0,0,0,0,0,0,0,0,0,0,0,0,0,0,0,0,0,87691.359375,6274.58349609375
"NGA",3,1,"LSMS-ISA2015",2015,2,34,3403,198,0,340078,8,0,0,0,1064.58337402344,0,760.416687011719,0,0,1525,1607.5,0,0,3802.08325195313,0,3258.92846679688,0,8060.4169921875,1125,0,14523.4306640625,0,0,0,0,0,0,0,0,0,0,0,0,6517.85717773438,0,2607.14282226563,977.678588867188,1955.35717773438,0,0,0,11992.8569335938,11080.3569335938,3063.39282226563,0,0,12583.693359375,6741.669921875,0,12970.1394042969,0,0,0,0,0,0,0,0,939.851684570313,4072.04455566406,0,0,0,0,0,0,608.333312988281,111837.7421875,6274.58349609375
"NGA",3,1,"LSMS-ISA2015",2015,2,34,3403,198,0,340079,5,0,4080,0,0,0,973.33330078125,0,0,3400,3776.66674804688,0,0,0,0,12514.2859375,0,7786.66650390625,1000,0,8975.1748046875,0,0,0,0,0,0,5214.285546875,0,0,0,0,6257.14296875,10428.57109375,0,4692.85703125,0,730,0,625.714306640625,3128.571484375,12514.2859375,12514.2859375,5735.71411132813,0,0,18177.50390625,4314.668359375,0,0,0,0,0,0,0,0,0,2543.8626953125,0,3024.28571777344,0,0,0,0,0,0,1216.66674804688,133624.546875,6274.58349609375
"NGA",3,1,"LSMS-ISA2015",2015,2,34,3403,198,0,340080,10,0,8012.39990234375,0,730,0,608.333349609375,0,0,0,100,0,0,0,0,0,0,2433.33349609375,0,0,13960.6953125,0,0,0,0,10428.57109375,6257.14296875,0,0,0,0,0,0,3650,0,5214.285546875,0,1042.85712890625,0,0,0,0,521.428564453125,521.428564453125,0,0,6040.17265625,0,0,5547.112890625,0,0,0,0,0,0,0,0,0,0,0,0,0,0,0,0,0,65067.7578125,6274.58349609375
"NGA",3,1,"LSMS-ISA2015",2015,2,34,3408,870,0,340081,12,0,0,0,709.722249348958,0,0,0,0,1416.66666666667,843.611145019531,0,0,1825,0,3041.66666666667,0,4055.5556640625,216.66667175293,0,13463.9638671875,0,0,0,0,0,0,0,0,0,0,5608.2630496743,11216.5260993486,4673.55228318971,0,2336.77614159485,0,981.4460260448,4206.19709360157,0,841.239403988959,0,0,1635.7433087991,0,0,15559.760116716,5323.30933111216,0,6642.41066627638,0,0,0,0,0,0,0,0,0,0,0,0,0,0,0,0,0,84598.0703125,5092.41552734375
"NGA",3,1,"LSMS-ISA2015",2015,2,34,3408,870,0,340082,7,4866.6669921875,0,0,1390.47614397321,0,608.333356584821,0,0,1942.85714285714,7468.19775390625,0,0,0,0,5959.18359375,0,5561.90478515625,1142.85717773438,0,6303.33349609375,0,0,3055.92599707902,0,0,0,0,0,0,0,0,26739.3528446788,17953.565551334,0,5042.27788674909,0,0,3819.90742966075,3055.92599707902,3208.72234062551,0,6875.8335662487,5347.87042206737,0,0,30522.4833576119,8701.96696233495,0,17489.2946742884,0,0,0,0,0,0,0,0,0,0,0,0,0,0,0,0,695.238098144531,167752.171875,5092.41552734375
"NGA",3,1,"LSMS-ISA2015",2015,2,34,3408,870,0,340083,12,0,0,0,1013.88891601563,0,811.111083984375,0,0,416.666666666667,593.253967285156,0,0,2027.77783203125,0,7821.42838541667,0,5069.4443359375,0,0,10494.3486328125,0,3650,0,0,0,0,0,0,1738.09521484375,0,0,0,4345.23795572917,0,4214.88110351563,1042.85717773438,2172.61897786458,0,1825,869.047607421875,0,4779.76180013021,217.261901855469,0,0,11686.0978190104,6929.08984375,0,0,0,0,0,0,0,0,0,0,0,2602.56172688802,0,0,0,0,0,0,0,74320.4375,5092.41552734375
"NGA",3,1,"LSMS-ISA2015",2015,2,34,3408,870,0,340084,11,774.242431640625,0,0,442.424227627841,0,331.818181818182,0,0,0,987.662292480469,276.515167236328,0,8848.48508522727,0,0,0,3318.18188476563,4533.33349609375,0,3727.53930664063,0,1422.07794744318,0,3981.81818181818,8295.45454545455,4740.25958806818,1777.59747869318,0,948.051935369318,0,0,5688.31178977273,3792.20774147727,0,1185.06489701705,0,2607.14284446023,0,711.038973721591,2749.3505859375,0,3697.40252130682,0,0,0,2073.86363636364,0,0,0,0,0,0,0,0,0,0,0,0,237.01298384233,0,0,0,0,0,0,884.848449707031,68031.7109375,5092.41552734375
"NGA",3,1,"LSMS-ISA2015",2015,2,34,3408,870,0,340085,9,946.296325683594,0,0,811.111111111111,0,608.333333333333,0,0,0,748.8359375,0,0,5407.40755208333,0,8690.4765625,0,4055.5556640625,3379.62963867188,0,4555.88134765625,0,0,0,4982.53971354167,11007.9366319444,2896.82530381944,4490.07942708333,0,6257.14268663194,0,0,0,8690.4765625,0,1448.41265190972,869.047634548611,2317.46028645833,3476.19053819444,289.682535807292,984.920654296875,0,4750.79361979167,231.746039496528,0,0,0,0,0,0,0,0,0,0,0,0,0,0,0,0,0,0,0,0,0,0,270.370361328125,82167.1484375,5092.41552734375
"NGA",3,1,"LSMS-ISA2015",2015,2,34,3408,870,0,340086,12,405.555541992188,0,0,1013.88891601563,0,486.666666666667,0,0,1150,2563.88891601563,0,0,1013.88891601563,0,5214.28580729167,0,3041.66674804688,333.333343505859,0,13265.390625,0,0,0,2045.54524224855,0,0,0,0,5113.86301136387,1022.77262112428,0,12784.6577169247,7159.40844212744,0,9665.20162144351,1278.46575284097,8693.56709953818,5625.24965182729,2045.54524224855,1840.99065116735,0,8949.26047127909,4346.78372334861,0,0,9772.96945904366,11649.6716685303,0,0,0,0,0,0,0,0,0,0,0,0,0,0,0,0,0,0,811.111083984375,121293.6328125,5092.41552734375
"NGA",3,1,"LSMS-ISA2015",2015,2,34,3408,870,0,340087,5,730,0,0,2433.3333984375,0,1216.66669921875,0,0,400,3525.23828125,0,0,0,0,31285.715625,0,9733.333984375,280,0,9693.294921875,0,0,0,8551.42861328125,18250,6257.14296875,5214.285546875,0,3650.00004882812,0,0,10428.57109375,7821.42890625,0,2607.1427734375,0,2607.14282226563,3128.571484375,0,1877.1427734375,0,5422.8572265625,521.428564453125,0,0,0,0,0,0,0,0,0,0,0,0,0,0,0,3676.7890625,0,0,0,0,0,0,1216.66674804688,140528.1875,5092.41552734375
"NGA",3,1,"LSMS-ISA2015",2015,2,34,3408,870,0,340088,8,760.416687011719,0,0,912.5,0,532.291687011719,0,0,500,1893.89880371094,0,0,2281.25,0,0,0,6083.33349609375,250,0,10470.7158203125,0,0,0,5931.25,11406.25,5214.28564453125,3584.82153320313,0,0,0,0,11732.142578125,6517.85693359375,0,1629.46423339844,1303.57141113281,3063.39282226563,4236.60693359375,0,1955.35720825195,0,4366.96429443359,325.892852783203,1590.70947265625,0,1140.625,0,0,0,0,0,0,0,0,0,0,0,0,0,0,0,0,0,0,0,1216.66662597656,88900.265625,5092.41552734375
"NGA",3,1,"LSMS-ISA2015",2015,2,34,3408,870,0,340089,7,0,0,0,1303.57142857143,0,695.238071986607,0,0,1342.85714285714,1097.61901855469,0,0,4345.23800223214,0,4469.38783482143,0,6604.76171875,457.142852783203,0,6410.83935546875,0,0,0,0,0,0,0,0,6863.87940483371,0,0,8579.84905324282,4289.92452662141,1286.97742855775,3946.73079810518,1715.96985120843,0,7721.86422903827,0,3088.74561049558,0,4289.92452662141,0,0,0,22926.1267245768,9772.69272531204,0,10161.9484831051,0,0,0,0,0,0,0,0,0,963.72560571624,0,0,0,0,323.361185219858,0,695.238098144531,113353.6015625,5092.41552734375
"NGA",3,1,"LSMS-ISA2015",2015,2,34,3408,870,0,340090,13,0,0,0,935.8974609375,0,1123.07692307692,0,0,1000,1570.60437011719,0,0,5147.43569711538,0,10027.4723557692,0,8423.0771484375,2179.4873046875,0,35489.91015625,0,0,0,2807.69223257212,8423.07692307692,3208.79116586538,5013.736328125,0,2286.2637094351,0,24065.9350961538,10428.5712139423,3609.89002403846,1123.07692307692,1002.74722055288,1804.94508713942,5294.50546499399,2807.69230769231,1002.74722055288,5294.50559645433,0,12434.0656550481,200.549447866587,0,0,0,0,0,0,0,0,0,0,0,0,0,0,0,0,0,0,0,0,0,0,1497.43579101563,158203.171875,5092.41552734375
"NGA",3,1,"LSMS-ISA2015",2015,2,35,3503,54,1,350002,11,1990.90905761719,3272.72729492188,0,442.424227627841,0,0,0,0,4400,3480.73583984375,0,0,0,0,0,553.030317826705,5530.302734375,1090.90905761719,0,18394.37109375,0,4740.25958806818,3555.19495738636,4740.25958806818,26071.4289772727,0,0,0,0,0,0,1896.10387073864,948.051935369318,1659.09090909091,6636.36372514205,0,6162.33762428977,1896.10387073864,1659.09090909091,0,0,0,189.610395951705,0,0,0,0,0,0,0,0,0,0,0,0,0,0,0,0,0,0,0,0,0,0,0,99309.296875,4214.41943359375
"NGA",3,1,"LSMS-ISA2015",2015,2,35,3503,54,1,350003,8,0,4500,0,22812.5,0,0,0,0,4450,17658.03515625,0,0,9125,0,5214.28564453125,2281.25,16729.166015625,1175,0,25292.259765625,0,0,0,21203.259471525,39265.2928575199,31412.2339762684,0,0,54971.4114287975,11779.5885240709,19632.6464287599,54971.4114287975,5104.48794284658,0,7853.05873820771,6282.44693334865,11779.5880357897,11779.5885240709,9423.6706441636,3926.52924703354,0,29841.6223144531,0,0,0,0,0,0,0,0,0,0,0,0,0,0,0,0,0,0,0,0,0,0,0,0,428464.28125,4214.41943359375
"NGA",3,1,"LSMS-ISA2015",2015,2,35,3503,54,1,350004,13,0,5538.46142578125,0,1871.794921875,0,0,0,0,4615.38461538462,3008.24194335938,0,0,9358.97415865385,0,0,0,2339.74365234375,0,0,4147.052734375,0,0,0,0,40974.0026968604,0,0,0,0,0,0,27316.0003008786,0,8194.80062477708,19667.5209997388,0,12292.2002492358,0,6555.84027526741,0,0,0,546.320014042597,18889.5377072376,16679.0255229104,0,0,0,0,0,0,0,0,0,0,0,0,0,0,24534.7353706964,0,0,0,0,0,0,206529.65625,4214.41943359375
"NGA",3,1,"LSMS-ISA2015",2015,2,35,3503,54,1,350005,3,0,6000,0,4055.5556640625,0,0,0,0,3666.66666666667,1597.61901855469,0,0,0,0,5214.28580729167,0,6894.44482421875,666.666687011719,0,5345.75146484375,0,0,0,0,9559.52408854167,0,0,0,2954.76196289063,0,0,0,3476.1904296875,0,6952.380859375,0,6083.33325195313,3476.1904296875,869.047607421875,7995.23779296875,0,14947.6186523438,1216.66666666667,0,6833.796875,2.50536251068115,0,0,0,0,0,0,0,0,0,0,0,0,0,0,0,0,0,0,0,0,97808.234375,4214.41943359375
"NGA",3,1,"LSMS-ISA2015",2015,2,35,3503,0,1,350006,4,9125,3000,0,2129.16674804688,912.5,608.333312988281,0,0,3100,3855.53564453125,0,0,0,0,0,0,2737.5,0,0,3000,0,0,0,0,7039.28564453125,0,22812.5,0,0,0,0,0,0,0,12774.9997558594,0,3910.71423339844,3258.92846679688,1303.57141113281,0,0,0,1042.85717773438,0,0,0,0,0,0,0,0,0,0,0,0,0,0,0,0,0,0,0,0,0,0,0,80610.8984375,4214.41943359375
"NGA",3,1,"LSMS-ISA2015",2015,2,35,3503,54,1,350007,7,695.238098144531,0,0,1738.09528459821,869.047642299107,0,0,0,3514.28571428571,3764.96606445313,0,0,0,0,0,0,0,571.428588867188,0,1690.05505371094,0,0,0,5959.18359375,11173.4698660714,0,0,0,0,2979.591796875,0,7448.97935267857,744.89794921875,0,5214.28557477679,0,2234.69388253348,2979.591796875,372.448974609375,0,0,0,223.469395228795,0,0,0,0,0,0,0,0,0,0,0,0,0,0,0,0,0,0,0,0,0,0,0,52173.7265625,4214.41943359375
"NGA",3,1,"LSMS-ISA2015",2015,2,35,3503,54,1,350008,1,0,14400,0,9733.3330078125,0,0,0,0,0,521.428588867188,0,0,0,0,0,0,0,0,0,11830.3857421875,0,0,0,39107.14453125,0,0,0,0,0,0,0,0,0,15642.857421875,10428.5712890625,0,15642.8569335938,0,0,0,0,0,2607.14282226563,0,0,0,0,0,0,0,0,0,0,0,0,0,0,0,0,0,0,0,0,0,0,0,119913.71875,4214.41943359375
"NGA",3,1,"LSMS-ISA2015",2015,2,35,3503,0,1,350009,10,0,0,0,1460,0,0,0,0,5800,2777.619140625,0,0,0,0,0,0,1216.66674804688,0,0,1043.90441894531,0,0,0,5836.87027566088,7004.24466147644,0,0,0,0,0,0,2334.74814023516,0,0,2918.43513783044,2334.74814023516,2918.43518665857,4669.49628047033,0,0,0,0,583.687035058791,0,0,0,0,0,0,0,0,0,0,0,0,0,0,0,0,0,0,0,0,0,0,0,40898.85546875,4214.41943359375
"NGA",3,1,"LSMS-ISA2015",2015,2,35,3503,54,1,350010,6,0,2600,0,4055.5556640625,0,0,0,0,2266.66666666667,21551.189453125,0,0,0,0,2607.14290364583,811.111083984375,9530.5556640625,1066.66662597656,0,4896.1962890625,0,0,0,7958.35493335454,12733.3675881315,3820.01004751262,0,0,4456.67857953708,4775.01265477696,0,7427.7976325618,0,2122.22786776446,3183.34181565267,1061.11393388223,5836.12665603343,8488.91147105786,1591.67094851644,0,0,18569.4938065963,1061.11393388223,0,0,0,0,0,0,0,0,0,0,0,0,0,0,0,0,0,0,0,0,0,0,0,132470.296875,4214.41943359375
"NGA",3,1,"LSMS-ISA2015",2015,2,35,3515,316,0,350021,8,0,0,0,0,0,0,0,0,1125,63.0059509277344,0,0,0,0,0,0,0,0,0,1603.73901367188,0,0,0,0,0,0,0,0,0,0,0,0,1902.97161568876,0,5328.32046039961,0,2378.71453261364,0,0,0,0,1902.97161568876,190.297171573198,0,0,0,0,0,0,0,0,0,0,0,0,2854.45756258443,2033.33879150369,0,0,5571.41520234849,0,0,0,0,0,0,24954.232421875,1264.32592773438
"NGA",3,1,"LSMS-ISA2015",2015,2,35,3515,316,0,350022,3,0,0,0,0,0,405.555541992188,0,0,0,973.8095703125,0,0,0,0,0,0,0,1000,0,4497.19677734375,0,0,0,0,973.440801369492,0,3893.76320547797,0,0,0,0,5840.64501602404,0,0,7787.52641095594,0,1946.88160273898,0,1946.88160273898,97.3440849098139,0,0,389.376339639256,2317.93241804885,1530.9394331628,0,0,0,0,0,0,0,0,0,0,0,0,0,0,1464.29307633712,0,0,0,0,0,0,35065.58203125,1264.32592773438
"NGA",3,1,"LSMS-ISA2015",2015,2,35,3515,316,0,350023,5,0,0,0,0,0,0,0,0,4800,539.761901855469,0,0,0,0,0,0,0,0,0,1526.12231445313,0,0,0,0,0,0,0,0,0,0,0,17461.3716519307,0,0,9977.92621670645,0,6236.20427178876,0,8730.68582596537,0,0,0,2494.48155417661,17819.3876361494,3923.09455006708,0,0,0,0,0,0,0,0,0,0,0,0,0,0,11202.4894262668,0,0,0,0,0,0,84711.53125,1264.32592773438
"NGA",3,1,"LSMS-ISA2015",2015,2,35,3515,316,0,350025,10,0,0,0,0,0,0,0,0,270,72.1428604125977,0,0,0,0,0,365,0,0,0,1973.15014648438,0,0,0,0,4692.85703125,0,0,0,1251.42861328125,782.14287109375,0,0,0,1042.85712890625,1303.57138671875,521.428564453125,2085.71430664063,3910.714453125,1355.7142578125,0,0,0,104.285717773438,0,4100.278125,0,0,0,0,0,0,0,0,0,0,0,0,0,0,0,0,0,0,0,0,0,23831.28515625,1264.32592773438
"NGA",3,1,"LSMS-ISA2015",2015,2,35,3515,316,0,350026,9,0,0,0,0,0,0,0,0,5933.33333333333,339.021148681641,0,0,0,0,0,0,0,0,0,1882.01123046875,0,0,0,0,5793.65060763889,0,0,0,579.365071614583,0,0,8111.11111111111,0,0,2317.46028645833,0,2317.46028645833,3810.45529513889,579.365071614583,0,0,289.682535807292,347.619059244792,6897.84635416667,3644.69140625,0,0,0,0,0,0,0,0,0,0,0,0,0,0,3392.46614583333,0,0,0,0,0,270.370361328125,46505.91015625,1264.32592773438
"NGA",3,1,"LSMS-ISA2015",2015,2,35,3515,316,0,350027,8,0,0,0,0,0,0,0,0,0,37.5,0,0,0,0,0,0,0,0,0,1603.73901367188,0,0,0,0,0,0,0,0,0,0,0,0,0,0,0,0,1998.93431576493,0,999.467157882465,0,0,0,199.893434898461,0,11188.2846159826,0,0,0,0,0,0,0,0,0,0,1998.93431576493,0,0,0,250.573838397411,0,0,0,0,0,0,18277.326171875,1264.32592773438
"NGA",3,1,"LSMS-ISA2015",2015,2,35,3515,316,0,350028,7,0,0,0,0,0,0,0,0,174.285714285714,200.408172607422,0,0,0,0,3724.48967633929,0,0,0,0,1832.84460449219,0,0,0,0,0,0,1489.7958984375,0,0,1117.34695870536,0,0,0,1638.77553013393,1862.24483816964,0,2309.1836983817,0,0,0,0,0,372.448974609375,0,5685.39118303571,0,0,0,0,0,0,0,0,0,0,0,0,0,0,0,0,0,0,0,0,0,20407.21484375,1264.32592773438
"NGA",3,1,"LSMS-ISA2015",2015,2,35,3515,316,0,350029,7,0,0,0,0,0,0,0,0,1428.57142857143,117.346939086914,0,0,0,0,0,0,0,0,0,1832.84460449219,0,0,0,0,3575.51032366071,0,595.918387276786,0,1787.75516183036,0,0,0,0,0,1638.77553013393,0,744.89794921875,0,0,223.469395228795,0,3352.04087611607,372.448974609375,2423.93833705357,2164.16001674107,0,0,0,0,0,0,0,0,0,0,4469.38783482143,1822.25795200893,0,0,2900.77455357143,0,0,0,512.070591517857,0,0,29962.169921875,1264.32592773438
"NGA",3,1,"LSMS-ISA2015",2015,2,35,3515,316,0,350030,3,0,0,0,0,0,0,0,0,1366.66666666667,314.365081787109,0,0,0,0,10428.5716145833,567.777791341146,0,0,0,4276.63720703125,0,0,0,0,8342.857421875,0,2085.71435546875,0,4171.4287109375,0,0,0,3476.1904296875,0,5909.52392578125,0,4519.04760742188,0,0,0,0,12166.6663411458,521.428588867188,6009.630859375,7959.54752604167,0,0,0,0,0,0,0,0,0,0,3910.71419270833,0,6708.529296875,0,5641.77392578125,0,0,0,0,0,0,88377.078125,1264.32592773438
"NGA",3,1,"LSMS-ISA2015",2015,2,35,3516,1632,0,350031,11,0,0,0,0,0,0,0,0,367.272727272727,47.424243927002,0,0,0,0,711.038973721591,0,0,454.545440673828,0,798.0546875,0,0,4299.5048897911,1984.38672915779,2480.48344275225,0,0,0,1322.924579245,826.827852566351,0,3858.52990201177,0,275.609274609884,2204.87419687907,1322.9245348558,1929.26492881128,2756.09268862544,551.218549219767,0,0,1102.43709843953,165.365572405626,0,0,0,0,0,0,0,0,0,0,0,0,0,0,0,0,0,0,0,0,0,0,0,27458.78125,1706.83996582031
"NGA",3,1,"LSMS-ISA2015",2015,2,35,3516,1632,0,350032,3,0,0,0,0,0,0,0,0,666.666666666667,1173.8095703125,0,0,0,0,5214.28580729167,0,0,1666.66662597656,0,2099.14575195313,0,4643.78720224047,5001.00171533422,0,7144.28806628815,12502.504281955,0,0,1786.07201657204,0,0,11609.4676800803,3572.14403314408,0,3572.14403314408,0,3572.14411452428,3929.35853347668,893.036008286019,0,0,5536.82316824124,0,0,0,0,0,0,0,0,0,0,0,0,0,0,0,0,0,0,0,0,0,0,0,0,74583.3515625,1706.83996582031
"NGA",3,1,"LSMS-ISA2015",2015,2,35,3516,1632,0,350033,1,0,0,0,0,0,0,0,0,8300,421.666656494141,0,0,0,0,7821.4287109375,0,0,3600,0,6297.4375,0,0,0,9385.7138671875,22421.427734375,0,6257.14306640625,0,5214.28564453125,0,0,0,0,0,10428.5712890625,0,0,10428.5712890625,2607.14282226563,0,0,18250,0,0,0,0,0,0,0,0,0,0,0,0,0,0,0,0,0,0,0,0,0,0,0,0,111433.3828125,1706.83996582031
"NGA",3,1,"LSMS-ISA2015",2015,2,35,3516,1632,0,350034,4,0,0,0,0,0,0,0,0,2350,1342.85717773438,0,0,0,0,0,0,0,500,0,2731.76318359375,0,0,0,0,9212.31653785935,0,0,0,0,1316.04520198944,0,0,0,0,2632.09040397888,0,1974.06780205268,2895.29951724636,0,0,0,0,263.209052698067,0,4139.51312662936,0,0,0,0,0,0,0,0,0,0,3948.13572990159,0,0,0,0,0,0,0,0,0,0,33305.296875,1706.83996582031
"NGA",3,1,"LSMS-ISA2015",2015,2,35,3516,1632,0,350035,8,0,0,0,0,0,0,0,0,2812.5,1005.59527587891,0,0,0,0,0,0,1216.66662597656,750,0,1477.93530273438,0,0,0,0,10720.2868226527,0,510.489843177606,0,2041.95937271042,0,0,0,1531.46958442068,0,3062.93916884136,0,2041.95937271042,4083.91874542084,3573.42900587167,0,0,0,510.489843177606,0,8028.5220287494,0,0,0,0,0,0,0,0,0,0,76.5734818117448,0,0,0,0,0,0,0,0,0,0,43444.734375,1706.83996582031
"NGA",3,1,"LSMS-ISA2015",2015,2,35,3516,1632,0,350036,4,0,0,0,0,0,0,0,0,2750,265.178588867188,0,0,0,0,0,0,0,0,0,2336.669921875,0,5475,5475,0,0,0,0,0,0,0,0,0,0,0,5214.28564453125,0,3910.71423339844,2607.14282226563,1303.57141113281,0,0,0,651.785705566406,0,0,0,0,0,0,0,0,0,0,0,0,0,0,0,0,0,0,0,0,0,0,0,29989.34765625,1706.83996582031
"NGA",3,1,"LSMS-ISA2015",2015,2,35,3516,1632,0,350037,1,0,0,0,0,0,0,0,0,5400,1164.76196289063,0,0,0,0,0,0,0,0,0,13695.9912109375,0,31285.71484375,31285.71484375,23464.28515625,0,0,0,0,0,0,0,0,0,0,13557.1430664063,0,13035.7141113281,13035.7138671875,5214.28564453125,0,0,5214.28564453125,1564.28576660156,0,0,0,0,0,0,0,0,0,0,0,0,0,0,0,0,0,0,0,0,0,0,0,157917.90625,1706.83996582031
"NGA",3,1,"LSMS-ISA2015",2015,2,35,3516,1632,0,350038,6,0,0,0,0,0,0,0,0,1066.66666666667,188.293655395508,2027.77783203125,0,0,0,0,0,0,0,0,1847.83435058594,0,2607.14290364583,2607.14290364583,0,2172.61897786458,0,869.047607421875,0,0,0,0,0,0,0,2520.23815917969,0,434.523803710938,869.047607421875,0,0,0,0,173.809529622396,0,0,0,0,0,0,0,0,0,0,0,0,0,0,0,0,0,0,0,0,0,0,0,17384.14453125,1706.83996582031
"NGA",3,1,"LSMS-ISA2015",2015,2,35,3516,1632,0,350039,1,0,0,0,0,0,0,0,0,1000,1964.28576660156,0,0,0,0,0,0,0,0,13035.7138671875,6689.58203125,0,0,0,0,0,0,0,0,0,0,0,0,0,0,0,0,0,0,0,0,0,67785.712890625,0,0,0,0,0,0,0,0,0,0,0,0,0,0,0,0,0,0,0,0,0,0,0,0,90475.296875,1706.83996582031
"NGA",3,1,"LSMS-ISA2015",2015,2,35,3516,1632,0,350040,4,0,0,0,0,0,0,0,0,1150,100,0,0,0,0,0,0,0,0,0,1574.359375,0,0,61057.2988791484,0,76321.6235989355,0,0,0,0,0,0,0,0,0,10903.0890681236,0,17444.9436613618,0,0,0,0,0,4361.23593059924,0,0,0,0,0,0,0,0,0,0,0,0,0,0,0,0,0,0,0,0,0,0,0,172912.546875,1706.83996582031
"NGA",3,1,"LSMS-ISA2015",2015,2,35,3506,1040,0,350041,5,0,0,0,0,0,0,0,0,2900,1015.23809814453,0,0,0,0,0,0,3893.33325195313,200,0,2097.22412109375,0,0,11024.4540754751,0,4199.79197252222,0,0,0,4199.79197252222,0,0,0,0,1049.94799313055,1574.92203889725,524.973996565277,2624.87003128121,3149.84407779451,524.973996565277,0,0,0,419.979216820802,0,0,0,0,0,381.683205370812,0,0,0,0,0,0,0,0,0,0,0,0,0,0,0,0,0,39781.0234375,3887.80200195313
"NGA",3,1,"LSMS-ISA2015",2015,2,35,3506,1040,0,350042,6,0,0,0,0,0,0,0,0,3133.33333333333,1957.85705566406,0,0,0,0,0,0,0,333.333343505859,0,2573.28295898438,0,0,6257.142578125,0,0,0,0,0,0,0,0,0,0,0,869.047607421875,0,1303.57141113281,0,1738.09521484375,0,0,0,260.714294433594,0,0,0,0,0,0,0,0,0,0,0,0,104.285715738932,9931.97330729167,0,0,0,0,0,0,0,0,0,28462.638671875,3887.80200195313
"NGA",3,1,"LSMS-ISA2015",2015,2,35,3506,1040,0,350043,6,0,0,0,0,0,0,0,0,3000,1231.34924316406,0,0,0,0,0,0,0,4666.66650390625,0,1271.76867675781,0,4345.23795572917,4345.23795572917,0,6952.380859375,0,0,0,0,0,0,0,0,0,5214.28564453125,0,869.047607421875,4345.23795572917,1738.09521484375,0,0,0,434.523803710938,0,0,0,0,0,0,0,0,0,0,0,0,5214.28580729167,0,0,0,0,0,0,0,0,0,0,43628.1171875,3887.80200195313
"NGA",3,1,"LSMS-ISA2015",2015,2,35,3506,1040,0,350044,7,0,0,0,0,0,0,0,0,942.857142857143,148.979598999023,0,0,0,0,0,0,695.238098144531,0,0,899.633911132813,0,0,11596.5353830622,0,0,0,0,0,0,0,0,0,0,2899.13384576554,0,0,0,0,0,0,0,0,483.188962668513,0,0,0,0,0,0,0,0,0,0,0,0,0,0,0,0,0,0,0,0,0,0,0,17665.568359375,3887.80200195313
"NGA",3,1,"LSMS-ISA2015",2015,2,35,3506,1040,0,350045,7,0,0,0,0,0,0,0,1.7380952835083,714.285714285714,248.29931640625,0,0,0,0,0,0,0,0,0,1583.85803222656,0,5214.28571428571,5214.28571428571,0,3724.48967633929,0,7448.97935267857,0,0,0,0,0,0,0,2234.69384765625,0,2979.59186662946,1862.24483816964,372.448974609375,0,0,1489.7958984375,372.448974609375,0,0,0,0,0,0,0,0,0,0,0,0,0,0,0,0,0,0,0,0,0,0,0,33461.4453125,3887.80200195313
"NGA",3,1,"LSMS-ISA2015",2015,2,35,3506,1040,0,350046,4,0,0,0,0,0,0,0,0,1475,534.523803710938,0,0,0,0,0,0,0,0,0,2194.650390625,0,3650,3650,0,5866.0712890625,0,2607.14282226563,0,1564.28576660156,0,0,0,3910.71435546875,0,2607.14282226563,0,651.785705566406,1955.35717773438,1303.57141113281,0,0,2607.14282226563,391.071441650391,0,0,0,0,0,0,0,0,0,0,0,0,0,0,0,0,0,0,0,0,0,0,0,34968.4609375,3887.80200195313
"NGA",3,1,"LSMS-ISA2015",2015,2,35,3506,1040,0,350047,3,0,0,0,0,0,0,0,0,1133.33333333333,33.3333320617676,0,0,0,0,5214.28580729167,0,0,2133.33325195313,0,2926.20043945313,0,0,11572.3531929045,8011.62897473391,18693.8018521949,0,1780.36213695395,0,2225.45254104208,0,0,0,6676.35789736127,0,6676.35781598107,1112.72627052104,4450.90508208416,4450.90508208416,1112.72627052104,0,0,1557.81681172669,0,0,0,0,0,0,0,0,0,0,0,0,0,0,0,0,0,0,0,0,0,0,0,0,79761.8984375,3887.80200195313
"NGA",3,1,"LSMS-ISA2015",2015,2,35,3506,1040,0,350048,8,0,0,0,0,0,0,0,0,1337.5,75,0,0,0,0,1955.35717773438,0,304.166656494141,575,0,1424.65356445313,0,0,6453.81014075106,2553.15554415058,5957.36320684713,0,0,0,1418.41978524416,0,0,4964.46933903928,2127.62974878458,0,2836.83968180743,0,2836.8396010059,1418.41978524416,709.209892622081,0,0,1489.34078645299,0,0,0,0,0,0,0,0,0,0,0,0,0,0,0,0,0,0,0,0,0,0,0,0,38437.171875,3887.80200195313
"NGA",3,1,"LSMS-ISA2015",2015,2,35,3506,1040,0,350049,7,0,0,0,0,0,0,0,0,2057.14285714286,148.979598999023,0,0,0,0,0,0,0,0,0,899.633911132813,0,0,12148.1816234359,0,0,0,0,0,0,0,0,0,0,6748.98996170606,0,0,0,0,0,0,0,0,590.536633722189,0,0,0,0,0,0,0,0,0,0,0,0,0,0,0,0,0,0,0,0,0,0,0,22593.46484375,3887.80200195313
"NGA",3,1,"LSMS-ISA2015",2015,2,35,3506,1040,0,350050,8,0,0,0,0,0,0,0,0,1175,0,0,0,0,0,0,0,0,0,0,787.1796875,0,0,9417.84531232482,0,0,0,0,0,0,0,0,0,0,3139.28165628912,0,0,0,0,0,0,0,0,549.374301747594,0,0,0,0,0,0,0,0,0,0,0,0,0,0,0,0,0,0,0,0,0,0,0,15068.6806640625,3887.80200195313
"NGA",3,1,"LSMS-ISA2015",2015,2,35,3511,1646,0,350051,9,0,0,0,0,0,0,0,0,2800,361.243377685547,0,0,0,0,0,0,7435.185546875,666.666687011719,0,1715.52197265625,0,0,8111.11111111111,0,1738.09526909722,0,289.682535807292,0,695.238118489583,0,0,1738.09526909722,1158.73014322917,1158.73014322917,3070.63492838542,0,1274.60319010417,1158.73014322917,579.365071614583,0,0,0,289.682535807292,0,0,0,0,0,0,0,0,0,0,0,0,0,0,0,0,0,0,0,0,0,0,0,34241.31640625,4267.10009765625
"NGA",3,1,"LSMS-ISA2015",2015,2,35,3511,1646,0,350052,5,0,0,0,0,0,0,0,0,1640,100,0,0,0,0,0,0,10706.6669921875,0,0,800,0,0,1856.5052149175,4950.68041271442,6188.35039559385,0,0,0,0,0,0,8663.69084254941,0,0,10520.1957715827,0,1237.67010317861,4950.68041271442,0,0,0,0,247.534031533492,0,0,0,0,0,0,0,0,0,0,0,0,0,0,0,0,0,0,0,0,0,0,0,51861.97265625,4267.10009765625
"NGA",3,1,"LSMS-ISA2015",2015,2,35,3511,1646,0,350053,4,0,0,0,0,0,0,0,0,1500,130.357147216797,0,0,0,0,0,0,16729.166015625,0,0,2336.669921875,0,0,5638.60147998226,0,6014.50838388485,0,0,0,0,0,0,0,0,0,5638.6014189471,0,939.766892985324,0,939.766892985324,0,0,0,939.766892985324,0,0,0,0,0,0,0,0,0,0,0,0,0,0,0,0,0,0,0,0,0,0,0,40807.203125,4267.10009765625
"NGA",3,1,"LSMS-ISA2015",2015,2,35,3511,1646,0,350054,4,0,0,0,0,0,0,0,0,2000,130.357147216797,0,0,0,0,0,0,0,0,0,4523.8427734375,0,0,8673.62436529138,0,9872.41785912329,0,0,0,0,0,0,0,0,4231.03630078673,1410.34538958414,0,3807.93263010136,0,987.241789897926,0,0,4936.20892956165,1410.34538958414,0,0,0,0,0,0,0,0,0,0,0,0,0,0,0,0,0,0,0,0,0,0,0,41983.3515625,4267.10009765625
"NGA",3,1,"LSMS-ISA2015",2015,2,35,3511,1646,0,350055,1,0,0,0,0,0,0,0,0,5500,260.714294433594,0,0,0,0,0,0,6083.33349609375,0,0,25132.927734375,0,0,0,0,0,0,0,0,0,0,0,0,0,9385.7138671875,0,0,0,0,0,0,0,78214.283203125,0,0,0,0,0,0,0,0,0,0,0,0,0,0,0,0,0,0,0,0,0,0,0,0,124576.9765625,4267.10009765625
"NGA",3,1,"LSMS-ISA2015",2015,2,35,3511,1646,0,350056,12,0,5214.28564453125,0,0,0,20.2777773539225,0,0,1366.66666666667,55.0595245361328,0,0,0,0,0,0,405.555541992188,0,0,2271.49780273438,0,3777.95522483942,3777.95522483942,0,4533.54600939063,0,0,0,0,0,0,0,0,0,1007.45472348721,251.863670699276,1057.82742389254,0,0,0,0,0,251.863670699276,0,0,0,0,0,0,0,0,0,0,0,0,0,0,0,0,0,0,0,0,0,0,0,23991.806640625,4267.10009765625
"NGA",3,1,"LSMS-ISA2015",2015,2,35,3511,1646,0,350057,4,0,0,0,0,0,60.8333320617676,0,0,0,65.1785736083984,0,0,0,0,0,0,0,0,0,5996.70849609375,0,13035.7138671875,15642.857421875,0,0,0,0,0,0,0,0,0,0,0,1303.57141113281,0,0,5866.0712890625,0,0,0,0,0,0,0,0,0,0,0,0,0,0,0,0,0,0,0,0,0,0,0,0,0,0,0,0,41970.9296875,4267.10009765625
"NGA",3,1,"LSMS-ISA2015",2015,2,35,3511,1646,0,350058,1,0,0,0,0,0,0,0,0,0,521.428588867188,0,0,0,0,0,0,0,0,0,6689.58203125,0,0,15605.9128196033,0,0,0,0,0,0,0,0,0,0,0,7802.95640980167,0,8778.32604611164,0,0,0,0,0,1950.73910245042,0,0,0,0,0,0,0,0,0,0,0,0,0,0,0,0,0,0,0,0,0,0,0,41348.9453125,4267.10009765625
"NGA",3,1,"LSMS-ISA2015",2015,2,35,3511,1646,0,350059,4,3650,0,0,0,0,0,0,0,8900,2950.59521484375,0,0,6083.33349609375,0,0,0,3954.16674804688,2000,0,2272.46533203125,0,12775,16946.427734375,0,13948.2138671875,0,5214.28564453125,0,4692.85693359375,0,0,9125,7821.4287109375,3910.71435546875,6517.85705566406,0,11732.1429443359,10428.5712890625,2607.14282226563,1042.85717773438,0,0,1303.57141113281,0,0,0,0,0,0,0,0,0,0,0,0,0,1303.5712890625,0,0,0,0,0,0,0,0,4562.5,143742.71875,4267.10009765625
"NGA",3,1,"LSMS-ISA2015",2015,2,35,3511,1646,0,350060,5,1460,0,0,0,0,0,0,0,5520,2005.8095703125,0,0,0,0,0,486.666650390625,12166.6669921875,800,0,1621.943359375,0,0,4692.85703125,0,22942.8578125,0,0,0,3754.285546875,0,0,10428.57109375,0,0,2085.7142578125,0,8342.8572265625,4692.85703125,0,0,0,2085.7142578125,625.714306640625,0,0,0,0,0,0,0,0,0,0,0,0,0,0,0,0,0,0,0,0,0,0,0,83712.5078125,4267.10009765625
"NGA",3,1,"LSMS-ISA2015",2015,2,35,3513,576,0,350061,6,0,0,0,0,0,0,0,304.166656494141,0,173.809524536133,0,0,0,0,0,0,1013.88891601563,0,0,3277.4814453125,0,0,0,0,3476.1904296875,0,0,0,0,0,0,0,1738.09521484375,0,3476.1904296875,0,869.047607421875,0,0,0,0,0,869.047607421875,6009.630859375,5306.36490885417,0,0,0,0,0,0,0,0,0,0,0,0,0,879.910766601563,3452.5830078125,0,0,0,0,0,0,30846.40625,1137.89331054688
"NGA",3,1,"LSMS-ISA2015",2015,2,35,3513,576,0,350062,7,0,0,0,0,0,0,0,0,5771.42857142857,922.108825683594,0,0,0,0,0,0,5214.28564453125,2857.14282226563,0,1501.99108886719,0,4469.38783482143,5214.28571428571,0,0,0,11173.4695870536,0,5214.28571428571,2979.591796875,0,2979.591796875,3724.48967633929,3724.48967633929,5959.18366350446,2607.14285714286,5586.73465401786,5214.28571428571,1489.7958984375,1042.85717773438,0,0,446.938790457589,0,0,0,0,0,0,0,0,0,0,0,0,0,0,0,1317.896484375,0,0,0,0,0,0,0,79411.3828125,1137.89331054688
"NGA",3,1,"LSMS-ISA2015",2015,2,35,3513,576,0,350063,3,0,0,0,0,0,0,0,0,0,273.809539794922,0,0,0,0,0,0,3650,0,0,6031.79052734375,0,0,0,0,18418.3351563024,0,0,0,0,0,0,0,0,0,0,0,1432.53722151057,0,0,0,0,0,2865.07444302114,0,21867.5167090283,0,0,0,0,0,0,0,0,0,0,0,0,0,0,9190.5626174588,0,0,0,0,0,0,63729.625,1137.89331054688
"NGA",3,1,"LSMS-ISA2015",2015,2,35,3513,576,0,350064,12,0,0,0,0,0,0,0,0,516.666666666667,51.785717010498,0,0,0,0,0,0,4562.5,616.666687011719,0,1506.56921386719,0,0,2533.9267243035,1538.45558309348,1900.44504107287,0,0,0,0,0,0,1357.46076625932,904.973816327896,1357.46076625932,1809.94763265579,0,452.486908163948,678.730383129662,904.973816327896,0,0,904.973816327896,226.243454081974,0,0,0,0,0,0,0,0,0,0,0,0,0,0,0,0,0,0,0,0,0,0,0,21824.265625,1137.89331054688
"NGA",3,1,"LSMS-ISA2015",2015,2,35,3513,576,0,350065,5,0,0,0,0,0,0,0,14.6000003814697,660,104.285720825195,0,0,0,0,0,0,0,0,0,2364.69653320313,0,7300,6257.14296875,0,8342.85703125,0,0,0,0,0,0,0,2085.7142578125,0,2711.42856445313,0,1042.85712890625,1042.85712890625,0,0,0,0,1042.85712890625,0,0,0,0,0,0,0,0,0,0,0,0,0,0,0,0,0,0,0,0,0,0,0,32969.296875,1137.89331054688
"NGA",3,1,"LSMS-ISA2015",2015,2,35,3513,576,0,350066,8,0,0,0,0,0,0,0,0,5025,417.261901855469,0,0,0,0,0,0,4866.66650390625,6750,0,2615.70239257813,0,0,0,0,5866.0712890625,0,325.892852783203,0,0,651.785705566406,0,0,1303.57141113281,1629.46423339844,2607.14282226563,0,2933.03570556641,2933.03564453125,651.785705566406,0,0,0,325.892852783203,7760.0771484375,2562.673828125,0,0,0,0,0,0,0,0,0,0,0,0,0,1153.15942382813,0,0,0,0,0,0,0,50378.21875,1137.89331054688
"NGA",3,1,"LSMS-ISA2015",2015,2,35,3513,576,0,350067,10,0,0,0,0,0,0,0,0,1920,104.285720825195,0,0,0,0,0,0,1703.33325195313,0,0,2145.12353515625,0,0,0,0,6064.97976153805,0,0,0,0,0,0,0,1929.76623036413,1102.72354820462,2095.17470547587,0,2591.4003931278,0,385.953245618424,0,0,0,165.408539554912,4765.96539150151,3366.58975320337,0,0,0,0,0,0,0,0,0,0,0,0,0,0,0,0,0,0,0,0,0,28340.703125,1137.89331054688
"NGA",3,1,"LSMS-ISA2015",2015,2,35,3513,576,0,350068,6,0,0,0,0,0,0,0,0,516.666666666667,60.1190490722656,0,0,0,0,0,0,7705.55517578125,766.666687011719,0,3013.13842773438,0,0,3389.28580729167,0,6952.380859375,0,0,0,0,0,0,0,0,869.047607421875,1911.90478515625,0,0,0,521.428588867188,0,0,0,0,0,0,0,0,0,0,0,0,0,0,0,0,0,0,0,0,0,0,0,0,0,0,0,25706.1953125,1137.89331054688
"NGA",3,1,"LSMS-ISA2015",2015,2,35,3513,576,0,350069,8,0,0,0,304.166656494141,0,0,0,9.125,2742.5,216.220245361328,152.08332824707,0,0,0,0,91.25,608.333312988281,0,0,1456.21728515625,0,0,3128.57153320313,0,0,3780.35717773438,2281.25,0,1433.92855834961,0,0,1303.57141113281,1303.57141113281,2737.5,4301.78567504883,1955.35711669922,2998.21429443359,2867.85717773438,651.785705566406,782.142883300781,0,1303.57141113281,977.678558349609,0,0,0,0,0,0,0,0,0,0,0,0,0,0,0,0,0,0,0,0,0,0,304.166656494141,37691.203125,1137.89331054688
"NGA",3,1,"LSMS-ISA2015",2015,2,35,3513,576,0,350070,10,0,0,0,0,0,0,0,0,700,80,0,0,0,0,0,365,6570,600,0,2326.08569335938,0,0,3610.62486279751,2407.0831693582,9628.3326774328,0,0,0,0,0,0,0,0,421.2395589653,2226.55199591604,0,601.77079233955,2226.55199591604,0,0,0,1203.5415846791,0,0,0,0,0,0,0,0,0,0,0,0,0,0,0,0,0,0,0,0,0,0,0,0,32966.78125,1137.89331054688
"NGA",3,1,"LSMS-ISA2015",2015,2,35,3513,1278,1,350071,5,0,4800,0,0,0,0,0,0,27600,2433.33349609375,0,0,0,0,0,0,73000,0,0,4800,0,0,0,0,0,0,0,0,0,0,0,0,0,0,0,0,0,0,0,1042.85712890625,0,80300.00234375,0,0,0,0,0,0,0,0,0,0,0,0,0,0,0,0,0,0,0,0,0,0,0,0,193976.1875,2749.90893554688
"NGA",3,1,"LSMS-ISA2015",2015,2,35,3513,1278,1,350072,1,7300,6000,0,0,0,0,0,0,4000,9038.095703125,0,0,0,0,0,0,6083.3330078125,2000,0,8324.517578125,0,7821.4287109375,8342.857421875,0,31285.71484375,0,20857.1430664063,0,12514.2861328125,26071.427734375,0,0,5214.28564453125,0,18771.4284667969,8342.85717773438,20857.142578125,0,2607.14282226563,1042.85717773438,0,0,1564.28576660156,0,0,0,23985.71484375,0,0,0,0,0,0,0,0,0,0,0,0,0,0,0,0,0,0,0,232024.515625,2749.90893554688
"NGA",3,1,"LSMS-ISA2015",2015,6,24,2403,0,1,350073,2,0,6000,0,0,0,9125,0,912.5,0,0,0,0,12166.6669921875,0,26071.427734375,0,27375,0,0,21000,0,0,0,0,17728.572265625,0,9125,5214.28564453125,7821.4287109375,0,0,13035.7138671875,13035.7138671875,0,9646.4287109375,0,11732.1428222656,10428.5712890625,0,6517.85693359375,0,178589.2890625,782.142883300781,0,0,0,0,0,0,0,0,0,0,0,0,0,0,0,0,0,0,0,0,0,0,21291.666015625,407599.40625,2749.90893554688
"NGA",3,1,"LSMS-ISA2015",2015,2,35,3513,1278,1,350074,1,0,12000,0,0,0,6083.33349609375,0,0,2400,12154.76171875,0,0,0,0,0,0,30416.666015625,2400,0,29110.865234375,0,0,0,16962.5047390512,16962.5047390512,0,8481.25236952561,0,0,0,0,39579.1770734112,11308.33616718,0,8481.25236952561,0,5654.16808358999,11308.33616718,0,0,0,8481.25236952561,0,0,0,0,0,0,0,0,0,0,0,0,0,0,0,0,0,0,0,0,0,0,0,0,221784.40625,2749.90893554688
"NGA",3,1,"LSMS-ISA2015",2015,2,35,3513,1278,1,350075,7,0,2571.42846679688,0,1738.09528459821,521.428571428571,0,0,0,771.428571428571,7609.25146484375,0,0,0,0,0,0,5214.28564453125,1142.85717773438,0,8571.4287109375,0,0,3021.0466602018,4394.24986512307,1098.56246628077,8239.2181134562,0,0,2197.12493256154,0,0,11901.0924130852,6408.28091280768,2380.21853842061,5492.81212214045,0,4577.34340122768,3204.14045640384,4577.34333147321,7323.74953205237,0,0,183.09374543917,0,0,0,0,0,0,0,0,0,8239.2181134562,0,0,0,0,0,0,0,0,0,0,0,0,0,101377.703125,2749.90893554688
"NGA",3,1,"LSMS-ISA2015",2015,2,35,3513,1278,1,350076,2,24333.333984375,1800,0,0,0,0,0,0,6500,15675.595703125,0,0,0,0,0,0,42583.3359375,6000,0,9000,0,0,0,0,26071.427734375,0,5214.28564453125,0,9385.7138671875,6517.85693359375,0,36500,20857.142578125,9124.99975585938,11471.4287109375,3910.71435546875,19553.5715332031,20857.142578125,7821.4287109375,5735.71435546875,0,2607.14282226563,1303.57141113281,0,0,0,0,0,0,0,0,0,0,0,0,0,0,0,0,0,0,0,0,0,0,18250,311074.40625,2749.90893554688
"NGA",3,1,"LSMS-ISA2015",2015,2,35,3513,1278,1,350077,4,0,6000,0,0,4562.5,1216.66662597656,0,608.333312988281,31500,6139.28564453125,608.333312988281,0,3041.66674804688,0,0,912.5,12166.6669921875,10625,0,16858.603515625,0,0,0,1303.57141113281,125142.859375,13035.7138671875,260.714294433594,0,0,5214.28564453125,0,2607.14282226563,0,3650,5735.71435546875,1303.57141113281,3910.71429443359,6517.85693359375,2607.14282226563,17598.2143554688,0,7821.42834472656,1303.57141113281,0,0,0,0,0,0,0,0,0,0,0,0,0,0,3910.71435546875,0,0,0,0,0,0,0,1520.83337402344,297683.65625,2749.90893554688
"NGA",3,1,"LSMS-ISA2015",2015,2,35,3513,1278,1,350078,11,0,0,0,1327.27272727273,0,0,0,0,2145.45454545455,186.471862792969,0,0,0,0,0,1880.30308948864,884.848449707031,581.818176269531,0,2480.7998046875,0,0,711.038973721591,1422.07794744318,4740.259765625,0,0,0,1137.66237571023,1896.10387073864,0,948.051935369318,1422.07794744318,0,2370.1298828125,0,2133.11687677557,948.051935369318,568.831187855114,0,0,711.038973721591,379.220791903409,0,0,0,0,0,0,0,0,0,0,0,0,0,0,0,0,0,0,0,0,0,0,0,28874.6328125,2749.90893554688
"NGA",3,1,"LSMS-ISA2015",2015,2,35,3513,1278,1,350079,4,5170.83349609375,6000,0,608.333312988281,4866.66650390625,2433.33325195313,0,0,30100,8441.4287109375,0,0,3650,0,0,0,6691.6669921875,1500,0,25000,0,0,7202.02126514286,5626.57873006946,4051.13664799866,13503.79001115,6751.895005575,0,15754.421238432,11253.1574601389,0,4501.26311642848,4501.26311642848,0,6751.89467464272,0,16879.7367042461,18005.0524657139,13503.79001115,3826.07380575118,0,0,1125.31577910712,0,0,0,0,0,0,0,0,0,0,0,0,0,0,0,0,0,0,0,0,0,0,24698.333984375,252397.953125,2749.90893554688
"NGA",3,1,"LSMS-ISA2015",2015,2,35,3513,1278,1,350080,1,0,10800,0,0,0,0,0,0,35000,6083.33349609375,0,0,0,0,0,0,121666.6640625,0,0,17637.716796875,0,0,0,0,0,0,0,0,0,0,0,0,0,0,0,0,0,0,0,13035.7138671875,0,111064.28515625,0,0,0,0,0,0,0,0,0,0,0,0,0,0,0,0,0,0,0,0,0,0,0,0,315287.71875,2749.90893554688
"NGA",3,1,"LSMS-ISA2015",2015,2,35,3501,1228,0,350081,8,0,0,0,0,0,0,0,0,925,242.261901855469,0,0,0,0,2607.14282226563,456.25,5779.16650390625,1914.58337402344,0,5759.35791015625,0,0,4236.60693359375,2346.42846679688,8473.2138671875,3258.92846679688,0,0,0,1955.35717773438,0,4562.5,2607.14282226563,1303.57141113281,5344.64282226563,651.785705566406,2281.25,1629.46423339844,1955.35717773438,0,0,8147.3212890625,325.892852783203,0,0,0,0,0,0,0,0,0,0,0,0,0,0,0,0,0,0,0,0,0,0,0,66763.2265625,2275.78662109375
"NGA",3,1,"LSMS-ISA2015",2015,2,35,3501,1228,0,350082,6,0,0,0,3041.66666666667,0,0,0,0,3000,173.809524536133,0,0,0,0,0,0,0,0,0,3015.89526367188,0,13182.4138550944,17576.5504897667,0,14500.6540620047,0,0,0,0,0,0,0,0,0,12303.5857446685,0,6415.44120668508,3163.77904965585,0,0,0,0,439.413770732402,0,0,0,0,0,0,0,0,0,0,0,0,0,0,0,0,0,0,0,0,0,0,0,76813.2109375,2275.78662109375
"NGA",3,1,"LSMS-ISA2015",2015,2,35,3501,1228,0,350083,6,0,0,0,608.333333333333,0,0,0,0,9500,890.079345703125,0,0,0,0,0,0,3041.66674804688,0,0,2138.31860351563,0,0,0,32154.7630208333,13904.76171875,0,0,0,2085.71435546875,0,0,0,869.047607421875,0,1911.90474446615,0,0,434.523803710938,869.047607421875,0,0,2172.61905924479,434.523803710938,0,0,0,0,0,0,0,0,0,0,0,0,0,0,0,0,0,0,0,0,0,0,0,71015.296875,2275.78662109375
"NGA",3,1,"LSMS-ISA2015",2015,2,35,3501,1228,0,350084,12,1216.66662597656,0,0,1013.88891601563,0,0,0,0,7683.33333333333,1538.29357910156,0,0,1520.83333333333,0,0,0,6083.33349609375,2500,0,9645.2109375,0,0,1303.57145182292,0,10645.8333333333,4345.23795572917,0,0,2172.61897786458,2172.61897786458,0,6083.33333333333,4345.23795572917,651.785725911458,3476.1904296875,2172.61897786458,4779.76188151042,6952.380859375,1303.57145182292,521.428568522135,0,0,130.357147216797,0,0,0,0,0,0,0,0,0,0,0,0,0,0,0,0,0,0,0,0,0,0,0,82258.109375,2275.78662109375
"NGA",3,1,"LSMS-ISA2015",2015,2,35,3501,1228,0,350085,12,0,0,0,0,0,0,0,0,2583.33333333333,86.9047622680664,0,0,0,0,0,0,2027.77783203125,0,0,1141.33264160156,0,8690.47591145833,6517.857421875,0,0,0,0,0,0,0,0,0,0,0,1738.09521484375,0,2389.88094075521,0,0,0,0,0,217.261901855469,0,0,0,0,0,0,0,0,0,0,0,0,0,0,0,0,0,0,0,0,0,0,0,25392.91796875,2275.78662109375
"NGA",3,1,"LSMS-ISA2015",2015,2,35,3501,1228,0,350086,10,0,0,0,1216.66669921875,0,0,0,7.30000019073486,6040,1649.76196289063,0,0,6083.333203125,0,0,0,1095,180,0,1051.39379882813,0,0,0,3128.571484375,5944.285546875,0,0,0,31285.715625,0,0,0,1564.2857421875,0,6257.14296875,5214.28564453125,5214.28564453125,5787.85703125,1042.85712890625,0,0,0,1042.85712890625,0,0,0,0,0,0,0,0,0,0,0,0,0,0,0,0,0,0,0,0,0,0,0,83805.59375,2275.78662109375
"NGA",3,1,"LSMS-ISA2015",2015,2,35,3501,1228,0,350087,5,1946.66662597656,0,0,1946.6666015625,0,0,0,0,8360,3603.90478515625,0,0,0,0,0,0,0,1080,0,4652.17138671875,0,6257.14296875,4692.85703125,0,10950,0,0,0,0,0,0,7300,2607.1427734375,1564.2857421875,4171.428515625,0,2607.14287109375,4171.428515625,2085.7142578125,0,0,0,0,0,0,0,0,0,0,0,0,0,0,0,0,0,0,0,0,0,0,0,0,0,0,0,67996.5546875,2275.78662109375
"NGA",3,1,"LSMS-ISA2015",2015,2,35,3501,1228,0,350088,11,0,0,0,553.030317826705,0,0,0,0,3381.81818181818,1004.22076416016,0,0,0,0,0,0,884.848449707031,2181.81811523438,0,2081.32104492188,0,0,7110.38991477273,0,8058.44176136364,0,0,0,0,2844.15589488636,0,3555.19495738636,2370.12979403409,2844.15589488636,3792.20774147727,0,0,4029.220703125,948.051935369318,0,0,0,142.207796963778,0,0,0,0,0,0,0,0,0,0,0,0,0,0,0,1190.9902565696,0,0,0,0,0,0,0,46972.203125,2275.78662109375
"NGA",3,1,"LSMS-ISA2015",2015,2,35,3501,1228,0,350089,7,0,0,0,521.428571428571,0,0,0,0,471.428571428571,369.966003417969,0,521.428571428571,0,0,5959.18359375,0,6604.76171875,2042.85717773438,0,3890.29174804688,0,0,4171.42857142857,6480.61202566964,5586.73493303571,0,893.877580915179,0,0,1489.7958984375,0,5214.28571428571,5959.18359375,0,4096.93868582589,1489.7958984375,2234.69384765625,3724.48967633929,2234.69391741071,0,0,4096.93868582589,0,0,0,0,0,0,0,0,0,0,0,0,0,0,0,0,0,0,0,0,0,0,0,0,68054.8203125,2275.78662109375
"NGA",3,1,"LSMS-ISA2015",2015,2,35,3501,1228,0,350090,9,0,0,0,0,0,0,0,0,1666.66666666667,57.9365081787109,0,0,0,0,0,0,1622.22216796875,0,0,1369.38818359375,0,11685.6518790886,0,0,10906.6078638689,0,0,0,1168.56511664592,0,0,0,0,0,1090.6607976043,0,4206.83449808045,0,0,0,0,0,311.617379496134,0,0,0,0,0,0,0,0,0,0,0,0,0,0,0,0,0,0,0,0,0,0,0,34086.1484375,2275.78662109375
"NGA",3,1,"LSMS-ISA2015",2015,2,35,3501,702,1,350091,16,0,1125,0,1140.625,0,76.0416641235352,0,0,2712.5,1803.94348144531,0,0,0,0,0,0,6539.5830078125,0,0,1035.81079101563,0,0,2490.10622923455,6972.29714489281,13280.5655593792,0,0,0,0,0,0,2656.11316270155,996.04246653066,0,1826.07781399186,332.014145337694,1826.07781399186,4980.2124584691,332.014145337694,0,0,0,664.028290675388,0,0,0,0,0,0,0,0,0,0,0,0,0,0,0,0,0,0,0,0,0,0,0,50789.05859375,3508.50439453125
"NGA",3,1,"LSMS-ISA2015",2015,2,35,3501,702,1,350092,9,1351.85192871094,0,0,1622.22222222222,540.74072265625,0,0,0,4111.11111111111,1738.09521484375,0,0,0,0,0,0,5407.40771484375,0,0,1804.48876953125,0,0,0,0,33854.3794074377,0,0,0,0,0,0,0,0,0,2198.33622781754,0,6595.00891823404,3077.67080930362,0,0,0,0,3957.00530940949,0,0,0,0,0,0,0,0,0,0,0,0,0,0,0,0,0,0,0,0,0,0,0,66258.3125,3508.50439453125
"NGA",3,1,"LSMS-ISA2015",2015,2,35,3501,702,1,350093,5,0,2400,0,730,0,0,0,0,1060,415.476165771484,0,0,0,0,0,1216.66669921875,0,680,0,2716.71557617188,0,0,4380,3754.285546875,15642.8578125,0,0,0,1251.42861328125,3128.57138671875,0,7300,8342.85703125,0,2085.7142578125,521.428564453125,2711.42856445313,2085.7142578125,1564.2857421875,0,0,3649.99990234375,417.14287109375,0,0,0,0,0,0,0,0,0,0,0,0,0,0,0,0,0,0,0,0,0,0,0,66054.578125,3508.50439453125
"NGA",3,1,"LSMS-ISA2015",2015,2,35,3501,702,1,350094,12,0,1000,0,1013.88891601563,405.555541992188,0,0,0,4416.66666666667,1303.57141113281,0,0,0,0,0,0,1216.66662597656,0,0,833.333312988281,0,3842.71775894265,4355.08025906441,0,6724.75587500911,0,0,0,0,0,0,3202.26460943839,3842.71775894265,0,4162.94415490632,0,5123.62371640229,1921.35887947132,0,0,0,5123.62344020559,1921.35887947132,0,0,0,0,0,0,0,0,0,0,0,0,0,0,0,0,0,0,0,0,440.271206712282,0,0,50850.3984375,3508.50439453125
"NGA",3,1,"LSMS-ISA2015",2015,2,35,3501,702,1,350095,6,0,0,0,1013.88891601563,0,0,0,0,3250,625.793640136719,0,0,0,0,0,0,0,1000,0,1240.20935058594,0,0,4267.57799547118,0,11380.208448542,0,0,0,2276.04172624915,0,0,1896.70135716075,0,0,1896.70135716075,0,2276.04160417883,3793.40271432149,1422.52605606775,0,0,0,284.505215781143,0,0,0,0,0,0,0,0,0,0,0,2516.33314774099,0,0,0,0,0,0,0,0,0,0,0,39139.93359375,3508.50439453125
"NGA",3,1,"LSMS-ISA2015",2015,2,35,3501,702,1,350096,9,0,1600,0,2703.70377604167,675.925944010417,0,0,0,2688.88888888889,1409.78833007813,0,0,0,0,7531.74565972222,0,3244.4443359375,0,0,2012.77819824219,0,0,4968.43656513683,0,28568.5095858611,0,0,0,0,0,0,0,3312.29097108659,0,1656.1454855433,0,4305.97831045302,0,0,0,0,0,496.843666784669,0,0,0,0,0,0,0,0,0,0,0,0,0,0,0,0,0,0,0,0,0,0,0,65175.48046875,3508.50439453125
"NGA",3,1,"LSMS-ISA2015",2015,2,35,3501,702,1,350097,21,0,571.428588867188,0,579.365094866071,0,115.873011997768,0,0,2209.52380952381,391.723358154297,0,0,0,0,0,289.682547433036,1390.47619628906,0,0,3629.53979492188,0,0,0,0,10932.6860896271,0,4099.75757837859,0,0,0,0,0,1913.22012463842,0,1913.22012463842,0,1093.26862598884,1366.58576120338,956.610062319212,273.317156497209,0,0,546.634312994419,0,0,0,0,0,0,0,0,0,0,0,0,0,0,0,0,0,0,0,0,0,0,0,32272.908203125,3508.50439453125
"NGA",3,1,"LSMS-ISA2015",2015,2,35,3501,702,1,350098,8,0,0,0,1977.08337402344,0,0,0,0,2775,945.773803710938,0,0,0,0,0,0,1520.83337402344,1750,0,930.156982421875,0,0,6843.75,0,10428.5712890625,0,0,0,0,0,0,0,0,0,2607.14282226563,0,1629.46426391602,1303.57141113281,651.785705566406,0,0,0,195.535720825195,0,0,0,0,0,0,0,0,0,0,0,2509.375,0,0,0,0,0,0,0,0,0,0,0,36068.04296875,3508.50439453125
"NGA",3,1,"LSMS-ISA2015",2015,2,35,3501,702,1,350099,1,18250,12000,0,4866.66650390625,0,0,0,0,3100,8221.4287109375,0,0,0,0,10428.5712890625,0,0,10800,0,33686.72265625,0,0,23464.28515625,10428.5712890625,46928.5703125,20857.142578125,0,0,5214.28564453125,10428.5712890625,0,36500,10428.5712890625,0,13035.7141113281,6257.14282226563,10428.5712890625,13035.7138671875,15642.857421875,0,0,0,0,0,0,0,0,0,0,0,0,0,0,0,0,0,0,0,0,0,0,0,0,0,0,0,324003.375,3508.50439453125
"NGA",3,1,"LSMS-ISA2015",2015,2,35,3501,702,1,350100,12,1419.44445800781,500,0,3041.66666666667,0,0,0,0,3100,2229.5634765625,0,0,0,0,0,0,4055.5556640625,1000,0,2114.23803710938,0,0,2391.82893880208,0,7995.23828125,5214.28580729167,0,0,1564.28564453125,2172.61897786458,0,6517.857421875,4345.23795572917,1738.09521484375,3476.1904296875,0,3041.66664632161,5214.28580729167,1303.57145182292,0,0,0,217.261901855469,0,0,0,0,0,0,0,0,0,0,0,0,0,0,0,0,0,0,0,0,0,0,0,62652.890625,3508.50439453125
"NGA",3,1,"LSMS-ISA2015",2015,2,35,3509,1310,0,350101,10,0,0,0,0,0,0,0,0,6160,1440.95239257813,0,0,0,0,0,0,1216.66674804688,0,0,12829.2216796875,0,0,0,31285.715625,10950,5214.285546875,2085.7142578125,0,0,0,0,2607.1427734375,2607.14287109375,0,6778.57138671875,1199.2857421875,3649.99995117188,7508.57109375,1825,8760,0,0,6778.57153320313,5587.25625,3690.25,0,0,0,1042.85712890625,0,0,0,0,0,0,1877.1427734375,0,0,0,0,0,0,0,0,0,0,125094.34375,2939.5576171875
"NGA",3,1,"LSMS-ISA2015",2015,2,35,3509,1310,0,350102,11,0,0,0,0,0,0,0,0,5090.90909090909,609.090881347656,0,0,0,0,1422.07794744318,0,7078.78857421875,818.181823730469,0,5119.6953125,0,0,4667.93250736862,2834.10189525416,11114.12463137,0,0,0,3889.94376508643,0,0,7779.88753017286,2778.5311578425,0,2222.82495641782,555.706239104455,2222.82495641782,3445.37871847435,3056.3844629494,0,0,4445.64991283564,0,0,0,0,0,0,0,0,0,0,0,0,0,0,0,0,0,0,0,0,0,0,0,0,69152.03125,2939.5576171875
"NGA",3,1,"LSMS-ISA2015",2015,2,35,3509,1310,0,350103,10,0,0,0,0,0,0,0,0,1800,154.285720825195,0,0,0,0,0,0,365,0,0,1215.66430664063,0,0,0,7406.41564920965,6044.94178108706,0,0,0,0,0,0,0,0,2722.94671951041,1089.17870599634,0,3539.83076505249,0,0,0,0,0,326.75362761903,0,0,0,0,0,0,0,0,0,0,0,0,0,0,0,0,0,0,0,0,0,0,0,24665.015625,2939.5576171875
"NGA",3,1,"LSMS-ISA2015",2015,2,35,3509,1310,0,350104,5,0,0,0,0,0,0,0,0,1200,104.285720825195,0,0,0,0,0,0,0,1600,0,5446.40869140625,0,2787.96138745526,4503.63002742208,0,4289.17139430778,0,1286.75148169124,0,3216.87865368384,0,0,0,4289.17139430778,536.146424288473,2359.04433026818,0,2680.73212659074,2144.58569715389,536.146424288473,0,0,4932.54714716628,0,0,0,0,0,0,0,0,0,0,0,0,0,0,0,0,0,0,0,0,0,0,0,0,41913.4609375,2939.5576171875
"NGA",3,1,"LSMS-ISA2015",2015,2,35,3509,1310,0,350105,6,0,0,0,0,0,0,0,0,4550,2136.90478515625,0,0,0,0,0,0,6083.33349609375,2000,0,4120.55029296875,0,0,0,0,10672.8292701622,0,0,0,0,0,0,0,4091.25107288853,3557.60964193251,3557.60964193251,0,5603.23526603826,1778.80482096625,1778.80482096625,1067.28294329226,0,0,533.64147164613,0,4196.31456669312,0,0,0,0,0,0,0,0,0,0,0,0,0,0,0,0,0,0,0,0,0,55728.171875,2939.5576171875
"NGA",3,1,"LSMS-ISA2015",2015,2,35,3509,1310,0,350106,8,0,0,0,0,0,0,0,0,0,195.535720825195,0,0,0,0,0,0,912.5,0,0,4203.1533203125,0,0,0,0,24389.0978560781,0,0,0,0,0,0,0,0,3484.15677547469,3097.0282518178,0,5419.7995168478,0,0,0,0,0,541.979950171631,0,8273.26186798138,0,0,0,0,0,0,0,0,0,0,0,0,0,0,6151.99156894291,0,0,0,0,0,0,56668.50390625,2939.5576171875
"NGA",3,1,"LSMS-ISA2015",2015,2,35,3509,1310,0,350107,10,0,0,0,0,0,0,0,0,5280,998.8095703125,0,0,608.333349609375,0,0,0,8516.666015625,2000,0,7044.5107421875,0,0,0,0,10937.5207730377,0,2187.50419534372,0,8203.14118245257,0,0,2734.38019325944,5468.76038651887,0,5468.76058183137,0,3007.81823686123,1914.06619220168,1367.19009662972,0,0,0,273.438024417966,0,3440.30825512968,0,0,0,1437.1703766767,0,0,0,0,0,0,0,0,0,1835.27893624521,0,0,0,0,0,0,0,72723.6484375,2939.5576171875
"NGA",3,1,"LSMS-ISA2015",2015,2,35,3509,1310,0,350108,7,0,0,0,0,0,0,0,0,1885.71428571429,422.789123535156,0,0,0,0,0,0,0,0,0,9293.1943359375,0,0,3352.04073660714,3352.04073660714,5139.79575892857,0,893.877580915179,0,0,0,0,0,0,0,3724.48974609375,0,1489.7958984375,0,744.89794921875,0,0,3650,372.448974609375,0,0,0,0,0,135.394818987165,0,0,0,0,0,18179.5368303571,0,0,0,0,0,0,0,0,0,0,0,52636.015625,2939.5576171875
"NGA",3,1,"LSMS-ISA2015",2015,2,35,3509,1310,0,350109,10,0,0,0,0,0,0,0,0,2620,454.285736083984,0,0,0,0,2085.7142578125,730,2433.33349609375,800,0,9355.576171875,0,0,4943.96462771179,0,6519.5139003771,0,1086.58561751077,2444.81761172714,2173.17123502153,0,0,7606.09943326372,3803.04971663186,2716.46399494879,2281.82982867591,1629.87847509427,2173.17123502153,2716.46399494879,814.939237547137,0,0,2553.47625420963,0,0,0,0,0,0,0,0,0,0,0,0,0,0,0,0,0,0,0,0,0,0,0,0,61942.3359375,2939.5576171875
"NGA",3,1,"LSMS-ISA2015",2015,2,35,3509,1310,0,350110,9,0,0,0,0,0,0,0,0,1666.66666666667,171.428573608398,67.5925903320313,0,0,0,0,0,540.74072265625,0,0,7228.0400390625,0,0,0,0,5214.28559027778,0,695.238118489583,0,0,0,0,0,2896.82541232639,0,2317.46028645833,926.984130859375,2896.82535807292,579.365071614583,579.365071614583,0,0,2027.77772352431,579.365071614583,2069.35394965278,1366.75933159722,0,0,0,55.9994201660156,0,0,0,0,0,0,0,0,0,0,0,0,0,0,0,0,0,31880.072265625,2939.5576171875
"NGA",3,1,"LSMS-ISA2015",2015,2,35,3509,2276,0,350111,3,0,0,0,0,0,0,0,0,800,347.619049072266,0,0,0,0,0,0,0,0,0,26053.1484375,0,0,0,0,0,0,0,0,0,0,0,0,0,7685.66011038492,1921.41502759623,0,4803.53765037079,0,0,0,0,0,960.707513798116,19930.4307652203,11732.0721893293,0,0,0,0,0,0,0,0,0,0,0,0,0,0,0,0,0,0,0,0,0,74234.5859375,2939.5576171875
"NGA",3,1,"LSMS-ISA2015",2015,2,35,3509,2276,0,350112,3,0,0,0,0,0,0,0,0,2066.66666666667,414.285736083984,0,0,0,0,0,0,0,0,0,4276.63720703125,0,0,0,0,0,0,0,0,0,0,0,0,0,2437.7282391031,2437.7282391031,0,4062.88028973419,0,0,0,0,0,1015.72005208849,0,15504.8508126425,0,0,0,0,0,0,0,0,0,0,0,0,0,0,0,0,0,0,0,0,0,32216.49609375,2939.5576171875
"NGA",3,1,"LSMS-ISA2015",2015,2,35,3509,2276,0,350113,2,0,0,0,0,0,0,0,0,17600,2894.04760742188,0,0,0,0,0,0,0,0,0,4058.26293945313,0,0,0,0,46928.5703125,0,0,0,0,0,0,7821.4287109375,5214.28564453125,7821.4287109375,5214.28564453125,0,9125,0,3910.71435546875,0,0,0,1042.85717773438,0,2050.13891601563,0,0,0,0,0,0,0,0,0,0,0,0,0,0,6829.91796875,0,0,0,0,0,0,120510.9375,2939.5576171875
"NGA",3,1,"LSMS-ISA2015",2015,2,35,3509,2276,0,350114,15,0,0,0,0,0,0,0,0,4540,874.365051269531,0,0,0,0,0,0,648.888854980469,2000,0,1582.54467773438,0,0,0,0,13904.7614583333,0,347.61904296875,0,1042.85716145833,0,0,0,0,0,2780.95234375,0,869.047623697917,3650,173.809521484375,0,0,0,208.571435546875,5794.19114583333,5467.0375,0,0,0,0,0,0,0,0,0,0,52.1428588867187,0,0,0,0,0,0,0,0,0,0,43936.7890625,2939.5576171875
"NGA",3,1,"LSMS-ISA2015",2015,2,35,3509,2276,0,350115,11,0,0,0,0,0,0,0,0,1318.18181818182,145.454544067383,0,0,0,0,1896.10387073864,553.030317826705,5087.87890625,909.090881347656,0,1793.77294921875,0,2484.47156978638,3387.91576599748,2710.33265494002,4517.22090295876,0,0,0,2258.61045147938,0,0,0,2823.26300338334,0,1524.56208303977,0,1976.2841533328,2371.54101063288,564.652612869845,0,0,3105.58942346169,0,0,0,0,0,0,0,0,0,0,0,0,0,0,0,0,0,0,0,0,0,0,0,0,39427.95703125,2939.5576171875
"NGA",3,1,"LSMS-ISA2015",2015,2,35,3509,2276,0,350116,12,0,0,0,0,0,0,0,0,533.333333333333,86.9047622680664,0,0,0,0,0,0,0,0,0,2159.64599609375,0,0,0,0,0,0,0,0,0,0,0,0,0,3476.1904296875,1086.30948893229,0,1303.57141113281,0,0,0,0,0,434.523803710938,4507.22330729167,3316.47819010417,0,0,0,0,0,0,0,0,0,0,0,0,0,0,0,0,0,0,0,0,0,16904.1796875,2939.5576171875
"NGA",3,1,"LSMS-ISA2015",2015,2,35,3509,2276,0,350117,5,0,0,0,0,0,0,0,0,920,721.428588867188,0,0,0,0,4171.428515625,0,13383.3330078125,1200,0,2102.78759765625,0,6381.72029736887,7977.15020997957,0,10636.2000195561,0,0,0,3988.57510498979,0,0,0,0,0,5584.00510303418,0,6647.62501222256,9306.67520020152,2659.05000488902,0,0,0,0,0,0,0,0,0,0,0,0,0,0,0,0,0,0,0,0,0,0,0,0,0,0,0,75679.984375,2939.5576171875
"NGA",3,1,"LSMS-ISA2015",2015,2,35,3509,2276,0,350118,10,0,0,0,0,0,0,0,0,4720,982.142883300781,0,0,0,0,0,0,0,1000,0,725.161804199219,0,0,0,0,6688.73380890279,0,0,0,3185.11122924373,0,0,1911.0668474926,0,2548.08903836816,2548.08903836816,955.533423746299,2356.98240027964,0,0,0,0,0,318.51112979602,5402.51930602597,3506.47825072801,0,0,0,0,0,0,0,0,0,0,0,0,0,0,0,0,0,0,0,0,0,36848.421875,2939.5576171875
"NGA",3,1,"LSMS-ISA2015",2015,2,35,3509,2276,0,350119,5,0,0,0,0,0,0,0,0,5240,507.571441650391,0,0,0,0,0,0,0,0,0,3946.30029296875,0,46928.571875,0,0,6257.14296875,0,0,0,0,0,0,0,2085.7142578125,0,1772.85715332031,0,1981.42856445313,0,1042.85712890625,0,0,3128.571484375,1564.2857421875,0,0,0,0,0,0,0,0,0,0,0,0,0,0,0,0,0,0,0,0,0,0,0,74455.296875,2939.5576171875
"NGA",3,1,"LSMS-ISA2015",2015,2,35,3509,2276,0,350120,5,0,0,0,0,0,0,0,0,700,232.952392578125,0,0,0,0,0,0,0,0,0,2739.1982421875,0,0,0,0,0,0,0,0,0,0,0,0,2858.18181940326,0,2972.50926901184,0,3429.818237368,0,228.654560238811,0,0,5144.72753635887,4001.45465533274,9528.16161598964,6293.12552716623,0,0,0,0,0,0,0,0,0,0,0,0,0,0,0,0,0,0,0,0,0,38128.78515625,2939.5576171875
"NGA",3,1,"LSMS-ISA2015",2015,3,36,3607,2596,1,360001,6,0,0,0,405.555541992188,0,202.777770996094,0,0,1100,292.777770996094,0,0,0,0,0,0,0,0,0,1899.11962890625,0,0,0,869.047607421875,3041.66666666667,0,0,0,0,2172.61897786458,0,0,3476.1904296875,869.047607421875,3476.1904296875,869.047607421875,2607.14288330078,0,260.714294433594,0,0,2433.33337402344,173.809529622396,3028.5712890625,3476.1904296875,0,0,0,0,0,0,0,0,0,0,0,0,0,0,0,0,0,0,0,0,0,30653.802734375,6287.775390625
"NGA",3,1,"LSMS-ISA2015",2015,3,36,3607,2596,1,360002,10,0,3600,0,608.333349609375,0,146,0,0,2000,284.642852783203,0,0,0,0,0,0,5840,0,0,1723.37890625,0,0,0,2346.428515625,6257.14296875,0,0,0,312.857153320312,1564.2857421875,0,0,4171.428515625,1564.2857421875,4692.85703125,0,625.714282226563,1668.571484375,625.714306640625,260.714282226562,0,7873.57143554688,104.285717773438,4542.856640625,5214.2859375,0,0,0,0,0,0,0,0,0,0,0,0,0,0,0,0,0,0,0,0,243.33332824707,56270.69140625,6287.775390625
"NGA",3,1,"LSMS-ISA2015",2015,3,36,3607,2596,1,360003,8,0,3000,0,4562.5,0,1520.83337402344,0,0,4977.5,431.428588867188,0,0,2053.125,0,3258.92846679688,684.375,4410.41650390625,858.75,0,3915.02807617188,0,0,0,0,13037.3132003694,0,1610.49159473579,0,3220.98318947159,2300.70231307122,7669.00733837422,21089.7706683887,6902.10666031628,1533.80149556458,12117.0322239379,28375.3279822314,13727.5233960884,5368.30530420039,1917.25183459356,0,0,13957.5937631156,766.900747782292,4008.89459528357,4601.40462614244,2754.1738749836,0,0,0,0,0,0,6902.10666031628,0,0,8282.52806223037,3693.90511956612,7016.1400371535,77772.6202945559,0,0,0,0,0,0,0,278298.78125,6287.775390625
"NGA",3,1,"LSMS-ISA2015",2015,3,36,3607,2596,1,360004,2,1216.66662597656,2400,0,6083.33349609375,0,912.5,0,912.5,6400,3322.02392578125,0,0,3650,0,0,0,22508.333984375,850,0,5961.28515625,0,3910.71435546875,7300,10689.2861328125,24767.857421875,0,0,0,2607.14282226563,6517.85693359375,0,36500,0,7039.28564453125,13035.7138671875,7821.4287109375,3910.71423339844,15642.857421875,3128.57153320313,3650,0,32589.2861328125,521.428588867188,2271.42846679688,2607.14282226563,2340.7607421875,0,0,0,0,0,0,0,0,0,2520.23828125,0,2607.14282226563,16043.95703125,4562.50048828125,0,0,0,0,0,0,266801.9375,6287.775390625
"NGA",3,1,"LSMS-ISA2015",2015,3,36,3607,2596,1,360005,7,0,857.142883300781,0,1738.09528459821,0,869.047642299107,0,0,3285.71428571429,501.020416259766,0,0,695.238071986607,0,0,0,869.047668457031,869.047668457031,0,5215.06298828125,0,0,1676.02036830357,1936.73465401786,5214.28571428571,0,0,0,0,2979.591796875,0,11173.4690290179,3724.48967633929,0,5512.24483816964,0,4469.38773018973,2234.69391741071,1862.24483816964,0,0,13408.1630859375,1862.24487304688,0,0,0,0,0,0,0,0,0,0,0,0,0,0,0,0,0,0,0,0,0,0,0,70952.9921875,6287.775390625
"NGA",3,1,"LSMS-ISA2015",2015,3,36,3607,2596,1,360006,6,0,1000,0,1419.44449869792,0,0,0,405.555541992188,4666.66666666667,534.523803710938,0,0,3650,0,0,608.333333333333,2027.77783203125,1622.22216796875,0,5220.03759765625,0,0,1303.57145182292,1694.64290364583,3041.66666666667,0,0,0,0,5214.28580729167,0,8690.47591145833,6083.33333333333,0,4258.33333333333,1303.57145182292,3041.66662597656,0,0,0,0,10428.5716145833,173.809529622396,0,0,0,0,0,0,0,0,0,0,0,0,0,0,0,0,0,0,0,0,0,0,0,66388.4921875,6287.775390625
"NGA",3,1,"LSMS-ISA2015",2015,3,36,3607,2596,1,360007,8,760.416687011719,3000,0,2281.25,0,0,0,608.333312988281,2100,1130.77380371094,0,0,1520.83337402344,0,3258.92846679688,0,1520.83337402344,250,0,2162.27978515625,0,2346.42846679688,1955.35717773438,2607.14282226563,0,0,0,2607.14282226563,0,0,0,10428.5712890625,3258.92846679688,2737.50006103516,3258.92858886719,0,2933.03564453125,4562.5,1303.57141113281,0,0,1303.57141113281,260.714294433594,0,0,0,0,0,0,0,0,0,0,0,0,0,0,0,0,0,0,0,0,0,0,0,58157.0390625,6287.775390625
"NGA",3,1,"LSMS-ISA2015",2015,3,36,3607,2596,1,360008,9,0,2666.66674804688,0,0,0,0,0,0,0,521.428588867188,0,0,0,0,0,0,9462.962890625,0,0,3303.8486328125,0,0,1738.09526909722,0,5214.28580729167,0,0,0,0,0,0,4055.55555555556,0,0,4634.92057291667,0,4055.55555555556,2027.77777777778,579.365071614583,0,0,869.047634548611,115.873019748264,0,0,0,0,0,0,0,0,0,0,0,0,0,0,0,0,0,0,0,0,0,0,0,39245.37890625,6287.775390625
"NGA",3,1,"LSMS-ISA2015",2015,3,36,3607,2596,1,360009,11,0,1636.36364746094,0,331.818181818182,0,110.60605690696,0,0,1545.45454545455,259.134185791016,0,0,1106.06063565341,0,0,110.60605690696,3207.57592773438,0,0,1848.11181640625,0,0,1422.07794744318,0,4977.27272727273,0,0,0,0,0,0,3318.18181818182,0,0,3792.20783025568,0,3792.20783025568,7584.41548295455,711.038973721591,0,0,3792.20774147727,94.8051979758523,1558.44140625,0,0,0,0,0,0,0,0,0,0,0,0,0,0,568.831187855114,0,0,0,0,0,0,0,41767.41796875,6287.775390625
"NGA",3,1,"LSMS-ISA2015",2015,3,36,3607,2596,1,360010,9,0,2666.66674804688,0,405.555555555556,0,0,0,0,377.777777777778,173.809524536133,0,0,2703.70377604167,0,0,0,4866.66650390625,0,0,4633.91064453125,0,0,2607.14279513889,0,6083.33333333333,0,0,0,0,0,0,4055.55555555556,0,0,4924.60319010417,0,4924.60313585069,2027.77777777778,0,0,0,1738.09526909722,115.873019748264,1651.42849392361,0,0,2335.78645833333,0,0,0,0,0,0,0,0,0,4055.55555555556,0,0,0,0,0,0,0,0,0,50347.84375,6287.775390625
"NGA",3,1,"LSMS-ISA2015",2015,3,36,3605,240,0,360011,11,0,0,0,553.030317826705,0,221.21211381392,0,0,1054.54545454545,323.16015625,0,0,1659.09090909091,0,0,0,1769.69689941406,377.272735595703,0,3128.6728515625,0,0,0,711.038973721591,3792.20774147727,0,0,0,0,1185.06489701705,0,4740.25958806818,0,1185.06494140625,2844.15585049716,474.025967684659,1042.85715553977,1516.88316761364,189.610395951705,0,0,5119.48067959872,474.025967684659,2477.921875,4740.25994318182,0,0,0,0,0,0,0,0,0,0,711.038973721591,0,0,0,0,0,0,0,0,0,0,40290.578125,7952.18603515625
"NGA",3,1,"LSMS-ISA2015",2015,3,36,3605,240,0,360012,5,0,0,0,973.33330078125,0,365,0,0,1400,535.619018554688,0,0,0,0,0,0,7786.66650390625,1775.33337402344,521.428564453125,4850.603515625,0,0,0,0,12514.2859375,0,1251.42861328125,0,0,0,0,0,8342.85703125,1772.85717773438,2815.71435546875,1251.42861328125,2920.00002441406,0,1668.571484375,208.571435546875,0,2711.42858886719,0,3634.285546875,4171.428515625,2916.241796875,0,0,0,0,0,1537.8697265625,0,0,0,0,0,0,0,0,0,0,0,183.417065429688,0,0,66108.375,7952.18603515625
"NGA",3,1,"LSMS-ISA2015",2015,3,36,3605,240,0,360013,9,0,0,0,405.555555555556,0,270.370361328125,0,0,3977.77777777778,978.306884765625,0,0,0,0,0,0,0,545.555541992188,0,4365.353515625,0,0,0,20277.7777777778,6083.33333333333,0,1158.73014322917,0,1738.09526909722,1738.09526909722,0,8111.11111111111,2317.46028645833,1158.73014322917,3447.22227647569,2607.14279513889,2723.01584201389,0,579.365071614583,695.238118489583,0,6373.01584201389,231.746039496528,1009.52376302083,1158.73014322917,2080.67621527778,0,0,0,0,0,0,0,3765.87282986111,0,1293.91543240017,1629.46430121528,843.970757378472,1490.46332465278,1078.88194444444,0,0,0,0,0,0,84134.484375,7952.18603515625
"NGA",3,1,"LSMS-ISA2015",2015,3,36,3605,240,0,360014,11,0,0,0,553.030317826705,0,165.909090909091,0,0,2818.18181818182,350.1298828125,110.606056213379,0,1327.27272727273,0,4740.25958806818,0,2543.93920898438,454.545440673828,0,5934.076171875,0,0,0,0,4977.27272727273,0,1185.06489701705,0,2133.11683238636,0,0,9006.49360795455,4740.25958806818,474.025967684659,2370.1298828125,3555.19477982955,3958.11692116477,0,711.038973721591,0,0,4977.27272727273,1422.07794744318,825.973987926136,1896.10387073864,1702.37144886364,0,0,0,0,0,0,0,0,0,916.450284090909,2370.12979403409,0,3482.08249733665,2504.44127308239,0,0,0,0,0,0,72205.578125,7952.18603515625
"NGA",3,1,"LSMS-ISA2015",2015,3,36,3605,240,0,360015,4,0,0,0,0,0,0,0,0,5750,260.714294433594,0,0,0,0,0,0,4562.5,0,0,2381.47314453125,0,0,0,0,5214.28564453125,0,0,0,0,0,0,6517.85693359375,0,0,5018.74987792969,0,4562.5,4562.5,0,0,0,18249.9997558594,260.714294433594,1135.71423339844,3910.71435546875,2346.42846679688,0,0,0,0,0,0,0,0,0,0,0,0,0,0,0,0,0,0,0,30.4166660308838,64764.5703125,7952.18603515625
"NGA",3,1,"LSMS-ISA2015",2015,3,36,3605,240,0,360016,12,0,0,0,0,0,506.944458007813,0,0,2250,317.261901855469,0,0,1013.88891601563,0,0,304.166666666667,405.555541992188,691.666687011719,0,6760.29248046875,0,0,0,0,1860.96052711985,0,0,0,0,0,0,6280.74170056392,0,1395.72043835404,2047.05663702655,325.6680970122,3954.54118465091,0,0,0,0,5350.26158231485,790.908228792162,2431.99482857419,2791.44087670809,3349.72885301872,0,0,0,0,0,704.322214783806,0,0,0,0,0,0,0,6513.36263776675,0,0,0,0,0,0,50046.48828125,7952.18603515625
"NGA",3,1,"LSMS-ISA2015",2015,3,36,3605,240,0,360017,10,0,0,0,243.333325195313,0,60.8333312988281,0,0,1370,342.452392578125,0,0,0,0,521.428564453125,0,4866.6669921875,0,0,1687.61694335938,0,2085.7142578125,0,0,0,0,0,0,0,0,0,3650,0,0,4041.0712890625,0,782.14287109375,0,260.714282226562,0,0,1564.2857421875,469.285717773438,0,3128.571484375,2808.9130859375,3910.714453125,0,2797.790234375,0,0,0,0,0,0,0,0,0,0,10753.4140625,0,0,0,457.3927734375,0,0,45802.33984375,7952.18603515625
"NGA",3,1,"LSMS-ISA2015",2015,3,36,3605,240,0,360018,7,0,5142.85693359375,0,0,0,0,0,0,485.714285714286,148.979598999023,0,0,0,0,0,0,7300,0,0,3284.59155273438,0,2681.63253348214,4096.93889508929,0,7821.42857142857,0,0,0,0,0,0,10428.5714285714,0,0,5028.06138392857,0,2979.591796875,2607.14285714286,1117.34695870536,0,0,1489.7958984375,297.959193638393,0,0,0,1649.35784040179,0,0,0,0,0,0,0,0,0,0,0,0,0,0,0,0,0,0,0,56559.96484375,7952.18603515625
"NGA",3,1,"LSMS-ISA2015",2015,3,36,3605,240,0,360019,9,0,0,0,1622.22222222222,0,0,0,0,777.777777777778,115.873016357422,0,0,0,0,0,0,12437.037109375,0,0,2855.30249023438,0,3772.38063130683,2829.28535974788,0,7544.76126261367,0,0,0,0,0,0,8802.22127960385,0,0,4558.29327133386,0,1571.82523625118,4401.11063980193,0,0,0,943.095157826709,251.492045616932,0,0,0,0,0,0,0,0,0,0,0,0,0,0,0,1054.98776392441,0,0,0,0,0,0,0,53537.66796875,7952.18603515625
"NGA",3,1,"LSMS-ISA2015",2015,3,36,3605,240,0,360020,9,0,0,0,1622.22222222222,0,0,0,0,377.777777777778,240.476181030273,0,0,0,0,0,0,1757.40747070313,333.333343505859,0,2132.75073242188,0,0,2217.38489217309,3079.70127228281,6467.37289605478,7391.28344412353,0,0,0,0,0,4003.61160333768,0,0,3541.65667291686,0,2771.73122824649,3079.70127228281,923.910430515441,0,0,1231.88053332842,246.376119099493,4293.01915172468,0,0,0,0,0,0,0,1646.97065735819,0,0,0,0,0,0,0,0,0,0,0,0,0,0,47358.5625,7952.18603515625
"NGA",3,1,"LSMS-ISA2015",2015,3,36,3603,978,0,360021,6,0,0,0,0,0,365,0,0,1533.33333333333,352.460327148438,0,0,2027.77783203125,0,0,0,3244.4443359375,13.3333330154419,347.619059244792,3771.75366210938,0,0,0,1303.57145182292,13904.76171875,26071.4296875,0,0,0,0,0,6952.380859375,17380.9518229167,3128.57149251302,1998.80950927734,1216.66666666667,173.809529622396,0,0,2520.23811848958,0,2433.33333333333,0,3028.5712890625,3476.1904296875,0,0,7388.87630208333,0,0,0,640.779052734375,0,0,0,0,2444.19653320313,0,1738.09521484375,0,432.096313476563,4345.23795572917,0,152.84755452474,0,60.8333320617676,112447.9609375,5363.1025390625
"NGA",3,1,"LSMS-ISA2015",2015,3,36,3603,978,0,360022,7,0,0,0,0,0,347.619035993304,0,0,1337.14285714286,531.836730957031,86.9047622680664,0,2085.71428571429,0,0,0,1390.47619628906,440.238098144531,0,7406.3828125,0,0,0,0,4469.38783482143,0,0,0,893.877580915179,744.89794921875,0,0,7448.97935267857,446.938790457589,0,2234.69384765625,893.877546037946,0,297.959193638393,1117.34695870536,0,1936.73468889509,0,3893.87723214286,2979.591796875,1340.81626674107,0,0,688.068359375,0,0,0,0,0,0,0,3398.59702845982,0,446.938790457589,2607.14313616071,0,0,0,131.012189592634,0,0,49597.05859375,5363.1025390625
"NGA",3,1,"LSMS-ISA2015",2015,3,36,3603,978,0,360023,10,0,0,0,608.333349609375,0,912.5,0,0,3440,252.142868041992,0,0,0,0,0,0,2068.33349609375,240,0,5482.75048828125,0,0,0,0,9385.714453125,0,2920,0,2502.8572265625,0,0,13557.1421875,0,0,2972.14287109375,2085.7142578125,1720.71430664063,4171.428515625,677.85712890625,625.714306640625,0,5214.2857421875,391.071423339844,3634.285546875,5214.2859375,1877.1427734375,0,0,963.295703125,0,0,12973.73203125,0,0,0,3580.4763671875,0,0,938.57138671875,0,0,0,0,0,0,0,88410.5,5363.1025390625
"NGA",3,1,"LSMS-ISA2015",2015,3,36,3603,978,0,360024,3,0,0,0,2027.77783203125,0,1622.22216796875,0,0,4333.33333333333,820.238098144531,0,0,2838.88899739583,0,0,0,7300,1033.33337402344,0,4243.78955078125,0,0,0,0,12166.6666666667,0,5214.28580729167,0,6257.142578125,0,0,24333.3333333333,12166.6666666667,3823.8095703125,7126.1904296875,3476.1904296875,2520.23811848958,6952.380859375,1042.85717773438,2085.71435546875,0,6083.33333333333,2085.71435546875,6057.142578125,3476.1904296875,3128.5712890625,0,0,0,0,0,2563.1162109375,0,0,0,2607.14290364583,0,3476.1904296875,10749.4505208333,0,0,0,0,0,0,0,151611.890625,5363.1025390625
"NGA",3,1,"LSMS-ISA2015",2015,3,36,3603,978,0,360025,9,0,0,0,0,0,540.74072265625,0,0,1333.33333333333,712.169311523438,0,0,675.925944010417,0,0,202.777777777778,811.111083984375,473.148162841797,0,3618.42895507813,0,0,0,0,7298.38585506258,0,0,0,0,0,0,3649.19292753129,0,608.198801588697,6446.90728314185,0,2554.4349982754,6081.98789788787,0,0,0,8818.88246129898,669.018697549,4239.06218764203,7298.38585506258,6081.98789788787,0,0,0,0,0,0,0,0,0,0,0,0,0,0,0,0,0,0,0,0,62114.08203125,5363.1025390625
"NGA",3,1,"LSMS-ISA2015",2015,3,36,3603,978,0,360026,8,0,0,0,0,3041.66674804688,760.416687011719,0,0,2000,212.5,0,0,0,0,0,0,2433.33325195313,0,0,2874.017578125,0,0,0,0,3595.23133091315,0,0,0,898.807832728287,0,0,5392.84716763069,0,1348.21179190767,3595.23133091315,0,1977.37725286295,4044.63520446205,0,0,0,3145.82745736425,988.688641690262,9396.85056040023,7190.4626618263,6471.41619013051,0,0,0,0,0,0,0,0,0,0,0,0,0,0,0,0,0,0,0,0,59367.5234375,5363.1025390625
"NGA",3,1,"LSMS-ISA2015",2015,3,36,3603,978,0,360027,12,0,0,0,202.777770996094,0,304.166666666667,0,0,1550,151.785720825195,0,0,0,0,0,0,2027.77783203125,0,0,1916.01171875,0,0,0,0,1955.35709635417,0,0,0,2607.14290364583,0,0,3041.66666666667,0,869.047607421875,2389.88094075521,0,999.40478515625,0,434.523803710938,0,0,1303.57145182292,86.9047648111979,3028.5712890625,2607.14290364583,1564.28564453125,0,0,0,0,0,0,0,0,0,0,0,0,0,4562.5,0,0,0,0,0,0,31602.515625,5363.1025390625
"NGA",3,1,"LSMS-ISA2015",2015,3,36,3603,978,0,360028,5,0,0,0,486.666650390625,0,973.33330078125,0,0,3080,424.285736083984,0,0,0,0,0,0,4866.6669921875,0,0,4598.42822265625,0,0,0,0,4171.428515625,0,0,0,2085.7142578125,0,0,6257.14296875,0,1564.2857421875,4692.85703125,0,2294.28569335937,4692.85703125,0,0,0,6257.1427734375,625.714306640625,1817.1427734375,4171.428515625,3754.285546875,0,0,0,0,0,0,0,0,0,0,0,0,0,0,0,0,0,0,0,0,56813.671875,5363.1025390625
"NGA",3,1,"LSMS-ISA2015",2015,3,36,3603,978,0,360029,11,0,0,0,0,0,663.636363636364,0,0,0,94.8051986694336,0,0,0,0,0,0,497.727264404297,0,0,4394.3984375,0,0,0,0,7584.41548295455,0,0,0,1422.07794744318,0,0,4266.23384232955,0,0,4455.84410511364,0,3887.01296164773,1659.09090909091,474.025967684659,0,0,2844.15578391335,189.610395951705,4955.84375,3792.20774147727,1702.37144886364,0,0,0,0,0,0,0,0,0,0,0,0,0,0,0,0,0,0,0,0,42883.45703125,5363.1025390625
"NGA",3,1,"LSMS-ISA2015",2015,3,36,3603,978,0,360030,6,0,0,0,0,0,811.111083984375,0,0,400,354.920654296875,0,0,0,0,0,0,3852.77758789063,0,0,4042.16967773438,0,0,0,0,0,0,0,0,2607.14290364583,0,0,9559.52376302083,0,0,8169.04752604167,0,6083.33333333333,6083.33333333333,434.523803710938,0,0,8690.47615559896,173.809529622396,4542.85677083333,3476.1904296875,3121.01432291667,6517.857421875,0,0,0,0,0,0,0,0,0,0,0,0,0,0,0,0,0,0,0,68920.0859375,5363.1025390625
"NGA",3,1,"LSMS-ISA2015",2015,3,36,3608,2078,0,360031,8,0,2250,0,1520.83337402344,0,228.125,0,0,1175,266.636901855469,76.0416641235352,0,0,0,0,380.208343505859,2433.33325195313,17.5,325.892852783203,4301.92529296875,0,0,0,0,13035.7138671875,0,0,0,2607.14282226563,0,0,5866.0712890625,5214.28564453125,325.892852783203,2607.14282226563,651.785705566406,1303.57141113281,0,260.714294433594,456.25,0,1433.92860412598,0,2271.42846679688,1303.57141113281,911.325561523438,0,0,0,0,0,480.584289550781,0,0,0,0,2682.50561523438,0,391.071441650391,0,0,0,0,114.635665893555,0,0,54893.1171875,9246.728515625
"NGA",3,1,"LSMS-ISA2015",2015,3,36,3608,2078,0,360032,4,0,10500,0,3041.66674804688,0,912.5,0,0,3500,2622.79760742188,365,0,6083.33349609375,0,0,0,0,5625,0,34154.35546875,0,0,0,1564.28576660156,0,0,0,0,1955.35717773438,0,0,0,26071.427734375,0,5475,0,1303.57141113281,0,1955.35717773438,521.428588867188,0,14600.0000610352,0,1114.28552246094,513.636901855469,0,1358.32580566406,0,1204.11962890625,0,3128.57153320313,961.168579101563,0,0,0,1955.35717773438,0,1677.13232421875,3389.28570556641,4562.50048828125,0,0,0,229.271331787109,0,0,140344.734375,9246.728515625
"NGA",3,1,"LSMS-ISA2015",2015,3,36,3608,2078,0,360033,10,0,480,0,608.333349609375,0,243.333325195313,0,0,3000,262.142883300781,0,0,0,0,2607.1427734375,0,2433.33349609375,510,0,2464.32421875,0,0,0,0,6257.14296875,0,0,0,1564.2857421875,1564.2857421875,0,7560.714453125,4171.428515625,1042.85712890625,3910.7142578125,3650,2893.92856445313,0,730,1981.42861328125,0,8864.2857421875,208.571435546875,2725.7140625,2085.7142578125,3216.4359375,0,0,3128.571484375,0,0,0,4692.85703125,3128.571484375,0,1015.04769363403,1807.25703125,0,2727.40786132812,2737.5,0,0,0,510.894677734375,0,0,84784.21875,9246.728515625
"NGA",3,1,"LSMS-ISA2015",2015,3,36,3608,2078,0,360034,7,0,1714.28576660156,0,869.047642299107,0,521.428571428571,0,0,3857.14285714286,1144.21765136719,9559.5234375,0,1390.47614397321,0,14897.9587053571,0,2607.14282226563,1557.14282226563,0,5219.06298828125,0,0,0,1489.7958984375,8938.77566964286,0,0,0,2793.36723109654,2607.14285714286,0,17877.5513392857,13408.1632952009,1042.85714285714,2234.69391741071,9385.71400669643,4841.83670479911,2756.12248883929,893.877580915179,5065.30594308036,0,8566.32659040179,223.469395228795,2595.91824776786,2979.591796875,2675.15513392857,0,0,4469.38783482143,0,0,0,13408.1629464286,0,0,2383.67349679129,2197.44890485491,0,4820.90788922991,0,0,0,0,0,0,0,160992.6875,9246.728515625
"NGA",3,1,"LSMS-ISA2015",2015,3,36,3608,2078,0,360035,5,0,720,0,0,0,973.33330078125,0,0,1400,691.90478515625,0,0,1946.6666015625,0,0,0,973.333312988281,973.333312988281,0,28605.125,0,0,0,0,5226.18867402732,0,0,0,0,0,0,6532.73565955719,0,2613.09433701366,5487.49819021224,0,3266.36799569142,4572.9151471341,0,0,0,9799.10355759235,653.273584253415,2276.61363705421,2613.09433701366,2351.78482082874,0,0,0,0,0,0,0,0,0,0,0,0,0,0,0,0,0,0,0,0,81676.3671875,9246.728515625
"NGA",3,1,"LSMS-ISA2015",2015,3,36,3608,2078,0,360036,7,0,5142.85693359375,0,2085.71428571429,0,695.238071986607,0,0,800,74.4897994995117,0,0,0,0,0,0,4519.0478515625,0,0,4916.48583984375,0,0,0,0,2607.14285714286,0,0,0,0,0,0,4841.83649553571,0,0,3352.04073660714,0,6555.10198102679,3724.48967633929,744.89794921875,0,0,2756.12241908482,148.979596819196,3893.87723214286,2979.591796875,4022.44893973214,0,0,0,0,0,0,0,0,0,0,3724.48967633929,0,0,0,740.736537388393,0,0,0,0,0,58325.5859375,9246.728515625
"NGA",3,1,"LSMS-ISA2015",2015,3,36,3608,2078,0,360037,8,0,0,0,760.416687011719,0,228.125,0,0,3775,798.511901855469,0,0,0,0,3258.92846679688,0,8364.583984375,0,0,1100.15539550781,0,0,0,0,8473.2138671875,0,1955.35717773438,0,1303.57141113281,2607.14282226563,3258.92846679688,23464.2866210938,5866.0712890625,554.017852783203,4497.32153320313,1955.35711669922,2281.25,2933.03564453125,1303.57141113281,0,0,1629.46423339844,162.946426391602,4542.85693359375,3910.71435546875,4275.24670410156,0,0,3169.87219238281,0,0,115.795791625977,0,12383.9282226563,14339.2856445313,1651.19058227539,0,0,3804.05841064453,2281.25024414063,0,0,0,114.635665893555,0,0,131120.09375,9246.728515625
"NGA",3,1,"LSMS-ISA2015",2015,3,36,3608,2078,0,360038,6,608.333312988281,0,0,912.5,0,405.555541992188,0,0,6500,1070.23815917969,0,0,0,0,3476.1904296875,0,10138.888671875,0,0,3682.21362304688,0,0,0,0,10428.5716145833,0,3476.1904296875,0,3476.1904296875,3041.66666666667,0,13730.9524739583,6952.380859375,1738.09521484375,7039.28564453125,4779.76188151042,1625.11897786458,0,1303.57145182292,2172.61897786458,0,1738.09521484375,260.714294433594,7571.427734375,6952.380859375,5360.7265625,0,0,2331.49186197917,0,3128.5712890625,0,7821.42838541667,15642.8567708333,0,19068.3527406057,3012.09505208333,2236.17643229167,4519.04760742188,6083.333984375,0,0,0,0,0,0,172285,9246.728515625
"NGA",3,1,"LSMS-ISA2015",2015,3,36,3608,2078,0,360039,11,0,2727.27270507813,0,0,0,1327.27272727273,0,0,272.727272727273,283.766235351563,0,0,0,0,0,0,4534.8486328125,0,0,3128.6728515625,0,0,2684.31242453123,0,5033.08579667325,0,0,0,0,0,0,3115.71962502453,0,0,5512.42743310422,0,2876.04898978345,5272.75652611032,719.012269640464,0,0,1533.89277616344,191.73660828703,5846.65273437911,0,0,0,0,0,0,0,0,0,0,0,0,0,0,0,0,0,0,0,0,0,0,45060.203125,9246.728515625
"NGA",3,1,"LSMS-ISA2015",2015,3,36,3608,2078,0,360040,6,0,5000,0,0,0,0,0,0,1166.66666666667,86.9047622680664,0,0,3447.22233072917,0,0,0,10138.8896484375,0,0,4107.20703125,0,0,0,4241.29492772294,10603.2371604765,0,0,0,0,0,0,11486.8394740569,0,0,6185.22139781815,0,6892.10413646185,6185.22156057856,1325.40464505956,0,0,1767.2061371945,353.44124381318,6158.59214898461,8836.03118407763,0,0,0,0,0,0,0,0,0,0,0,0,0,0,0,0,0,0,0,0,0,87981.484375,9246.728515625
"NGA",3,1,"LSMS-ISA2015",2015,3,36,3613,1066,0,360041,9,0,0,0,0,0,202.777777777778,0,0,466.666666666667,198.465621948242,0,0,0,0,0,0,1622.22216796875,0,0,1279.369140625,0,0,0,0,3186.50802951389,0,0,0,2085.71432834201,0,0,0,2317.46028645833,0,2607.14282226563,695.238118489583,1448.41270616319,0,0,405.555555555556,0,1158.7301703559,0,2019.04752604167,2317.46028645833,1983.41189236111,0,0,0,0,0,0,0,0,0,2858.201171875,2770.08930121528,0,926.984130859375,2027.77799479167,576.12841796875,0,0,101.89836968316,0,0,33255.265625,9801.5322265625
"NGA",3,1,"LSMS-ISA2015",2015,3,36,3613,1066,0,360042,4,0,0,0,0,0,456.25,0,0,1000,256.190490722656,0,0,0,0,0,0,5475,15,0,2038.20227050781,0,0,0,1564.28576660156,71696.4296875,0,0,0,1955.35717773438,2607.14282226563,0,0,10428.5712890625,0,0,1303.57141113281,1303.57141113281,0,521.428588867188,0,0,0,0,1135.71423339844,1303.57141113281,0,0,0,0,0,0,0,0,0,0,4236.60705566406,4888.39282226563,0,2737.5,4562.50048828125,1296.28894042969,0,0,229.271331787109,0,0,121010.84375,9801.5322265625
"NGA",3,1,"LSMS-ISA2015",2015,3,36,3613,1066,0,360043,9,0,0,0,0,0,405.555555555556,0,0,3511.11111111111,302.380981445313,0,0,1351.85188802083,0,0,0,3514.81469726563,388.888885498047,0,2694.77978515625,0,0,0,0,6083.33333333333,0,0,0,2085.71419270833,1158.73014322917,0,12456.3493923611,10428.5711805556,10428.5711805556,3765.873046875,4924.60308159722,4345.23806423611,0,695.238118489583,2723.01589626736,0,1158.73014322917,173.809529622396,3028.57118055556,2317.46028645833,5206.72873263889,0,0,2283.82530381944,0,0,0,0,0,0,2037.43388960097,3715.17852105035,0,1590.45057508681,4055.55598958333,0,0,0,0,0,811.111083984375,97643.46875,9801.5322265625
"NGA",3,1,"LSMS-ISA2015",2015,3,36,3613,1066,0,360044,12,0,0,0,0,0,608.333333333333,0,0,3366.66666666667,273.452392578125,0,0,1216.66666666667,0,4345.23795572917,0,2940.27758789063,423.333343505859,912.5,3985.63745117188,0,0,0,0,6085.18769218771,0,0,0,2738.33454288231,869.312515810745,0,11953.0471129522,5215.87525771308,0,3346.85327137571,5780.92830750777,3346.8531899955,0,521.587533911533,1651.69383702861,0,6519.84407209725,391.19064026388,2272.12077606084,3477.25006324298,4400.86355018976,0,0,2570.08690173429,0,0,0,0,0,0,5744.70643381552,814.980529379255,0,1217.03749772098,3042.59417170287,5722.97444913473,0,0,0,0,608.333312988281,96363.765625,9801.5322265625
"NGA",3,1,"LSMS-ISA2015",2015,3,36,3613,1066,0,360045,9,0,0,0,0,0,0,0,0,1555.55555555556,589.682495117188,0,0,1351.85188802083,0,0,0,811.111083984375,675.925964355469,0,5750.3984375,0,0,0,0,2770.06638011142,0,0,0,0,7914.47516378786,0,8705.92289986679,0,2374.34265898643,3324.07968685973,791.447534910985,1978.61888360796,2374.34265898643,395.723767455493,0,0,8943.35729750551,2690.92160650353,5516.28078401958,15828.9515028915,9972.23906057918,0,0,0,0,0,0,0,0,0,0,0,0,3368.33254086115,0,0,0,0,0,0,0,87683.625,9801.5322265625
"NGA",3,1,"LSMS-ISA2015",2015,3,36,3613,1066,0,360046,8,0,0,0,0,0,152.08332824707,0,0,1375,442.857147216797,0,0,0,0,0,0,912.5,250,0,4373.5732421875,0,0,0,0,3351.36485062074,0,0,0,0,0,0,12447.926447924,0,0,4021.63794076082,766.026292583629,2010.81897038041,2872.59855541954,0,0,0,10532.860905017,1149.03938585488,3336.93614584627,4787.66440042073,5170.67726609414,0,0,0,0,0,0,0,0,0,0,0,0,0,0,0,0,0,0,0,0,57953.55859375,9801.5322265625
"NGA",3,1,"LSMS-ISA2015",2015,3,36,3613,1066,0,360047,5,0,0,0,243.333325195313,0,365,0,0,5320,272.142883300781,243.33332824707,0,0,0,5214.285546875,194.666662597656,8516.6669921875,0,0,9729.87890625,0,0,0,0,21014.0985138829,0,1576.0574676698,0,4202.81988056499,3152.1149353396,7354.93471824834,14814.9401584386,14709.8694364967,735.49347202555,11032.40188206,630.422996733186,11053.4160606937,6304.2298706792,1050.70494572719,1260.84599346637,0,6304.2296753667,1996.3394166638,3661.63465001192,6304.2298706792,6008.34704098246,0,0,0,0,0,0,0,0,0,7460.00438235695,2955.10772834494,0,0,7354.93550351267,0,3335.57151911479,0,0,0,0,174372.046875,9801.5322265625
"NGA",3,1,"LSMS-ISA2015",2015,3,36,3613,1066,0,360048,10,0,0,0,304.166674804687,0,486.666650390625,0,0,2780,466.642883300781,0,0,973.33330078125,0,1564.2857421875,0,3893.33349609375,600,0,3441.54028320313,0,0,0,0,7821.42890625,0,0,0,5005.7142578125,1303.57138671875,0,7039.285546875,6778.57109375,0,5370.71416015625,2346.428515625,6309.28579101563,0,521.428564453125,782.14287109375,0,4171.428515625,312.857153320312,2725.7140625,4171.428515625,5279.426953125,0,0,3083.164453125,0,0,0,0,0,0,5370.71398925781,977.67861328125,0,0,3650.000390625,0,0,0,0,0,0,87530.953125,9801.5322265625
"NGA",3,1,"LSMS-ISA2015",2015,3,36,3613,1066,0,360049,8,0,0,0,0,0,608.333312988281,0,0,525,977.678588867188,0,0,0,0,0,0,3041.66674804688,0,0,2208.01586914063,0,0,0,0,11406.25,0,0,0,0,0,0,3910.71435546875,0,0,5866.0712890625,0,5214.28570556641,7169.64282226563,1303.57141113281,0,0,1955.35717773438,130.357147216797,4542.85693359375,3910.71435546875,0,0,0,0,0,0,0,0,0,0,0,0,0,0,0,0,0,0,0,0,0,52770.51171875,9801.5322265625
"NGA",3,1,"LSMS-ISA2015",2015,3,36,3613,1066,0,360050,8,0,0,0,304.166656494141,0,456.25,0,0,1025,130.357147216797,0,0,0,0,0,0,2889.58349609375,0,0,1417.9697265625,0,0,0,0,6843.75,0,0,0,0,0,0,4301.78579711914,0,0,4562.49987792969,0,3584.82135009766,3910.71435546875,651.785705566406,0,0,3780.35720825195,130.357147216797,5678.57080078125,3910.71435546875,0,0,0,0,0,0,0,0,0,0,0,0,0,0,18592.6943359375,0,0,0,0,0,0,62171.375,9801.5322265625
"NGA",3,1,"LSMS-ISA2015",2015,3,36,3610,1826,0,360051,6,0,0,0,0,0,608.333333333333,0,0,2066.66666666667,593.015869140625,162.222213745117,0,4055.5556640625,0,0,0,12166.6669921875,290,434.523803710938,6006.26708984375,0,0,0,1303.57145182292,0,13035.71484375,0,0,2780.95239257813,0,0,8690.47591145833,13904.76171875,1042.85717773438,869.047607421875,1738.09521484375,3041.66666666667,3476.1904296875,0,2433.33335367839,0,7473.80946858724,0,3028.5712890625,3476.1904296875,0,4821.76302083333,0,0,0,0,640.779052734375,0,0,0,0,3150.29768880208,0,1390.47619628906,0,432.096313476563,0,0,152.84755452474,0,0,103266.734375,4623.3642578125
"NGA",3,1,"LSMS-ISA2015",2015,3,36,3610,1826,0,360052,8,0,0,0,0,0,608.333312988281,0,0,1400,349.732147216797,0,0,2433.33325195313,0,0,0,6691.6669921875,500,0,6592.7978515625,0,0,0,0,5214.28564453125,0,0,0,0,521.428588867188,0,5866.0712890625,21508.9282226563,1564.28570556641,3715.17858886719,3910.71429443359,977.678588867188,0,3910.71435546875,2150.89282226563,0,4627.6787109375,0,3407.142578125,3910.71435546875,911.325561523438,0,0,0,0,0,0,0,0,0,0,0,0,1694.6428527832,0,0,0,0,114.635665893555,0,152.08332824707,82734.2734375,4623.3642578125
"NGA",3,1,"LSMS-ISA2015",2015,3,36,3610,1826,0,360053,9,0,0,0,0,0,540.74072265625,0,0,3533.33333333333,280.158752441406,0,0,1081.4814453125,0,0,0,2433.33325195313,266.666656494141,579.365071614583,4365.353515625,0,0,0,0,6952.38107638889,0,3476.19053819444,0,2780.95247395833,0,0,14484.1267361111,2317.46028645833,1448.41265190972,4403.17465549045,1738.09526909722,1738.09521484375,2317.46028645833,695.238118489583,811.111111111111,0,5214.28569878472,231.746039496528,4038.09505208333,0,2085.71419270833,0,0,0,0,0,0,0,0,0,0,0,0,695.238118489583,0,0,0,0,567.660753038194,0,0,69075.8671875,4623.3642578125
"NGA",3,1,"LSMS-ISA2015",2015,3,36,3610,1826,0,360054,12,0,0,0,0,0,506.944458007813,0,0,2133.33333333333,160.119049072266,0,0,912.5,0,0,0,1622.22216796875,133.33332824707,0,4568.95849609375,0,0,1216.66666666667,0,0,0,1086.30948893229,0,1738.09521484375,955.952392578125,0,13687.5,0,1433.92854817708,3606.54752604167,0,1824.99997965495,3476.1904296875,564.880940755208,1564.28572591146,0,1086.3095296224,608.333333333333,3028.5712890625,0,3901.26822916667,6517.857421875,0,0,0,0,0,0,0,4301.78580729167,0,173.809529622396,0,0,0,0,0,0,425.745564778646,0,0,61236.4453125,4623.3642578125
"NGA",3,1,"LSMS-ISA2015",2015,3,36,3610,1826,0,360055,9,0,0,0,0,0,0,0,0,1333.33333333333,424.867736816406,0,0,675.925944010417,0,0,405.555555555556,1351.85192871094,675.925964355469,0,5860.2646484375,0,0,5382.19339671648,0,0,0,0,0,0,0,0,13455.4832747773,0,4228.8663748949,3844.42384106478,0,2883.31799858904,15377.6953642591,0,0,0,3844.42384106478,1297.49310490895,10048.1648352186,0,6919.96285623925,14416.5905873627,0,0,0,0,0,0,0,0,0,0,0,0,0,0,0,0,0,0,0,92426.3515625,4623.3642578125
"NGA",3,1,"LSMS-ISA2015",2015,3,36,3610,1826,0,360056,12,0,0,0,0,0,0,0,0,1500,313.988098144531,0,0,506.944458007813,0,0,0,811.111083984375,0,0,2713.82177734375,0,0,3562.89767683691,0,0,0,0,0,0,0,0,12668.0810112713,0,2296.08971759186,8709.30591041525,0,4592.17941483867,0,395.877531602227,0,0,0,1306.39586387409,8277.63586074048,0,9976.11395104051,11876.3267213888,0,0,0,0,0,0,0,0,0,0,0,0,5542.28598311827,0,0,0,0,0,0,75049.046875,4623.3642578125
"NGA",3,1,"LSMS-ISA2015",2015,3,36,3610,1826,0,360057,10,0,0,0,121.666662597656,0,182.5,0,0,940,52.1428604125977,0,0,0,0,0,0,3650,0,0,3441.54028320313,0,0,0,0,7821.42890625,0,0,0,0,0,0,5214.2857421875,0,0,7821.428515625,0,3649.99990234375,3128.571484375,782.14287109375,0,0,2085.71430664063,208.571435546875,3634.285546875,5214.2859375,2808.9130859375,0,0,0,0,0,0,0,0,0,0,0,0,0,0,0,0,0,0,0,0,50757.48046875,4623.3642578125
"NGA",3,1,"LSMS-ISA2015",2015,3,36,3610,1826,0,360058,9,0,0,0,540.74072265625,0,675.925944010417,0,0,888.888888888889,57.9365081787109,0,0,0,0,0,0,2162.962890625,0,0,3823.93359375,0,0,0,0,4345.23828125,0,0,0,2896.82530381944,0,0,3476.19053819444,0,1158.73014322917,9849.20616319445,0,5214.28559027778,3765.87282986111,869.047634548611,0,0,2896.82530381944,115.873019748264,3028.57118055556,2317.46028645833,1040.33810763889,0,0,0,0,0,0,0,0,0,347.619059244792,0,0,0,0,0,0,0,0,0,0,49472.47265625,4623.3642578125
"NGA",3,1,"LSMS-ISA2015",2015,3,36,3610,1826,0,360059,10,0,0,0,0,0,486.666650390625,0,243.33332824707,200,52.1428604125977,0,0,0,0,0,0,1703.33337402344,0,0,3441.54028320313,0,0,0,0,2674.71862335888,0,0,0,0,0,0,5943.81909123497,0,0,6835.39231249525,0,2377.52767981379,4457.86441608248,1188.76383990689,0,0,2971.90964327374,237.752778279166,10356.9004310881,8321.34789661663,0,0,0,0,0,0,0,0,0,0,0,0,0,1188.76383990689,0,0,0,0,0,0,0,52681.77734375,4623.3642578125
"NGA",3,1,"LSMS-ISA2015",2015,3,36,3610,1826,0,360060,11,0,0,0,0,0,1769.69691051136,0,0,400,94.8051986694336,0,0,2986.36363636364,0,0,0,995.454528808594,0,0,2204.81982421875,0,0,0,0,3318.18181818182,0,0,0,0,0,0,2844.15589488636,0,0,5451.298828125,0,2133.11683238636,1659.09090909091,474.025967684659,0,0,2370.1298828125,94.8051979758523,3303.89595170455,4740.25994318182,0,0,0,0,0,0,0,0,0,0,0,0,0,0,0,471.377796519886,0,0,0,0,0,35311.4765625,4623.3642578125
"NGA",3,1,"LSMS-ISA2015",2015,3,36,3601,1214,0,360061,12,0,0,0,608.333333333333,0,253.472229003906,0,0,1950,571.071472167969,0,0,2027.77783203125,0,0,0,5272.22216796875,0,260.714294433594,3701.7109375,0,0,0,0,0,0,0,0,1303.57145182292,869.047607421875,0,8690.47591145833,13035.71484375,869.047607421875,1086.30948893229,608.333333333333,1520.83333333333,1086.30948893229,0,1042.85717773438,0,2780.95239257813,0,1238.57137044271,1356.37044270833,1738.09521484375,1751.83984375,0,856.434488932292,0,521.428588867188,0,0,0,0,521.428588867188,2659.19506835938,0,695.238098144531,0,864.192626953125,0,0,76.4237772623698,0,0,59817.96484375,5548.037109375
"NGA",3,1,"LSMS-ISA2015",2015,3,36,3601,1214,0,360062,6,0,0,0,1013.88891601563,0,202.777770996094,0,0,1233.33333333333,278.849212646484,0,0,2433.33333333333,0,0,0,4866.66650390625,0,0,10799.4912109375,0,0,0,0,0,0,0,0,181.8145360194,1090.88721427047,0,8181.65365020776,9090.72619254405,2181.77434716074,454.536319241966,5454.43599366401,545.443607135236,0,727.258144077601,1636.33082694349,0,3545.38338626684,0,863.743535266726,1891.78616939138,1271.06367028214,1832.52292643763,0,0,0,0,0,0,0,0,0,3295.38842086426,0,999.979928223131,1692.85671686183,0,0,0,79.9435660086976,0,0,65845.859375,5548.037109375
"NGA",3,1,"LSMS-ISA2015",2015,3,36,3601,1214,0,360063,11,0,0,0,0,0,774.242453835227,0,0,3527.27272727273,192.857162475586,0,0,995.454545454546,0,0,442.424227627841,1769.69714355469,245.454544067383,0,9211.12890625,0,0,0,0,9331.24410790375,0,3199.28374486895,0,3732.49768755071,1066.42788536351,0,16796.2393942268,2666.06965032414,1706.28469134344,4372.35443044598,2399.46270117786,2666.06980218719,3839.1402658182,1972.89157740507,1173.07070427248,0,5598.74642035305,266.606971340878,2787.32089789648,3199.28374486895,3425.79000735603,0,0,985.068202722607,0,0,0,0,0,0,14450.0968969467,2389.46497808575,686.015607079769,1190.03660494266,0,0,0,0,522.441968288804,0,0,107580.4375,5548.037109375
"NGA",3,1,"LSMS-ISA2015",2015,3,36,3601,1214,0,360064,10,0,0,0,0,0,730,0,0,2940,302.142883300781,0,0,851.66669921875,0,0,365,2676.66674804688,280,0,7512.4072265625,0,0,0,0,9005.77953263354,0,5789.42960582192,0,4631.54356898678,1286.53992151734,0,16725.0193509144,1929.8099232821,3216.34982915537,6947.31570215111,3537.98482031978,2894.71487615315,0,771.923982207276,3216.34973149912,0,3859.61984656419,257.307994069092,3362.62740644696,3859.61984656419,4132.87731672631,0,0,3859.61984656419,0,0,0,0,0,0,0,2882.65351134014,827.610082604326,1186.93684719412,4502.89021951802,0,0,0,0,0,0,104342.3984375,5548.037109375
"NGA",3,1,"LSMS-ISA2015",2015,3,36,3601,1214,0,360065,11,0,0,0,0,0,0,0,0,909.090909090909,142.207794189453,0,0,553.030317826705,0,0,276.515158913352,774.242431640625,884.848449707031,0,7507.86669921875,0,0,0,0,0,0,0,0,0,0,0,6775.1373013378,0,4132.83376759057,2710.05495604648,0,1016.27060851743,0,0,0,0,5420.10991209297,1287.27613519452,5793.57768280243,3524.77648472555,6822.54935282934,5462.9714240227,0,0,0,0,0,0,0,0,0,0,0,0,5046.60964124213,0,0,0,0,0,0,59039.96875,5548.037109375
"NGA",3,1,"LSMS-ISA2015",2015,3,36,3601,1214,0,360066,7,0,0,0,0,0,0,0,0,1857.14285714286,429.591827392578,0,0,869.047642299107,0,0,521.428571428571,1042.85717773438,1738.09533691406,0,3520.46313476563,0,0,0,0,0,0,0,0,0,0,0,16363.3508662937,0,4818.09786514369,7090.78538469455,0,4909.00532266714,4545.37512629479,909.075039647507,0,0,7272.60031718006,1909.05761966879,13819.9333252244,11350.7478750817,12816.1147076902,43980.6654087145,0,0,0,0,0,0,0,0,0,0,0,0,5058.01108132166,0,0,0,0,0,0,144821.4375,5548.037109375
"NGA",3,1,"LSMS-ISA2015",2015,3,36,3601,1214,0,360067,12,0,0,0,0,0,0,0,0,1516.66666666667,236.507934570313,304.166656494141,0,0,0,0,0,1520.83337402344,0,0,2334.46606445313,0,0,0,0,7560.43549553971,0,0,0,3207.45765092754,916.416447010134,0,14433.5592059735,2291.04107850585,1512.08713032353,3665.66578804053,2061.93698292181,504.02905923204,3299.09910222474,549.849893288392,1099.69978657678,0,1374.62470953468,229.104111752533,3193.64844915847,2749.24941906936,2943.89368078169,0,0,846.501405081857,0,0,0,0,0,0,14326.643436,2053.34560656178,589.515707311313,0,0,0,0,0,0,0,0,75320.4453125,5548.037109375
"NGA",3,1,"LSMS-ISA2015",2015,3,36,3601,1214,0,360068,9,0,0,0,0,0,675.925944010417,0,0,2777.77777777778,80.1587295532227,0,0,1081.4814453125,0,0,0,3785.18530273438,177.777770996094,0,4365.353515625,0,0,1680.15874565972,0,0,0,1738.09526909722,0,2027.77777777778,1332.53971354167,0,15642.8576388889,0,2027.77777777778,4924.60329861111,0,2027.77775065104,4924.60329861111,869.047634548611,1100.79361979167,0,2317.46028645833,115.873019748264,3028.57118055556,2317.46028645833,5201.69097222222,8690.4765625,0,0,0,0,0,0,0,5735.71440972222,8449.07378472222,231.746039496528,0,0,0,0,0,0,0,0,0,87327.765625,5548.037109375
"NGA",3,1,"LSMS-ISA2015",2015,3,36,3601,1214,0,360069,12,0,0,0,0,0,608.333333333333,0,0,0,173.809524536133,0,0,811.111083984375,0,0,0,2230.55541992188,0,0,2021.08483886719,0,0,0,0,0,0,0,0,5431.54752604167,0,0,5214.28580729167,0,0,4997.02392578125,0,4127.97615559896,2824.40478515625,869.047607421875,0,0,869.047607421875,173.809529622396,2890,2260.61735026042,0,2627.75960286458,0,0,0,0,0,0,0,0,0,0,0,0,0,0,0,0,0,0,0,38130.41015625,5548.037109375
"NGA",3,1,"LSMS-ISA2015",2015,3,36,3601,1214,0,360070,12,0,0,0,0,0,304.166666666667,0,0,458.333333333333,86.9047622680664,0,0,1419.44449869792,0,0,0,2281.25,0,0,1574.85412597656,0,0,0,0,7604.16666666667,0,0,0,2607.14290364583,0,0,4127.97623697917,0,0,3910.71419270833,0,2607.14282226563,2607.14290364583,651.785725911458,0,0,1825.0000406901,86.9047648111979,2477.14274088542,2260.61735026042,0,0,0,0,0,0,0,0,0,0,0,0,0,0,809.161458333333,0,0,0,0,0,0,37699.8515625,5548.037109375
"NGA",3,1,"LSMS-ISA2015",2015,3,36,3612,1474,1,360071,5,0,0,0,973.33330078125,0,486.666650390625,0,0,1920,883.952331542969,0,0,0,0,0,0,3893.33325195313,20,625.714306640625,2731.52368164063,0,0,0,0,4171.428515625,0,0,0,3128.571484375,2085.7142578125,0,0,20857.1421875,3650,10949.9996582031,1042.85712890625,3649.99990234375,0,417.14287109375,1564.2857421875,0,2920.00002441406,0,5451.428125,4171.428515625,1458.1208984375,0,0,963.295703125,0,0,0,0,0,0,0,1955.3572265625,0,0,3650.000390625,0,0,0,183.417065429688,0,73,83877.7109375,4068.56030273438
"NGA",3,1,"LSMS-ISA2015",2015,3,36,3612,1474,1,360072,3,0,0,0,0,0,608.333333333333,0,0,2300,678.253967285156,0,0,3244.4443359375,0,0,0,7705.55517578125,20,0,2132.94287109375,0,0,0,0,0,0,0,0,1738.09521484375,1216.66666666667,0,0,6952.380859375,3128.57145182292,0,3476.1904296875,2607.14282226563,0,0,2085.71435546875,0,5561.90478515625,0,1485.71402994792,684.849202473958,2430.20149739583,1811.10107421875,0,0,0,0,0,0,0,0,0,5585.44124348958,0,1682.02766927083,1151.67390950521,1728.38525390625,0,0,152.84755452474,0,202.777770996094,60371.21875,4068.56030273438
"NGA",3,1,"LSMS-ISA2015",2015,3,36,3612,1474,1,360073,3,0,0,0,1216.66666666667,0,1622.22216796875,0,0,6066.66666666667,420.238128662109,0,0,2027.77783203125,0,0,0,8516.6669921875,400,0,4833.6123046875,0,0,0,0,6952.380859375,0,5214.28580729167,0,4171.4287109375,2085.71435546875,0,21726.1901041667,6952.380859375,5214.28580729167,6778.57149251302,0,1042.85717773438,0,1042.85717773438,4866.66666666667,0,9559.52376302083,2085.71435546875,6057.142578125,5214.28580729167,3121.01432291667,0,0,0,0,0,0,0,0,0,3649.99967447917,0,7656.41959635417,3690.11002604167,6083.333984375,0,0,0,0,0,0,138269,4068.56030273438
"NGA",3,1,"LSMS-ISA2015",2015,3,36,3612,1474,1,360074,2,0,0,0,2433.33325195313,0,1520.83337402344,0,0,2700,260.714294433594,0,0,0,0,0,0,5475,600,0,10468.3994140625,0,0,0,0,17805.9081368828,0,6677.2158897582,0,8902.95406844141,4451.4770342207,0,28934.5994630125,4451.4770342207,3116.03397000424,13354.4317795164,13354.4311026621,10238.3977013337,0,2670.88635868166,0,0,6677.2158897582,3561.18181157555,7756.5461790663,1753.98361049191,1739.52747553188,0,0,0,0,0,0,0,0,0,0,1780.59090578777,0,0,2949.5794726999,0,0,0,0,0,0,163634.71875,4068.56030273438
"NGA",3,1,"LSMS-ISA2015",2015,3,36,3612,1474,1,360075,2,36.5,0,0,3041.66674804688,0,0,0,0,2000,660.714294433594,0,0,0,0,0,0,0,0,0,6892.20751953125,0,0,0,0,5214.28564453125,0,0,0,0,0,0,0,0,1303.57141113281,10428.5712890625,0,1825,4692.85693359375,0,0,0,70392.8559570313,2867.85717773438,4542.85693359375,5214.28564453125,4692.85693359375,0,0,0,0,0,0,0,16946.427734375,0,0,0,0,18398.5366210938,0,0,0,0,0,0,0,159151.0625,4068.56030273438
"NGA",3,1,"LSMS-ISA2015",2015,3,36,3612,1474,1,360076,8,0,0,0,0,0,0,0,0,1350,419.940490722656,0,0,0,0,0,0,912.5,0,0,3499.08203125,0,0,0,0,2923.9443019776,0,0,0,0,0,0,3654.93030121773,0,730.9860754944,2923.9443019776,0,1827.46523193618,2558.45131250362,438.591668680227,0,0,7309.86092774471,950.281925093303,3821.15435238332,5847.8886039552,0,0,0,0,7353.72069255891,0,0,0,0,0,0,5482.395878914,0,4451.14313868879,0,0,0,0,0,0,0,56456.28125,4068.56030273438
"NGA",3,1,"LSMS-ISA2015",2015,3,36,3612,1474,1,360077,12,0,0,0,0,0,608.333333333333,0,0,83.3333333333333,86.9047622680664,0,0,0,0,0,0,1926.38879394531,0,0,2165.41430664063,0,0,0,3041.66666666667,6517.857421875,0,0,0,0,0,0,3693.45247395833,0,0,7821.42838541667,0,3258.92854817708,2607.14290364583,869.047607421875,0,0,4127.97619628906,173.809529622396,5299.99967447917,7821.42838541667,0,0,0,0,0,0,0,0,0,0,0,0,0,0,0,0,0,0,0,0,0,50103.109375,4068.56030273438
"NGA",3,1,"LSMS-ISA2015",2015,3,36,3612,1474,1,360078,6,0,0,0,608.333333333333,0,1013.88891601563,0,0,1766.66666666667,86.9047622680664,0,0,0,0,0,0,3650,0,0,3129.09204101563,0,0,0,0,7159.48132156676,0,0,0,4091.13212766385,0,0,10739.2219152509,0,2045.56606383192,6648.08962482661,0,4602.52359454432,0,2045.56606383192,0,0,4091.13212766385,306.834924298042,3564.32868124609,2045.56606383192,1836.5624894348,0,0,0,0,0,0,0,0,0,0,0,0,0,10739.2219152509,0,0,0,0,0,0,70170.125,4068.56030273438
"NGA",3,1,"LSMS-ISA2015",2015,3,36,3612,1474,1,360079,7,0,0,0,0,0,434.523821149554,0,0,142.857142857143,234.693878173828,0,0,0,0,0,0,1390.47619628906,0,0,3712.13891601563,0,0,0,0,5214.28571428571,0,0,0,1489.7958984375,0,0,11918.3674665179,0,0,4841.83663504464,0,4469.3876953125,2607.14285714286,744.89794921875,0,0,1862.24487304688,148.979596819196,3893.87723214286,7448.97991071429,0,0,0,0,0,0,0,0,0,0,0,0,0,0,0,0,0,0,0,0,0,50554.48828125,4068.56030273438
"NGA",3,1,"LSMS-ISA2015",2015,3,36,3612,1474,1,360080,10,0,0,0,0,0,608.333349609375,0,0,360,104.285720825195,0,0,0,0,0,0,1581.66674804688,0,0,1305.56896972656,0,0,0,0,5475,0,0,0,1564.2857421875,0,0,3128.571484375,0,0,2085.7142578125,0,4849.28564453125,3128.571484375,782.14287109375,0,0,4119.28588867188,208.571435546875,3634.285546875,4171.428515625,0,0,0,0,0,0,0,0,0,0,0,1955.3572265625,0,0,0,0,0,0,0,0,0,39062.35546875,4068.56030273438
"NGA",3,1,"LSMS-ISA2015",2015,3,36,3606,1956,0,360081,12,0,0,0,0,0,304.166666666667,0,0,1416.66666666667,420.357147216797,0,0,1622.22216796875,0,0,0,3650,199.16667175293,0,8402.759765625,0,0,0,0,0,0,0,0,1042.85717773438,0,0,0,0,0,869.047627766927,434.523803710938,304.166666666667,1086.30948893229,1303.57145182292,608.333333333333,0,1260.11903889974,0,2477.14274088542,2712.74088541667,1215.10074869792,4379.59993489583,0,0,0,0,320.389526367188,0,0,152.083333333333,0,1520.83333333333,0,84.1013844807943,0,0,0,0,76.4237772623698,0,0,35862.6796875,4808.298828125
"NGA",3,1,"LSMS-ISA2015",2015,3,36,3606,1956,0,360082,3,0,0,0,0,0,608.333333333333,0,0,2266.66666666667,685.476257324219,0,0,4055.5556640625,0,0,0,6488.888671875,53.3333320617676,521.428588867188,5209.65087890625,0,0,0,0,6083.33333333333,0,0,0,0,1216.66666666667,0,17380.9518229167,6952.380859375,1216.66666666667,0,0,1738.09521484375,0,695.238118489583,1216.66666666667,0,6778.57145182292,0,1651.42854817708,1808.49381510417,2430.20149739583,0,0,0,0,2085.71435546875,0,0,0,0,1564.28564453125,12796.7262369792,2236.17643229167,2780.95239257813,3236.64583333333,0,0,0,152.84755452474,0,2666.66674804688,96578.0390625,4808.298828125
"NGA",3,1,"LSMS-ISA2015",2015,3,36,3606,1956,0,360083,3,0,0,0,1013.88891601563,0,1216.66666666667,0,0,5066.66666666667,720.238098144531,0,0,3244.4443359375,0,8690.47591145833,0,4866.66650390625,1066.66662597656,0,6299.41650390625,0,0,0,0,13173.4988555297,0,0,0,4516.6283273421,2634.69977990036,0,33874.7105987431,15055.4270774506,1129.15708183553,7151.32773774956,7904.099295729,5081.20676267908,0,1317.34988995018,9409.64176064623,0,6774.9423062667,470.482096170332,6558.3912892081,5645.7853168044,8641.90617661652,0,0,0,0,0,0,0,0,0,5457.59243830256,3528.615926369,3763.85676936266,4842.34668071365,6586.7501227786,0,0,0,921.954855285097,0,0,186625.515625,4808.298828125
"NGA",3,1,"LSMS-ISA2015",2015,3,36,3606,1956,0,360084,8,0,0,0,0,0,608.333312988281,76.0416641235352,0,4450,292.886901855469,0,0,0,0,0,304.166656494141,2129.16674804688,375,0,3445.54663085938,0,0,0,0,0,0,1527.07227146349,0,3512.26615112384,1679.77953523093,0,11453.041776203,2290.60846823039,763.536135731745,3894.03431054245,0,2366.96210011411,0,458.121704541324,0,0,5344.75301115737,190.884033932936,3991.30642386995,4581.21693646078,6359.70324821079,11453.0426619603,0,0,0,0,0,0,0,0,2214.25483634667,0,2290.60846823039,2515.97472657286,2672.37678805315,0,0,0,748.11120159776,0,0,81988.8046875,4808.298828125
"NGA",3,1,"LSMS-ISA2015",2015,3,36,3606,1956,0,360085,3,0,0,0,0,0,0,0,0,0,1390.47619628906,0,0,1622.22216796875,0,0,0,0,811.111083984375,0,31777.1953125,0,0,0,0,4941.52497609953,0,0,0,0,0,0,23060.4493154364,0,6588.69968161868,28001.9742915359,0,16801.1848282102,9224.17972617457,1647.17492040467,0,0,13177.3993632374,2964.91498337272,14350.7282615224,13177.3993632374,17789.4892263246,0,0,0,0,0,0,0,0,0,0,0,0,0,0,0,0,0,0,0,0,187326.125,4808.298828125
"NGA",3,1,"LSMS-ISA2015",2015,3,36,3606,1956,0,360086,2,0,0,0,0,0,1520.83337402344,0,0,50,260.714294433594,0,0,0,0,0,0,0,0,0,6365.68408203125,0,0,0,0,9125,0,0,0,0,0,0,15642.857421875,0,0,11732.142578125,0,12253.5715332031,20857.142578125,1303.57141113281,0,0,1042.85717773438,521.428588867188,9085.7138671875,15642.857421875,0,0,0,0,0,0,0,0,0,0,0,0,0,0,0,0,0,0,0,0,0,105404.375,4808.298828125
"NGA",3,1,"LSMS-ISA2015",2015,3,36,3606,1956,0,360087,2,0,0,0,0,0,1216.66662597656,0,608.333312988281,0,260.714294433594,0,0,0,0,0,0,2433.33325195313,0,0,5655.39453125,0,0,0,0,10428.5712890625,0,0,0,10428.5712890625,0,0,15642.857421875,0,0,11732.142578125,0,9125,9125,1303.57141113281,0,0,6517.85717773438,521.428588867188,9085.7138671875,10428.5712890625,0,0,0,0,0,0,0,0,0,0,0,0,0,0,0,0,0,0,0,0,0,104513.71875,4808.298828125
"NGA",3,1,"LSMS-ISA2015",2015,3,36,3606,1956,0,360088,6,0,0,0,0,0,608.333333333333,0,0,166.666666666667,173.809524536133,0,0,2433.33333333333,0,0,0,4765.27783203125,0,0,5735.900390625,0,0,0,0,0,0,0,0,0,0,0,5214.28580729167,0,0,7821.42838541667,0,2867.85709635417,5648.8095703125,869.047607421875,0,0,4345.23811848958,173.809529622396,4542.85677083333,3476.1904296875,0,6517.857421875,0,0,0,0,0,0,0,0,0,0,0,0,0,0,0,0,0,0,0,55360.6953125,4808.298828125
"NGA",3,1,"LSMS-ISA2015",2015,3,36,3606,1956,0,360089,6,0,0,0,0,0,1419.44449869792,0,0,1166.66666666667,173.809524536133,0,0,0,0,0,0,8516.6669921875,0,0,4107.20703125,0,0,0,0,0,0,0,0,0,0,7821.42838541667,5214.28580729167,0,0,7821.42838541667,0,8255.95231119792,5214.28580729167,1303.57145182292,0,0,9559.52392578125,347.619059244792,7571.427734375,5214.28580729167,0,16294.64453125,0,0,0,0,0,0,0,0,0,0,0,0,0,0,0,0,0,0,0,90002.25,4808.298828125
"NGA",3,1,"LSMS-ISA2015",2015,3,36,3606,1956,0,360090,9,0,0,0,0,0,202.777777777778,0,0,1666.66666666667,253.96826171875,743.518493652344,0,2703.70377604167,0,0,540.74072265625,8111.111328125,0,0,2738.13793945313,0,0,0,0,6083.33333333333,0,0,0,0,0,0,3476.19053819444,2027.77777777778,0,5214.28559027778,0,2607.14279513889,3476.19053819444,869.047634548611,0,0,5793.65071614583,231.746039496528,6057.14236111111,4634.92057291667,0,0,0,0,0,0,0,0,0,0,0,0,0,0,0,0,0,0,0,0,1622.22216796875,59054.27734375,4808.298828125
"NGA",3,1,"LSMS-ISA2015",2015,1,37,3706,4144,1,370001,7,695.238098144531,3428.57153320313,0,0,0,2607.14285714286,0,695.238098144531,4942.85714285714,13436.3271484375,0,0,26071.4285714286,0,0,0,10428.5712890625,7523.8095703125,0,4190.31298828125,0,0,0,0,0,14897.9587053571,0,0,3724.48967633929,0,0,8938.77566964286,11173.4698660714,4469.3876953125,3873.46930803571,7076.53041294643,5214.28560965402,0,0,6555.10226004464,0,6704.08147321429,1117.34692382813,0,0,1568.04722377232,4580.05133928571,0,0,0,0,0,0,0,0,5.21428625924247,0,0,0,1818.47823660714,751.660295758929,0,0,0,0,347.619049072266,156835.46875,4434.5341796875
"NGA",3,1,"LSMS-ISA2015",2015,1,37,3706,4144,1,370002,7,0,3428.57153320313,0,0,0,6952.38113839286,0,347.619049072266,10428.5714285714,12085.7138671875,0,0,26071.4285714286,0,14897.9587053571,13035.7142857143,12166.666015625,0,0,4190.31298828125,0,0,0,0,36500,20857.1428571429,0,0,2234.69391741071,0,0,8938.77566964286,11173.4698660714,0,2607.14278738839,4469.38783482143,1489.7958984375,0,744.89794921875,4320.40806361607,0,3650.00006975446,1489.7958984375,0,0,0,0,0,0,2946.44391741071,0,0,0,0,0,0,1117.34695870536,0,0,3693.38392857143,0,1564.28571428571,0,0,0,4345.23779296875,215747.140625,4434.5341796875
"NGA",3,1,"LSMS-ISA2015",2015,1,37,3706,4144,1,370003,5,2676.66650390625,6000,0,0,0,4866.666796875,0,340.666687011719,7520,12158.2861328125,0,0,14600,0,13035.7140625,0,12166.6669921875,24333.33203125,0,1894.66577148438,0,0,0,1042.85712890625,0,11679.9997070312,0,0,2607.1427734375,2085.7142578125,0,12514.2859375,3128.571484375,0,2607.1427734375,4692.85703125,4797.14282226563,0,0,1564.2857421875,0,37125.715625,1042.85712890625,0,0,0,3206.0359375,0,2436.37421875,0,0,0,0,0,0,17033.334375,1032.42861328125,0,0,1723.579296875,1048.68310546875,0,0,131.4,0,0,211093.078125,4434.5341796875
"NGA",3,1,"LSMS-ISA2015",2015,1,37,3706,4144,1,370004,7,695.238098144531,3428.57153320313,0,0,0,2607.14285714286,0,782.142883300781,4600,10173.7080078125,0,0,8690.47600446429,0,0,0,17380.951171875,5785.71435546875,0,2414.083984375,0,0,1489.7958984375,0,0,14897.9587053571,0,0,8938.77580915179,0,8938.77566964286,14897.9587053571,0,5214.28564453125,0,5959.18359375,3724.48974609375,0,0,8044.89794921875,0,13035.7141462054,372.448974609375,0,0,0,4580.05133928571,0,0,0,0,0,0,0,2271.93875558036,3.10374178205218,931.122488839286,0,248.29931640625,1818.47823660714,3575.54499162946,0,0,0,0,347.619049072266,155848.46875,4434.5341796875
"NGA",3,1,"LSMS-ISA2015",2015,1,37,3706,4144,1,370005,7,2085.71435546875,3428.57153320313,0,0,5561.90457589286,1216.66671316964,0,173.809524536133,4571.42857142857,4929.25146484375,0,0,0,0,14897.9587053571,0,8864.2861328125,0,0,1353.33276367188,0,0,0,0,7821.42857142857,11173.4698660714,3277.55106026786,0,3724.48967633929,0,0,8938.77566964286,4469.38783482143,0,3501.02036830357,0,7299.99986049107,1489.7958984375,744.89794921875,744.89794921875,0,22346.9384765625,744.89794921875,0,0,0,0,0,0,0,0,0,0,0,0,0,0,0,0,0,0,0,0,0,0,0,123360.484375,4434.5341796875
"NGA",3,1,"LSMS-ISA2015",2015,1,37,3706,4144,1,370006,6,3548.61108398438,5000,7097.22200520833,0,0,0,0,1216.66662597656,30333.3333333333,18883.333984375,0,0,40555.5546875,0,0,0,24333.333984375,13472.2216796875,0,12310.80859375,0,0,0,1303.57145182292,0,32589.287109375,0,0,20857.1429036458,1738.09521484375,0,9124.99971516927,5214.28580729167,3476.1904296875,3041.66666666667,3910.71419270833,4779.76184082031,2607.14290364583,3476.1904296875,6430.95247395833,52142.859375,45016.6674804688,434.523803710938,0,0,0,2671.69661458333,0,851.748128255208,0,0,0,0,0,0,217.261901855469,2104.54372437795,0,0,0,0,219.434529622396,0,0,0,0,358959.875,4434.5341796875
"NGA",3,1,"LSMS-ISA2015",2015,1,37,3706,4144,1,370007,4,2433.33325195313,9000,0,0,0,10645.8330078125,0,1216.66662597656,12850,16123.8095703125,0,0,6083.33349609375,0,20857.142578125,0,12775,0,0,6749.904296875,0,0,0,0,0,28538.6904721684,1426.93455043489,0,2853.86910086978,0,0,28538.6904721684,15696.2806771974,0,0,0,9988.54193892845,3139.25609143616,0,0,0,15696.2801889161,2853.86910086978,0,0,0,8773.59574759177,0,0,0,0,0,0,0,0,23306.5992882447,5783.84160286778,0,1426.93455043489,0,1434.90619711575,171.232150143717,0,179.793755286697,0,0,248544.34375,4434.5341796875
"NGA",3,1,"LSMS-ISA2015",2015,1,37,3706,4144,1,370008,6,3041.66674804688,4000,0,0,608.333333333333,8111.111328125,0,811.111083984375,56666.6666666667,50098.21484375,0,10138.888671875,40555.5546875,0,2607.14290364583,4055.5556640625,20277.77734375,23944.443359375,0,5569.56640625,0,0,0,4345.23795572917,13035.71484375,17380.9518229167,1825,0,10428.5712890625,5214.28580729167,13035.71484375,36934.5240885417,30416.6676432292,108196.431640625,17815.4762369792,27809.5236816406,20857.1422526042,5214.28580729167,12340.4763997396,24594.0480143229,0,55619.0472005208,1738.09525553385,0,0,0,0,0,0,0,0,0,0,0,0,65.1785736083984,0,0,787.640787760417,0,0,0,0,0,0,32444.443359375,670584.4375,4434.5341796875
"NGA",3,1,"LSMS-ISA2015",2015,1,37,3706,4144,1,370009,5,1216.66674804688,7200,0,0,0,0,0,681.333374023438,7160,28166.666015625,0,0,29200,0,5214.285546875,0,29200,0,0,9803.15234375,0,0,0,0,0,0,0,0,2398.571484375,0,0,0,0,0,0,0,1042.85712890625,0,0,0,0,9385.7142578125,0,0,0,0,3206.0359375,1394.0234375,189.20087890625,0,3910.714453125,0,0,10428.57109375,0,12775.0015625,806.476196289063,0,2596.60869140625,0,1048.68310546875,7734.52410888672,0,131.4,0,0,174890.484375,4434.5341796875
"NGA",3,1,"LSMS-ISA2015",2015,1,25,2504,0,1,370010,7,0,5142.85693359375,3476.19056919643,0,0,1738.09528459821,0,0,12057.1428571429,6483.23095703125,0,0,3476.19056919643,0,0,0,6604.76220703125,5785.71435546875,0,9675.2333984375,0,0,0,4469.38783482143,11173.4698660714,0,4469.38783482143,0,6853.06117466518,3724.48967633929,0,0,1787.75516183036,1787.75516183036,7523.46920340402,0,1862.24490792411,2979.591796875,744.89794921875,3277.55106026786,0,30913.2652064732,1862.24487304688,0,0,0,0,0,0,0,0,0,0,0,0,0,1929.40638950893,0,2153.63567243304,0,0,0,0,0,0,1911.90478515625,143862.9375,4434.5341796875
"NGA",3,1,"LSMS-ISA2015",2015,1,37,3706,156,1,370011,5,0,4800,0,0,0,5840,0,486.666656494141,4560,19080,0,0,0,0,20857.1421875,0,7300,0,0,4905.04345703125,0,0,0,0,0,0,0,0,5214.285546875,0,0,11471.42890625,4171.428515625,0,4171.428515625,0,6048.57138671875,2502.8572265625,521.428564453125,0,0,40671.427734375,521.428564453125,760.42080078125,0,0,5185.1935546875,0,3850.65068359375,0,0,0,0,0,0,0,0,0,0,0,0,0,0,0,0,0,152919.40625,4527.75244140625
"NGA",3,1,"LSMS-ISA2015",2015,1,37,3706,156,1,370012,6,0,4000,0,0,0,4055.5556640625,0,405.555541992188,3750,3739.6826171875,0,0,0,0,19119.0481770833,0,5677.77783203125,0,0,5000,0,0,0,0,2172.61897786458,0,0,0,2172.61897786458,0,0,10428.5716145833,1738.09521484375,0,0,1738.09521484375,5040.47615559896,0,434.523803710938,0,0,17989.2854817708,869.047607421875,633.684000651042,615.920247395833,0,0,0,1703.49625651042,0,0,0,0,0,0,0,5503.96842447917,0,0,2872.63216145833,0,0,0,274.966654459635,0,5069.4443359375,105005.0625,4527.75244140625
"NGA",3,1,"LSMS-ISA2015",2015,1,37,3706,156,1,370013,4,0,6000,0,0,0,4562.5,0,608.333312988281,5750,3130.35717773438,0,0,0,0,39107.14453125,0,18554.166015625,0,0,18000,0,0,0,3258.92858886719,0,0,0,0,6517.85693359375,0,0,15642.857421875,3910.71435546875,0,2933.03564453125,0,6517.85705566406,0,651.785705566406,4171.4287109375,0,54228.5732421875,0,0,0,0,8015.08984375,0,3535.69116210938,0,0,0,0,0,0,10645.833984375,0,0,869.047607421875,2052.669921875,0,0,0,164.25,0,18250,237078.125,4527.75244140625
"NGA",3,1,"LSMS-ISA2015",2015,1,37,3706,156,1,370014,6,0,3000,0,0,0,4866.66666666667,0,486.666656494141,3066.66666666667,6118.25390625,0,0,0,0,17380.9518229167,0,7097.22265625,1333.33337402344,0,7125.16748046875,0,1738.09521484375,1042.85717773438,2172.61897786458,0,0,0,0,5214.28580729167,1738.09521484375,0,10428.5716145833,4345.23795572917,5040.47607421875,0,0,3476.1904296875,2172.61897786458,869.047607421875,3215.47627766927,0,30764.2867838542,1303.57141113281,0,0,0,5343.39322916667,1302.08666992188,0,0,0,0,0,0,0,0,5503.96842447917,0,579.365071614583,0,0,0,0,0,0,0,136725.15625,4527.75244140625
"NGA",3,1,"LSMS-ISA2015",2015,1,37,3706,156,1,370015,1,0,12000,0,0,0,14600,0,2190,25000,16800,0,0,0,0,0,0,48666.66796875,0,0,29416.259765625,0,0,0,2607.14282226563,15642.857421875,0,15642.857421875,0,31285.71484375,0,0,0,15642.857421875,17728.5712890625,12514.2861328125,10428.5712890625,9385.71423339844,12514.2861328125,1564.28576660156,8342.857421875,0,312857.1484375,2607.14282226563,0,0,0,0,0,0,0,0,0,0,0,0,0,0,0,0,0,0,1053.28576660156,0,0,0,0,618490.5,4527.75244140625
"NGA",3,1,"LSMS-ISA2015",2015,1,37,3706,156,1,370017,6,0,6000,6083.33333333333,0,0,0,0,405.555541992188,4566.66666666667,2373.8095703125,0,0,0,0,5214.28580729167,0,12166.6669921875,0,0,19731.181640625,0,0,0,1738.09521484375,0,5214.28580729167,0,0,4345.23795572917,0,0,9559.52408854167,5214.28580729167,3389.28580729167,0,0,5214.28564453125,0,0,0,6517.857421875,32154.7609049479,0,0,0,1738.09521484375,4947.89420572917,0,2357.12744140625,0,0,0,0,0,0,0,1086.3095703125,0,2080.107421875,2872.63216145833,1310.85392252604,2925.7939453125,0,274.966654459635,0,0,149482.90625,4527.75244140625
"NGA",3,1,"LSMS-ISA2015",2015,1,37,3706,156,1,370018,9,0,2666.66674804688,0,0,0,0,0,270.370361328125,1088.88888888889,1360.31750488281,0,0,0,0,2317.46028645833,0,1351.85192871094,0,0,2380.37426757813,0,0,0,0,0,2317.46028645833,0,0,0,0,0,0,1158.73014322917,0,2838.88888888889,0,1506.34920247396,1390.47623697917,695.238118489583,0,0,5214.28569878472,0,1267.36794704861,0,4011.11545138889,1099.53200954861,0,0,0,0,0,0,0,0,0,0,0,512.515299479167,0,0,0,0,183.31110297309,0,0,33631.19921875,4527.75244140625
"NGA",3,1,"LSMS-ISA2015",2015,1,37,3706,156,1,370019,15,0,1200,0,811.1111328125,0,1216.66666666667,0,405.555572509766,6093.33333333333,1335.873046875,0,0,0,0,3476.19036458333,0,7300,933.333312988281,0,29860.255859375,0,0,0,0,0,10428.571875,695.2380859375,0,3128.57138671875,0,0,15295.2380208333,0,4658.09518229167,4171.42864583333,1564.28567708333,4171.428515625,0,1042.85716145833,3198.0951171875,0,11714.7615885417,347.61904296875,0,0,2636.571484375,4525.47434895833,1562.50403645833,0,0,0,0,0,0,0,0,683.65078125,0,706.955598958333,1723.57916666667,1144.24609375,0,0,0,0,0,126031.4921875,4527.75244140625
"NGA",3,1,"LSMS-ISA2015",2015,1,37,3706,156,1,370020,5,0,2400,0,4866.666796875,0,0,0,486.666656494141,3360,2104.28564453125,0,0,0,0,18771.428125,0,6570,0,0,6279.60205078125,0,2085.7142578125,2502.8572265625,2085.7142578125,0,0,0,0,0,0,0,12514.2859375,0,0,2294.2857421875,0,5214.28564453125,2502.8572265625,521.428564453125,5005.714453125,0,21900,0,0,0,0,989.57880859375,0,3358.146875,0,0,0,0,0,0,0,0,0,0,0,0,0,0,329.959985351563,0,0,106143.4765625,4527.75244140625
"NGA",3,1,"LSMS-ISA2015",2015,6,30,3014,0,1,370021,3,0,2400,0,0,0,3244.4443359375,0,0,0,4668.25390625,0,0,0,0,34761.9036458333,0,6488.888671875,0,0,34000,0,0,0,0,13277.021923902,16122.0977522418,0,4172.77836864241,0,0,0,0,7586.8695713976,853.522800688799,5879.82395882421,3793.4347856988,4931.46526799741,7586.8695713976,948.358696424701,284.5076233736,0,0,1896.7173928494,0,0,0,0,4539.15293028237,0,0,0,0,0,0,0,0,0,0,0,0,0,0,0,0,0,34472.22265625,191908.34375,4927.259765625
"NGA",3,1,"LSMS-ISA2015",2015,1,37,3702,972,1,370022,6,0,6000,0,0,0,6083.33333333333,0,405.555541992188,5066.66666666667,1907.14294433594,0,0,10138.888671875,0,4345.23795572917,0,20277.77734375,1666.66662597656,0,58333.33203125,0,869.047607421875,0,0,0,4345.23795572917,0,0,1738.09521484375,2607.14290364583,0,10428.5716145833,2607.14290364583,2780.95247395833,0,0,4779.76188151042,2172.61897786458,0,9907.14274088542,0,28678.5714518229,1042.85717773438,0,0,0,5343.39322916667,0,2030.31184895833,0,0,0,0,0,0,14194.4453125,5503.96842447917,0,1013.88891601563,0,873.902587890625,351.095255533854,0,109.5,0,0,215602.25,4927.259765625
"NGA",3,1,"LSMS-ISA2015",2015,1,37,3702,972,1,370023,4,0,6000,0,0,0,4562.5,0,486.666656494141,5500,9388.6904296875,0,0,0,0,26071.427734375,0,9125,0,0,37500,0,0,0,2505.91845703125,0,0,0,0,6517.85693359375,0,0,14339.2861328125,6517.85693359375,2607.14282226563,0,2607.14282226563,3845.53564453125,0,0,7300.00024414063,0,19814.2852783203,0,0,0,0,4007.544921875,0,2555.24438476563,2.9330358505249,0,0,0,0,0,15968.751953125,2724.46447753906,0,0,3182.3369140625,655.426940917969,0,0,41.0625,0,38020.83203125,231847.890625,4927.259765625
"NGA",3,1,"LSMS-ISA2015",2015,1,37,3702,972,1,370024,3,0,16000,0,0,0,8111.111328125,0,811.111083984375,8333.33333333333,6840.47607421875,0,0,56777.7760416667,0,0,0,40555.5546875,0,0,150000,0,0,0,0,0,8690.47591145833,1738.09521484375,0,10428.5716145833,0,20857.1432291667,20857.1432291667,0,6952.380859375,0,3476.1904296875,9559.52376302083,0,0,0,0,12166.6666666667,2085.71435546875,0,0,0,5343.39322916667,2604.17333984375,0,3437.51790364583,0,0,0,0,0,21291.6692708333,4449.52392578125,0,1158.73014322917,3027.85481770833,873.902587890625,5916.47631835938,0,219,0,150055.546875,582619.0625,4927.259765625
"NGA",3,1,"LSMS-ISA2015",2015,1,37,3702,972,1,370025,4,0,9000,9125,0,0,0,0,608.333312988281,12000,13113.6904296875,0,0,0,0,13035.7138671875,0,9125,0,0,87500,0,0,0,651.785705566406,0,6517.85693359375,1303.57141113281,0,3910.71435546875,0,19553.572265625,15642.857421875,2607.14282226563,3128.57153320313,521.428588867188,0,6517.85705566406,0,0,8603.5712890625,0,39107.142578125,1303.57141113281,0,0,0,4007.544921875,1953.13000488281,0,0,0,0,0,0,0,15968.751953125,2641.90478515625,0,869.047607421875,1816.712890625,655.426940917969,526.642883300781,0,164.25,0,91250,382730.78125,4927.259765625
"NGA",3,1,"LSMS-ISA2015",2015,1,37,3702,972,1,370026,3,0,20000,14194.4440104167,0,0,0,0,811.111083984375,11800,3507.14282226563,0,0,81111.109375,0,0,0,24333.333984375,0,0,166666.671875,0,1738.09521484375,2085.71435546875,869.047607421875,0,0,0,0,8342.85709635417,0,0,20857.1432291667,3476.1904296875,4171.4287109375,0,2607.14290364583,4345.23803710938,0,0,11123.8098958333,0,47971.4296875,0,0,0,0,2748.7451171875,0,683.8408203125,0,0,0,0,0,0,14194.4453125,3151.74601236979,0,1448.41259765625,2422.28385416667,23647.1591796875,2925.7939453125,0,219,0,166277.78125,647731.125,4927.259765625
"NGA",3,1,"LSMS-ISA2015",2015,1,37,3702,972,1,370027,4,0,15000,0,0,0,0,0,0,7650,1830.35717773438,0,0,0,0,18250,0,12166.6669921875,0,0,62500,0,0,1564.28576660156,0,0,7821.42834472656,1303.57141113281,0,3910.71435546875,0,0,13035.7138671875,2607.14282226563,0,0,2607.14282226563,5996.42852783203,3258.92846679688,0,5214.28564453125,0,9125,1303.57141113281,0,0,1303.57141113281,4007.544921875,0,0,0,0,0,0,0,0,16041.7519607544,2329.04760742188,0,0,0,655.426940917969,263.321441650391,0,164.25,0,0,199910.15625,4927.259765625
"NGA",3,1,"LSMS-ISA2015",2015,1,37,3702,972,1,370028,11,553.030334472656,5454.54541015625,0,0,0,0,0,442.424224853516,7036.36363636364,6330.73583984375,0,0,11060.6058238636,2212.12127130682,0,0,13272.7275390625,8651.5146484375,0,54545.453125,0,0,948.051935369318,0,0,7110.38991477273,0,0,4977.27279385653,0,7110.38991477273,11613.6365633878,5688.31178977273,2275.32475142045,474.025967684659,4503.24662642046,2370.1298384233,2370.12979403409,474.025967684659,3057.46755149148,0,14410.3892933239,237.01298384233,0,0,0,2914.578125,0,0,2.13311698219993,0,3617.02414772727,0,0,0,3875.11610169844,959.11259321733,0,0,0,0,0,0,0,0,0,188547.296875,4927.259765625
"NGA",3,1,"LSMS-ISA2015",2015,1,37,3702,972,1,370030,6,0,8000,7097.22200520833,0,0,2027.77783203125,0,405.555541992188,10233.3333333333,2886.90454101563,0,0,30416.6666666667,0,0,0,20277.77734375,0,0,66666.6640625,0,869.047607421875,1042.85717773438,1042.85717773438,6083.33333333333,1042.85717773438,0,0,4345.23795572917,0,0,10428.5716145833,2607.14290364583,0,0,0,7242.06339518229,0,0,3476.1904296875,0,29547.6201171875,0,0,0,0,0,0,1703.49625651042,0,0,0,0,0,0,217.261901855469,5503.96842447917,0,0,2121.55794270833,873.902587890625,351.095255533854,0,1665.4428914388,0,66916.6640625,295093.09375,4927.259765625
"NGA",3,1,"LSMS-ISA2015",2015,1,37,3706,6,0,370031,15,0,0,0,0,0,0,0,0,3000,210.952377319336,0,0,9733.33333333333,0,5214.2859375,0,9733.3330078125,0,0,18147.728515625,0,0,0,0,0,0,1390.476171875,0,3476.19036458333,0,0,8342.85729166667,3128.57135416667,0,1703.33333333333,0,3371.90475260417,1738.09518229167,0,3893.33346354167,0,14043.809375,1042.85716145833,1013.89440104167,0,4004.97083333333,3456.795703125,0,0,0,0,0,0,0,0,7097.22239583333,0,0,0,0,524.341569010417,1170.317578125,0,219.973323567708,0,0,105658.5859375,14621.9765625
"NGA",3,1,"LSMS-ISA2015",2015,1,37,3706,6,0,370032,10,486.666656494141,0,0,0,0,60.8333312988281,0,0,3160,1330,0,0,2433.3333984375,0,0,0,4015,1960,0,5924.11279296875,0,0,0,0,0,0,0,0,1042.85712890625,0,0,6257.14296875,5214.285546875,0,5318.57126464844,0,521.428564453125,0,782.14287109375,0,0,1564.2857421875,1042.85712890625,1901.051953125,0,2912.00009765625,0,0,0,0,0,0,0,0,0,0,1181.9046875,0,2637.28959960937,0,0,0,0,0,0,0,49745.7578125,14621.9765625
"NGA",3,1,"LSMS-ISA2015",2015,1,37,3706,6,0,370033,6,0,0,0,0,0,0,0,0,1366.66666666667,1170.23815917969,0,0,2433.33333333333,0,3476.1904296875,0,2838.88891601563,0,0,1344.45104980469,0,0,0,0,4345.23795572917,0,5214.28580729167,0,0,0,0,0,1042.85717773438,0,1738.09521484375,0,1399.16670735677,2085.71435546875,434.523803710938,1564.28564453125,0,3302.380859375,260.714294433594,1901.05192057292,0,4278.57796223958,0,0,0,0,0,0,0,0,0,0,0,0,1563.81868489583,0,0,0,0,0,0,0,41760.4765625,14621.9765625
"NGA",3,1,"LSMS-ISA2015",2015,1,37,3706,6,0,370034,6,0,0,0,0,0,0,0,0,2200,3559.126953125,0,0,4055.5556640625,0,9559.52408854167,0,10138.888671875,0,0,5796.93603515625,0,0,0,0,6083.33333333333,0,869.047607421875,0,2172.61897786458,0,0,0,1738.09521484375,0,2780.95239257813,0,2346.42854817708,2085.71435546875,1042.85717773438,2780.95247395833,0,5388.09537760417,434.523803710938,0,0,10012.4270833333,0,4929.79459635417,0,0,0,0,0,0,0,0,0,0,0,0,0,0,0,0,0,0,77974.875,14621.9765625
"NGA",3,1,"LSMS-ISA2015",2015,1,37,3706,6,0,370035,5,0,0,0,0,0,0,0,0,3080,4820.2861328125,0,0,4866.666796875,0,0,0,5840,0,0,3365.13208007813,0,0,0,0,2607.1427734375,0,2085.7142578125,0,0,0,0,0,2085.7142578125,0,0,0,2190,2502.8572265625,521.428564453125,1668.571484375,0,1668.571484375,0,760.42080078125,0,4091.43642578125,0,0,997.2955078125,0,0,0,0,0,0,0,2113.523828125,0,1596.039453125,0,0,0,0,131.4,0,0,46992.19921875,14621.9765625
"NGA",3,1,"LSMS-ISA2015",2015,1,26,2609,0,1,370036,6,0,2000,0,811.111083984375,0,608.333333333333,0,0,6400,420.238128662109,0,0,5069.4443359375,0,2172.61897786458,0,8111.111328125,2027.77783203125,0,9379.1376953125,0,1564.28564453125,0,2085.71435546875,6952.380859375,5214.28580729167,2607.14290364583,0,3476.1904296875,1738.09521484375,0,3910.71419270833,2172.61897786458,3302.380859375,4171.42854817708,1303.57145182292,2259.52380371094,2172.61897786458,1564.28564453125,1216.66666666667,0,14339.2853190104,869.047607421875,0,0,0,0,0,0,0,0,0,0,0,0,0,0,0,0,0,0,0,0,0,0,0,97920.0078125,14621.9765625
"NGA",3,1,"LSMS-ISA2015",2015,1,37,3706,6,0,370037,5,0,0,0,0,0,0,0,0,960,2077.619140625,0,0,0,0,20857.1421875,0,2190,0,0,8171.15625,0,0,0,0,2607.1427734375,0,1251.42861328125,0,1564.2857421875,0,0,5214.285546875,1251.42861328125,0,0,0,1981.42856445313,2294.2857421875,521.428564453125,2502.8572265625,0,11888.5712890625,0,1520.8416015625,0,4095.3869140625,0,0,0,0,0,0,0,0,0,0,1651.19052734375,0,0,0,0,0,0,0.365000009536743,0,0,72600.84375,14621.9765625
"NGA",3,1,"LSMS-ISA2015",2015,1,37,3706,6,0,370038,4,0,0,0,0,0,456.25,0,0,1850,530.357177734375,0,0,0,0,0,0,4866.66650390625,750,0,4206.4150390625,0,0,0,0,4562.5,0,2607.14282226563,0,2607.14282226563,0,0,6517.85693359375,6517.85693359375,0,0,3910.71423339844,1955.35711669922,0,651.785705566406,2737.50006103516,0,2085.71435546875,0,1901.05200195313,0,3952.60205078125,0,0,0,0,0,0,0,0,0,0,2455.05944824219,0,820.16374206543,1160.32189941406,0,0,0,0.456250011920929,0,0,57102.9140625,14621.9765625
"NGA",3,1,"LSMS-ISA2015",2015,1,37,3706,6,0,370039,9,0,0,0,6759.25911458333,0,0,0,0,6377.77777777778,3249.20629882813,0,0,13518.5182291667,0,9269.84114583333,0,21629.630859375,0,0,46221.2890625,0,0,0,0,0,0,0,0,4634.92057291667,0,0,6952.38107638889,0,1158.73014322917,2723.01584201389,0,6952.380859375,0,0,3707.93663194444,0,15295.2378472222,1390.47623697917,1267.36794704861,0,2124.33865017361,5343.39322916667,0,1135.66417100694,0,0,0,0,0,0,0,0,0,930.721896701389,1915.08810763889,873.902615017361,0,0,183.31110297309,0,0,163614.40625,14621.9765625
"NGA",3,1,"LSMS-ISA2015",2015,1,37,3706,6,0,370040,6,0,0,0,0,0,0,0,0,1233.33333333333,1253.57141113281,0,0,0,0,3910.71419270833,0,4055.5556640625,0,0,2804.27661132813,0,0,0,0,2172.61897786458,0,1042.85717773438,0,869.047607421875,0,0,0,2085.71435546875,0,0,0,1303.57141113281,2172.61897786458,434.523803710938,1390.47623697917,0,1390.47623697917,434.523803710938,1901.05192057292,0,4373.16324869792,0,0,0,0,0,0,0,0,0,0,1297.77779134115,0,2403.97745768229,0,0,0,0,109.5,0,0,36639.35546875,14621.9765625
